param truth est truth_n est_n
CL0 1.02243 1.13827 -0.8287 -1.2379
CL0 1.06576 1.13912 -0.5264 -0.9984
CL0 1.22757 1.14531 0.6025 0.7501
CL0 1.16476 1.14405 0.1643 0.3936
CL0 1.02486 1.13640 -0.8117 -1.7669
CL0 1.12204 1.14219 -0.1337 -0.1301
CL0 1.13520 1.14375 -0.0419 0.3102
CL0 1.04367 1.13885 -0.6805 -1.0746
CL0 1.20845 1.14610 0.4692 0.9743
CL0 1.03046 1.13764 -0.7727 -1.4149
CL0 1.11003 1.14274 -0.2175 0.0235
CL0 1.14601 1.14207 0.0335 -0.1658
CL0 1.12132 1.13991 -0.1387 -0.7743
CL0 1.16609 1.14281 0.1736 0.0432
CL0 1.20938 1.14703 0.4757 1.2362
CL0 1.27200 1.14734 0.9125 1.3247
CL0 1.07935 1.13948 -0.4316 -0.8972
CL0 1.18379 1.14359 0.2971 0.2660
CL0 1.19745 1.14438 0.3924 0.4895
CL0 1.08179 1.14049 -0.4146 -0.6101
CL0 0.99831 1.13691 -0.9970 -1.6220
CL0 1.27693 1.14758 0.9469 1.3932
CL0 1.08342 1.13973 -0.4032 -0.8270
CL0 1.08788 1.13874 -0.3720 -1.1064
CL0 1.25349 1.14807 0.7834 1.5294
CL0 1.16562 1.14524 0.1703 0.7299
CL0 1.13298 1.14082 -0.0574 -0.5174
CL0 1.21954 1.14656 0.5466 1.1033
CL0 1.00658 1.13800 -0.9393 -1.3140
CL0 1.20053 1.14387 0.4139 0.3452
CL0 1.10516 1.14213 -0.2515 -0.1470
CL0 1.02392 1.13725 -0.8183 -1.5278
CL0 1.18721 1.14386 0.3210 0.3413
CL0 1.26489 1.14792 0.8629 1.4895
CL0 1.05727 1.13999 -0.5856 -0.7527
CL0 1.17850 1.14412 0.2602 0.4147
CL0 1.08335 1.13987 -0.4037 -0.7853
CL0 1.21051 1.14321 0.4835 0.1571
CL0 1.20489 1.14709 0.4443 1.2540
CL0 1.06058 1.13893 -0.5626 -1.0514
CL0 1.23577 1.14495 0.6598 0.6486
CL0 1.18640 1.14320 0.3153 0.1560
CL0 1.19361 1.14477 0.3656 0.5995
CL0 1.23296 1.14508 0.6402 0.6849
CL0 1.12073 1.14081 -0.1429 -0.5202
CL0 1.21537 1.14660 0.5174 1.1150
CL0 1.24970 1.14635 0.7570 1.0456
CL0 1.02721 1.13691 -0.7954 -1.6225
CL0 1.24147 1.14720 0.6995 1.2851
CL0 1.11080 1.14120 -0.2121 -0.4098
CL0 1.13538 1.14115 -0.0406 -0.4242
CL0 1.03983 1.13741 -0.7073 -1.4825
CL0 1.19809 1.14574 0.3969 0.8726
CL0 1.08158 1.14129 -0.4160 -0.3841
CL0 1.24760 1.14987 0.7423 2.0390
CL0 1.07682 1.13854 -0.4493 -1.1622
CL0 1.15892 1.14303 0.1236 0.1054
CL0 1.11244 1.14225 -0.2007 -0.1151
CL0 1.17357 1.14446 0.2258 0.5101
CL0 1.05425 1.13844 -0.6067 -1.1908
CL0 1.04956 1.13801 -0.6394 -1.3123
CL0 1.21197 1.14443 0.4937 0.5026
CL0 1.21351 1.15300 0.5044 2.9224
CL0 1.16041 1.14416 0.1340 0.4266
CL0 1.26191 1.14505 0.8422 0.6779
CL0 1.05687 1.13963 -0.5884 -0.8539
CL0 1.24179 1.14700 0.7018 1.2292
CL0 1.04632 1.14030 -0.6620 -0.6659
CL0 1.27432 1.14814 0.9287 1.5497
CL0 1.17666 1.14202 0.2474 -0.1794
CL0 1.17185 1.14246 0.2138 -0.0554
CL0 1.27609 1.14793 0.9411 1.4923
CL0 1.22349 1.15053 0.5741 2.2248
CL0 1.22431 1.14701 0.5798 1.2299
CL0 1.01339 1.13803 -0.8918 -1.3069
CL0 1.10374 1.14382 -0.2614 0.3291
CL0 1.02221 1.13873 -0.8302 -1.1070
CL0 1.05335 1.13952 -0.6129 -0.8858
CL0 1.05919 1.13924 -0.5723 -0.9632
CL0 1.24401 1.14269 0.7173 0.0100
CL0 1.03421 1.13939 -0.7465 -0.9232
CL0 1.08295 1.14017 -0.4065 -0.7005
CL0 1.13916 1.14192 -0.0143 -0.2062
CL0 1.24138 1.14661 0.6989 1.1172
CL0 1.27457 1.14818 0.9305 1.5607
CL0 1.20087 1.14421 0.4163 0.4408
CL0 1.05913 1.13770 -0.5726 -1.3980
CL0 1.15410 1.14251 0.0900 -0.0417
CL0 1.20025 1.14462 0.4119 0.5573
CL0 1.01275 1.13850 -0.8962 -1.1726
CL0 1.19277 1.14225 0.3598 -0.1142
CL0 1.10345 1.13986 -0.2634 -0.7882
CL0 1.16692 1.14413 0.1794 0.4166
CL0 1.18980 1.14571 0.3391 0.8651
CL0 1.18969 1.14336 0.3383 0.2002
CL0 1.14781 1.14440 0.0461 0.4931
CL0 1.15690 1.14120 0.1095 -0.4098
CL0 1.05468 1.13858 -0.6037 -1.1518
CL0 1.13983 1.14157 -0.0096 -0.3046
CL0 1.03383 1.13804 -0.7492 -1.3031
CLa 3.09151 3.19197 -0.0385 0.7610
CLa 3.17813 3.19048 0.0725 0.7354
CLa 3.54938 3.16463 0.5482 0.2918
CLa 2.95559 3.13728 -0.2127 -0.1774
CLa 2.37176 3.14498 -0.9608 -0.0453
CLa 3.16487 3.17289 0.0555 0.4335
CLa 2.66149 3.12915 -0.5895 -0.3169
CLa 3.49811 3.21702 0.4825 1.1908
CLa 2.94784 3.12107 -0.2226 -0.4555
CLa 2.93500 3.18408 -0.2391 0.6256
CLa 3.76063 3.20037 0.8189 0.9051
CLa 2.95451 3.14451 -0.2141 -0.0533
CLa 2.88565 3.15386 -0.3023 0.1071
CLa 2.88435 3.14296 -0.3040 -0.0799
CLa 3.09154 3.12608 -0.0385 -0.3695
CLa 2.48678 2.97967 -0.8134 -2.8816
CLa 3.19452 3.18262 0.0935 0.6004
CLa 3.77932 3.17939 0.8429 0.5451
CLa 3.21977 3.14687 0.1258 -0.0129
CLa 3.50225 3.19567 0.4878 0.8245
CLa 3.81945 3.22477 0.8943 1.3237
CLa 3.65553 3.14617 0.6842 -0.0248
CLa 3.50240 3.20039 0.4880 0.9053
CLa 3.61034 3.20072 0.6263 0.9112
CLa 3.62123 3.16223 0.6403 0.2507
CLa 2.73723 3.12881 -0.4925 -0.3228
CLa 3.09341 3.15958 -0.0361 0.2052
CLa 2.87608 3.10935 -0.3146 -0.6566
CLa 2.74968 3.17758 -0.4765 0.5141
CLa 3.23324 3.14310 0.1431 -0.0776
CLa 2.83732 3.15981 -0.3642 0.2091
CLa 3.30676 3.19889 0.2373 0.8797
CLa 3.25019 3.16364 0.1648 0.2749
CLa 2.50411 3.00174 -0.7912 -2.5030
CLa 3.03169 3.17762 -0.1152 0.5147
CLa 2.94965 3.12847 -0.2203 -0.3286
CLa 3.44410 3.18845 0.4133 0.7006
CLa 2.47873 2.96981 -0.8237 -3.0508
CLa 2.60488 3.01927 -0.6621 -2.2022
CLa 3.14122 3.18817 0.0252 0.6957
CLa 2.97265 3.11668 -0.1908 -0.5309
CLa 3.37963 3.16728 0.3307 0.3373
CLa 2.86069 3.12194 -0.3343 -0.4407
CLa 2.64898 2.96955 -0.6056 -3.0553
CLa 3.79558 3.19990 0.8637 0.8970
CLa 2.72184 3.10295 -0.5122 -0.7665
CLa 2.57070 2.97136 -0.7059 -3.0243
CLa 2.77802 3.18016 -0.4402 0.5583
CLa 2.87140 3.10510 -0.3206 -0.7296
CLa 2.69253 3.15318 -0.5498 0.0954
CLa 3.17824 3.16976 0.0726 0.3799
CLa 3.80352 3.22180 0.8739 1.2728
CLa 2.53786 2.98189 -0.7480 -2.8436
CLa 2.98915 3.16942 -0.1697 0.3741
CLa 3.38402 3.15013 0.3363 0.0431
CLa 3.72202 3.20534 0.7694 0.9904
CLa 3.90164 3.19772 0.9996 0.8596
CLa 2.56536 3.12295 -0.7127 -0.4232
CLa 3.17977 3.15119 0.0746 0.0613
CLa 3.71653 3.20293 0.7624 0.9491
CLa 2.42394 3.14392 -0.8939 -0.0634
CLa 3.25937 3.14514 0.1766 -0.0426
CLa 2.61261 3.01696 -0.6522 -2.2419
CLa 3.53958 3.17878 0.5357 0.5346
CLa 3.80461 3.16181 0.8753 0.2434
CLa 3.18132 3.19077 0.0766 0.7404
CLa 2.35516 2.97334 -0.9821 -2.9904
CLa 2.44145 3.14884 -0.8715 0.0210
CLa 2.98999 3.10971 -0.1686 -0.6504
CLa 3.66362 3.17907 0.6946 0.5395
CLa 2.71071 3.11538 -0.5265 -0.5532
CLa 3.38555 3.13403 0.3383 -0.2332
CLa 2.97377 3.12809 -0.1894 -0.3351
CLa 2.75502 3.09813 -0.4697 -0.8491
CLa 3.43979 3.20510 0.4078 0.9863
CLa 2.82229 3.15755 -0.3835 0.1705
CLa 2.92159 3.18473 -0.2562 0.6367
CLa 3.53565 3.20722 0.5306 1.0226
CLa 3.11407 3.17816 -0.0096 0.5240
CLa 3.56469 3.16138 0.5678 0.2360
CLa 3.14700 3.19511 0.0326 0.8148
CLa 2.59085 3.14795 -0.6801 0.0057
CLa 3.03368 3.15918 -0.1126 0.1984
CLa 3.70336 3.16096 0.7455 0.2289
CLa 3.22288 3.11518 0.1298 -0.5566
CLa 3.84703 3.16664 0.9296 0.3264
CLa 2.34296 3.13318 -0.9977 -0.2477
CLa 2.87241 3.14348 -0.3193 -0.0710
CLa 3.54149 3.16169 0.5381 0.2414
CLa 3.41210 3.20956 0.3723 1.0627
CLa 3.21673 3.14417 0.1220 -0.0592
CLa 3.37713 3.18541 0.3275 0.6483
CLa 3.70909 3.19273 0.7529 0.7740
CLa 3.40804 3.16841 0.3671 0.3568
CLa 3.19527 3.15182 0.0945 0.0721
CLa 3.21906 3.16722 0.1249 0.3363
CLa 3.38124 3.17719 0.3328 0.5073
CLa 2.84673 3.17318 -0.3522 0.4385
CLa 3.38601 3.17472 0.3389 0.4650
CLa 3.30106 3.20075 0.2300 0.9116
CD0 0.15833 0.13941 0.5718 1.5196
CD0 0.13143 0.13601 -0.0395 0.2283
CD0 0.09155 0.13018 -0.9460 -1.9805
CD0 0.13642 0.13493 0.0738 -0.1812
CD0 0.16465 0.13569 0.7154 0.1083
CD0 0.14549 0.13704 0.2800 0.6213
CD0 0.14580 0.13527 0.2869 -0.0531
CD0 0.12358 0.13660 -0.2181 0.4522
CD0 0.12055 0.13184 -0.2869 -1.3538
CD0 0.15244 0.13777 0.4378 0.8964
CD0 0.09602 0.13252 -0.8444 -1.0935
CD0 0.16542 0.13653 0.7329 0.4276
CD0 0.16629 0.13554 0.7526 0.0497
CD0 0.17387 0.13694 0.9249 0.5820
CD0 0.10111 0.13180 -0.7286 -1.3690
CD0 0.09932 0.13759 -0.7692 0.8279
CD0 0.16785 0.13844 0.7880 1.1514
CD0 0.12447 0.13648 -0.1977 0.4070
CD0 0.11296 0.13240 -0.4593 -1.1414
CD0 0.12281 0.13670 -0.2356 0.4917
CD0 0.14721 0.13967 0.3190 1.6196
CD0 0.10338 0.13369 -0.6770 -0.6514
CD0 0.13204 0.13745 -0.0257 0.7741
CD0 0.14726 0.13882 0.3201 1.2942
CD0 0.15260 0.13587 0.4415 0.1766
CD0 0.09025 0.13083 -0.9755 -1.7358
CD0 0.16053 0.13708 0.6218 0.6363
CD0 0.12738 0.13279 -0.1316 -0.9927
CD0 0.12752 0.13618 -0.1284 0.2956
CD0 0.13866 0.13567 0.1247 0.1003
CD0 0.11382 0.13329 -0.4397 -0.8027
CD0 0.16720 0.13967 0.7734 1.6188
CD0 0.10784 0.13169 -0.5757 -1.4078
CD0 0.13693 0.13607 0.0854 0.2530
CD0 0.10396 0.13282 -0.6639 -0.9813
CD0 0.14339 0.13387 0.2322 -0.5838
CD0 0.16854 0.13954 0.8038 1.5702
CD0 0.16684 0.13619 0.7653 0.2983
CD0 0.10102 0.12988 -0.7306 -2.0945
CD0 0.14416 0.13849 0.2497 1.1695
CD0 0.16772 0.13524 0.7851 -0.0637
CD0 0.10680 0.13294 -0.5994 -0.9338
CD0 0.12567 0.13339 -0.1705 -0.7654
CD0 0.15193 0.13698 0.4263 0.5976
CD0 0.15412 0.13912 0.4762 1.4102
CD0 0.12888 0.13245 -0.0976 -1.1209
CD0 0.14537 0.13695 0.2772 0.5846
CD0 0.14804 0.13766 0.3378 0.8549
CD0 0.12025 0.13226 -0.2938 -1.1937
CD0 0.14655 0.13502 0.3041 -0.1458
CD0 0.13998 0.13574 0.1548 0.1254
CD0 0.15054 0.14018 0.3948 1.8099
CD0 0.13420 0.13333 0.0233 -0.7887
CD0 0.11878 0.13420 -0.3271 -0.4586
CD0 0.12740 0.13445 -0.1312 -0.3610
CD0 0.17035 0.13998 0.8449 1.7358
CD0 0.10568 0.13388 -0.6249 -0.5789
CD0 0.10222 0.13086 -0.7034 -1.7245
CD0 0.09024 0.13259 -0.9757 -1.0670
CD0 0.16416 0.13967 0.7043 1.6182
CD0 0.17617 0.13706 0.9773 0.6264
CD0 0.10998 0.13314 -0.5271 -0.8576
CD0 0.11259 0.13053 -0.4678 -1.8488
CD0 0.10663 0.13291 -0.6033 -0.9484
CD0 0.14199 0.13504 0.2004 -0.1394
CD0 0.13186 0.13763 -0.0298 0.8424
CD0 0.16138 0.13550 0.6412 0.0372
CD0 0.10763 0.13383 -0.5806 -0.5975
CD0 0.16643 0.13501 0.7559 -0.1488
CD0 0.13000 0.13574 -0.0721 0.1255
CD0 0.16026 0.13418 0.6157 -0.4641
CD0 0.15975 0.13535 0.6042 -0.0205
CD0 0.16932 0.13560 0.8215 0.0739
CD0 0.13307 0.13175 -0.0024 -1.3855
CD0 0.14282 0.13995 0.2192 1.7259
CD0 0.13854 0.13338 0.1221 -0.7679
CD0 0.10592 0.13294 -0.6194 -0.9341
CD0 0.13331 0.13821 0.0030 1.0657
CD0 0.17071 0.13977 0.8532 1.6562
CD0 0.16915 0.13627 0.8178 0.3283
CD0 0.09106 0.13051 -0.9570 -1.8583
CD0 0.14755 0.13416 0.3267 -0.4735
CD0 0.11793 0.13437 -0.3465 -0.3922
CD0 0.10113 0.13198 -0.7281 -1.2992
CD0 0.10144 0.13154 -0.7211 -1.4677
CD0 0.15913 0.13829 0.5899 1.0937
CD0 0.17358 0.13664 0.9183 0.4672
CD0 0.13495 0.13465 0.0405 -0.2880
CD0 0.12292 0.13575 -0.2330 0.1325
CD0 0.13404 0.14015 0.0198 1.8017
CD0 0.16215 0.13527 0.6586 -0.0524
CD0 0.15489 0.13934 0.4935 1.4910
CD0 0.09481 0.13325 -0.8718 -0.8193
CD0 0.10787 0.13387 -0.5749 -0.5821
CD0 0.16553 0.13603 0.7354 0.2358
CD0 0.13256 0.13488 -0.0138 -0.2006
CD0 0.14705 0.13595 0.3155 0.2068
CD0 0.15759 0.13792 0.5550 0.9532
CD0 0.14519 0.13663 0.2732 0.4639
CD0 0.15375 0.13946 0.4678 1.5368
k 0.06173 0.06002 0.0913 0.2655
k 0.05219 0.05973 -0.5413 -1.3010
k 0.05091 0.05985 -0.6258 -0.6554
k 0.07525 0.06011 0.9871 0.7226
k 0.04558 0.05984 -0.9790 -0.7033
k 0.06612 0.06007 0.3818 0.5090
k 0.07184 0.06017 0.7613 1.0276
k 0.05225 0.05969 -0.5372 -1.5544
k 0.04673 0.06005 -0.9029 0.4044
k 0.05731 0.05976 -0.2015 -1.1373
k 0.05522 0.06000 -0.3401 0.1113
k 0.05920 0.06013 -0.0768 0.8305
k 0.05816 0.05997 -0.1452 -0.0088
k 0.07369 0.06003 0.8840 0.2937
k 0.04887 0.06009 -0.7613 0.5987
k 0.07375 0.06015 0.8880 0.9404
k 0.04665 0.05985 -0.9085 -0.6547
k 0.07358 0.06011 0.8765 0.7141
k 0.05532 0.06005 -0.3340 0.4241
k 0.06721 0.06009 0.4542 0.5957
k 0.04536 0.05960 -0.9938 -2.0129
k 0.05876 0.06013 -0.1054 0.8541
k 0.06572 0.05953 0.3555 -2.3883
k 0.06423 0.05949 0.2566 -2.5973
k 0.06960 0.06002 0.6127 0.2281
k 0.04990 0.05967 -0.6932 -1.6292
k 0.05737 0.06012 -0.1976 0.7870
k 0.06379 0.06013 0.2274 0.8472
k 0.04613 0.05985 -0.9425 -0.6973
k 0.07048 0.06012 0.6713 0.7528
k 0.05783 0.05978 -0.1675 -1.0723
k 0.05269 0.05957 -0.5078 -2.1845
k 0.05198 0.05966 -0.5551 -1.6752
k 0.06491 0.06019 0.3018 1.1499
k 0.04671 0.05975 -0.9043 -1.1855
k 0.05264 0.06008 -0.5111 0.5443
k 0.05444 0.06000 -0.3922 0.1345
k 0.05307 0.06013 -0.4830 0.8365
k 0.06731 0.06018 0.4612 1.1099
k 0.06314 0.06004 0.1849 0.3726
k 0.07255 0.06023 0.8079 1.3485
k 0.06642 0.05999 0.4020 0.0674
k 0.05415 0.06014 -0.4111 0.8589
k 0.05505 0.06015 -0.3515 0.9137
k 0.04899 0.06001 -0.7535 0.2062
k 0.05259 0.06014 -0.5149 0.8945
k 0.06351 0.06020 0.2092 1.2127
k 0.06733 0.05952 0.4620 -2.4590
k 0.05420 0.06008 -0.4082 0.5465
k 0.05565 0.05969 -0.3115 -1.5141
k 0.06950 0.05977 0.6058 -1.1055
k 0.07419 0.06007 0.9170 0.4889
k 0.04782 0.06016 -0.8306 0.9639
k 0.04742 0.05988 -0.8575 -0.5125
k 0.06818 0.06005 0.5184 0.3824
k 0.06022 0.06008 -0.0086 0.5742
k 0.05809 0.05998 -0.1500 0.0285
k 0.06439 0.05985 0.2671 -0.6764
k 0.06821 0.06012 0.5208 0.8021
k 0.04737 0.05975 -0.8603 -1.1871
k 0.07429 0.06006 0.9236 0.4687
k 0.07418 0.06011 0.9161 0.7330
k 0.05784 0.06001 -0.1667 0.1751
k 0.05944 0.05981 -0.0609 -0.9010
k 0.05348 0.06006 -0.4554 0.4315
k 0.06299 0.05984 0.1750 -0.7226
k 0.05146 0.06019 -0.5897 1.1325
k 0.06140 0.05963 0.0692 -1.8441
k 0.07256 0.06015 0.8087 0.9233
k 0.06054 0.06013 0.0124 0.8182
k 0.07023 0.06010 0.6542 0.6515
k 0.05067 0.06016 -0.6416 0.9818
k 0.07193 0.06011 0.7670 0.7150
k 0.04898 0.06008 -0.7536 0.5874
k 0.05169 0.05991 -0.5743 -0.3638
k 0.06700 0.05980 0.4405 -0.9207
k 0.05438 0.05969 -0.3960 -1.5239
k 0.04885 0.05987 -0.7622 -0.5657
k 0.04789 0.06013 -0.8264 0.8229
k 0.06921 0.06010 0.5866 0.6737
k 0.04586 0.05955 -0.9605 -2.2666
k 0.04697 0.05971 -0.8873 -1.4193
k 0.07380 0.06008 0.8910 0.5834
k 0.06887 0.06004 0.5643 0.3506
k 0.05644 0.06020 -0.2591 1.2056
k 0.05107 0.06018 -0.6152 1.0988
k 0.07144 0.06020 0.7344 1.1831
k 0.06904 0.06003 0.5753 0.2969
k 0.06544 0.06010 0.3370 0.6693
k 0.06127 0.06008 0.0608 0.5814
k 0.06112 0.06002 0.0505 0.2551
k 0.07478 0.06014 0.9559 0.8729
k 0.06103 0.05990 0.0446 -0.3818
k 0.04780 0.05978 -0.8319 -1.0535
k 0.04752 0.06014 -0.8504 0.8954
k 0.06324 0.05983 0.1911 -0.8044
k 0.06738 0.06003 0.4654 0.3174
k 0.06422 0.06004 0.2565 0.3212
k 0.06768 0.05997 0.4856 -0.0268
k 0.05414 0.05990 -0.4116 -0.3827
kappa 2.27488 2.74707 -0.2577 -0.2534
kappa 1.81647 2.74000 -0.4693 -0.6810
kappa 2.28125 2.74933 -0.2548 -0.1167
kappa 1.82206 2.73622 -0.4667 -0.9096
kappa 4.28127 2.76889 0.6683 1.0667
kappa 1.30725 2.71812 -0.7043 -2.0049
kappa 1.56752 2.72127 -0.5842 -1.8144
kappa 3.76099 2.76869 0.4282 1.0547
kappa 2.39099 2.75295 -0.2042 0.1021
kappa 2.14550 2.76095 -0.3175 0.5866
kappa 4.88930 2.77103 0.9489 1.1959
kappa 4.53981 2.77591 0.7876 1.4911
kappa 1.61542 2.74506 -0.5621 -0.3749
kappa 1.33983 2.74029 -0.6893 -0.6633
kappa 2.80025 2.75436 -0.0153 0.1877
kappa 3.15449 2.77088 0.1482 1.1870
kappa 2.16915 2.76324 -0.3065 0.7250
kappa 3.22955 2.75760 0.1829 0.3836
kappa 3.60546 2.76450 0.3564 0.8012
kappa 4.19671 2.76248 0.6292 0.6789
kappa 1.71606 2.75706 -0.5157 0.3507
kappa 3.46215 2.75896 0.2902 0.4661
kappa 0.91842 2.73549 -0.8838 -0.9537
kappa 0.94750 2.73914 -0.8704 -0.7334
kappa 0.90654 2.72726 -0.8893 -1.4516
kappa 1.17095 2.72725 -0.7673 -1.4522
kappa 4.05428 2.76880 0.5635 1.0612
kappa 2.27377 2.74588 -0.2583 -0.3257
kappa 2.80222 2.75287 -0.0144 0.0972
kappa 2.62057 2.75991 -0.0982 0.5234
kappa 1.56397 2.74066 -0.5859 -0.6412
kappa 0.86503 2.73257 -0.9084 -1.1308
kappa 1.45460 2.73612 -0.6363 -0.9157
kappa 4.38593 2.77292 0.7166 1.3106
kappa 2.13407 2.74742 -0.3227 -0.2320
kappa 2.48899 2.76006 -0.1589 0.5322
kappa 1.81241 2.74339 -0.4712 -0.4763
kappa 3.87858 2.77603 0.4824 1.4987
kappa 3.71025 2.75569 0.4047 0.2682
kappa 2.32993 2.74170 -0.2323 -0.5784
kappa 2.86100 2.75505 0.0128 0.2295
kappa 2.38186 2.74467 -0.2084 -0.3985
kappa 3.15108 2.76130 0.1467 0.6074
kappa 3.23889 2.77694 0.1872 1.5537
kappa 3.16894 2.75785 0.1549 0.3990
kappa 4.57352 2.76628 0.8032 0.9086
kappa 4.78441 2.77300 0.9005 1.3154
kappa 0.88939 2.72676 -0.8972 -1.4822
kappa 2.31224 2.75544 -0.2405 0.2529
kappa 0.84151 2.72308 -0.9193 -1.7045
kappa 2.29030 2.76043 -0.2506 0.5548
kappa 4.14661 2.76318 0.6061 0.7210
kappa 3.61114 2.76718 0.3590 0.9629
kappa 3.12511 2.76378 0.1347 0.7577
kappa 1.04064 2.72607 -0.8274 -1.5236
kappa 4.18260 2.76871 0.6227 1.0557
kappa 3.32057 2.76171 0.2249 0.6325
kappa 1.97808 2.75052 -0.3947 -0.0449
kappa 4.06977 2.75568 0.5707 0.2677
kappa 0.83594 2.72076 -0.9219 -1.8449
kappa 1.47936 2.73495 -0.6249 -0.9867
kappa 4.08619 2.77251 0.5782 1.2857
kappa 0.86558 2.72481 -0.9082 -1.6001
kappa 1.23931 2.73600 -0.7357 -0.9230
kappa 2.84034 2.76422 0.0032 0.7841
kappa 3.74386 2.76644 0.4202 0.9184
kappa 3.22012 2.76302 0.1785 0.7115
kappa 0.82675 2.71769 -0.9261 -2.0306
kappa 1.85747 2.74636 -0.4504 -0.2965
kappa 3.72690 2.76149 0.4124 0.6188
kappa 2.17636 2.75087 -0.3032 -0.0234
kappa 1.50828 2.72425 -0.6116 -1.6342
kappa 0.67653 2.72207 -0.9954 -1.7660
kappa 1.80508 2.74156 -0.4746 -0.5870
kappa 4.70003 2.77289 0.8616 1.3085
kappa 0.88135 2.72906 -0.9009 -1.3427
kappa 3.06363 2.76323 0.1063 0.7243
kappa 4.60860 2.77050 0.8194 1.1640
kappa 3.70261 2.75832 0.4012 0.4273
kappa 1.88422 2.75167 -0.4381 0.0246
kappa 3.47719 2.77450 0.2972 1.4063
kappa 1.18405 2.73257 -0.7612 -1.1307
kappa 2.82854 2.74619 -0.0022 -0.3064
kappa 1.80727 2.73897 -0.4736 -0.7432
kappa 4.46125 2.77150 0.7513 1.2245
kappa 4.41921 2.75663 0.7319 0.3250
kappa 3.96793 2.75905 0.5237 0.4711
kappa 2.29410 2.74731 -0.2489 -0.2387
kappa 4.12006 2.76986 0.5939 1.1255
kappa 4.91275 2.75343 0.9597 0.1315
kappa 2.26758 2.75105 -0.2611 -0.0123
kappa 2.94251 2.74899 0.0504 -0.1370
kappa 1.37056 2.72146 -0.6751 -1.8027
kappa 1.13610 2.72727 -0.7833 -1.4512
kappa 3.78728 2.76301 0.4403 0.7107
kappa 0.92788 2.73183 -0.8794 -1.1751
kappa 3.27253 2.76753 0.2027 0.9843
kappa 1.15899 2.72252 -0.7728 -1.7388
kappa 3.56579 2.77147 0.3381 1.2225
kappa 3.93164 2.77238 0.5069 1.2778
g 0.99409 0.95172 0.8818 0.9705
g 0.93899 0.95155 -0.2202 0.0665
g 0.93895 0.95154 -0.2210 0.0004
g 0.93996 0.95170 -0.2007 0.8716
g 0.97058 0.95143 0.4116 -0.5310
g 0.97877 0.95180 0.5754 1.3903
g 0.91157 0.95169 -0.7685 0.8096
g 0.93248 0.95130 -0.3505 -1.2190
g 0.90552 0.95157 -0.8895 0.1827
g 0.92349 0.95146 -0.5302 -0.3797
g 0.97337 0.95133 0.4675 -1.0764
g 0.99368 0.95158 0.8736 0.2159
g 0.99803 0.95180 0.9607 1.3528
g 0.90682 0.95153 -0.8637 -0.0418
g 0.94019 0.95160 -0.1962 0.3532
g 0.98724 0.95188 0.7449 1.8117
g 0.95048 0.95160 0.0096 0.3362
g 0.93495 0.95148 -0.3010 -0.3174
g 0.97824 0.95161 0.5647 0.3957
g 0.98643 0.95151 0.7287 -0.1109
g 0.91459 0.95143 -0.7081 -0.5676
g 0.95172 0.95154 0.0343 0.0212
g 0.91472 0.95097 -0.7056 -2.9431
g 0.91802 0.95111 -0.6396 -2.2192
g 0.95307 0.95144 0.0613 -0.4997
g 0.92528 0.95145 -0.4944 -0.4572
g 0.98050 0.95152 0.6101 -0.0681
g 0.93654 0.95173 -0.2692 1.0090
g 0.91813 0.95139 -0.6374 -0.7716
g 0.96292 0.95169 0.2585 0.8003
g 0.92620 0.95161 -0.4759 0.3771
g 0.90664 0.95114 -0.8672 -2.0846
g 0.99991 0.95170 0.9982 0.8450
g 0.91843 0.95155 -0.6315 0.0581
g 0.91313 0.95145 -0.7374 -0.4476
g 0.94806 0.95165 -0.0389 0.6112
g 0.90040 0.95146 -0.9921 -0.4166
g 0.97893 0.95172 0.5787 0.9687
g 0.90752 0.95156 -0.8496 0.1368
g 0.90395 0.95145 -0.9209 -0.4584
g 0.99660 0.95180 0.9321 1.3562
g 0.95167 0.95161 0.0335 0.3836
g 0.99288 0.95178 0.8575 1.2641
g 0.98971 0.95179 0.7942 1.3072
g 0.97340 0.95164 0.4680 0.5631
g 0.90297 0.95147 -0.9407 -0.3673
g 0.96438 0.95173 0.2875 1.0251
g 0.90650 0.95089 -0.8699 -3.3728
g 0.90107 0.95163 -0.9787 0.5030
g 0.98444 0.95134 0.6888 -1.0178
g 0.93068 0.95158 -0.3864 0.2283
g 0.97472 0.95147 0.4943 -0.3375
g 0.95298 0.95171 0.0596 0.8859
g 0.97841 0.95166 0.5682 0.6351
g 0.96398 0.95175 0.2796 1.1333
g 0.99728 0.95143 0.9455 -0.5375
g 0.94748 0.95134 -0.0505 -1.0091
g 0.98532 0.95183 0.7064 1.5320
g 0.98218 0.95157 0.6436 0.1632
g 0.95867 0.95134 0.1734 -1.0131
g 0.95063 0.95170 0.0127 0.8530
g 0.94302 0.95160 -0.1397 0.3132
g 0.96460 0.95161 0.2921 0.4007
g 0.91958 0.95148 -0.6083 -0.3016
g 0.94392 0.95153 -0.1216 -0.0464
g 0.96471 0.95153 0.2942 -0.0371
g 0.93074 0.95168 -0.3853 0.7653
g 0.92167 0.95111 -0.5666 -2.2396
g 0.91063 0.95161 -0.7873 0.3939
g 0.98045 0.95156 0.6090 0.1415
g 0.98757 0.95189 0.7515 1.8250
g 0.98340 0.95183 0.6680 1.5432
g 0.97065 0.95148 0.4130 -0.2833
g 0.96046 0.95185 0.2092 1.6474
g 0.90579 0.95118 -0.8841 -1.8291
g 0.98807 0.95168 0.7614 0.7746
g 0.94735 0.95141 -0.0529 -0.6494
g 0.96866 0.95126 0.3731 -1.4283
g 0.91211 0.95139 -0.7579 -0.7796
g 0.97458 0.95174 0.4915 1.0787
g 0.91469 0.95123 -0.7063 -1.5774
g 0.99584 0.95171 0.9168 0.9178
g 0.97106 0.95169 0.4213 0.8028
g 0.95306 0.95164 0.0613 0.5272
g 0.96533 0.95164 0.3066 0.5489
g 0.92298 0.95133 -0.5404 -1.0667
g 0.94991 0.95161 -0.0019 0.3629
g 0.90861 0.95154 -0.8278 0.0168
g 0.92795 0.95146 -0.4409 -0.4197
g 0.92855 0.95131 -0.4290 -1.1963
g 0.91651 0.95133 -0.6697 -1.0633
g 0.94161 0.95156 -0.1678 0.1381
g 0.90632 0.95149 -0.8735 -0.2268
g 0.90258 0.95133 -0.9484 -1.0531
g 0.93327 0.95154 -0.3347 0.0020
g 0.99914 0.95171 0.9828 0.8874
g 0.97271 0.95150 0.4541 -0.1620
g 0.94277 0.95158 -0.1445 0.2308
g 0.91994 0.95133 -0.6012 -1.0584
g 0.91215 0.95133 -0.7569 -1.0528
lam_c 2.44402 2.66531 -0.1670 1.0768
lam_c 3.07568 2.65819 0.3068 0.0712
lam_c 3.53632 2.65123 0.6522 -0.9125
lam_c 2.56656 2.65877 -0.0751 0.1527
lam_c 3.60495 2.66182 0.7037 0.5845
lam_c 3.49679 2.65493 0.6226 -0.3903
lam_c 3.59902 2.65612 0.6993 -0.2212
lam_c 2.21846 2.66083 -0.3362 0.4445
lam_c 2.57865 2.65156 -0.0660 -0.8655
lam_c 1.76074 2.66524 -0.6794 1.0665
lam_c 2.89216 2.66503 0.1691 1.0371
lam_c 1.44632 2.66822 -0.9153 1.4878
lam_c 2.58537 2.66592 -0.0610 1.1635
lam_c 1.76962 2.65703 -0.6728 -0.0933
lam_c 2.60721 2.65958 -0.0446 0.2680
lam_c 1.81674 2.65579 -0.6374 -0.2674
lam_c 1.33735 2.67237 -0.9970 2.0750
lam_c 2.45802 2.65827 -0.1565 0.0824
lam_c 2.47537 2.65655 -0.1435 -0.1613
lam_c 2.77627 2.65960 0.0822 0.2697
lam_c 1.66575 2.66462 -0.7507 0.9790
lam_c 2.66205 2.65436 -0.0035 -0.4702
lam_c 2.13246 2.64841 -0.4007 -1.3114
lam_c 1.55036 2.65026 -0.8372 -1.0494
lam_c 2.42722 2.64402 -0.1796 -1.9305
lam_c 3.11163 2.64416 0.3337 -1.9116
lam_c 2.14087 2.66358 -0.3943 0.8320
lam_c 3.23582 2.65696 0.4269 -0.1031
lam_c 3.43672 2.65620 0.5775 -0.2104
lam_c 1.37071 2.66575 -0.9720 1.1393
lam_c 1.90815 2.66084 -0.5689 0.4461
lam_c 2.08972 2.64755 -0.4327 -1.4323
lam_c 2.91280 2.65829 0.1846 0.0852
lam_c 2.63191 2.66239 -0.0261 0.6642
lam_c 2.84818 2.65973 0.1361 0.2889
lam_c 1.53013 2.66705 -0.8524 1.3231
lam_c 2.09896 2.66271 -0.4258 0.7097
lam_c 1.76213 2.66408 -0.6784 0.9033
lam_c 3.32265 2.65159 0.4920 -0.8616
lam_c 3.15595 2.65127 0.3670 -0.9066
lam_c 2.14637 2.65963 -0.3902 0.2751
lam_c 3.66978 2.64714 0.7523 -1.4904
lam_c 1.69500 2.66349 -0.7287 0.8205
lam_c 1.38086 2.66695 -0.9644 1.3086
lam_c 2.32895 2.65599 -0.2533 -0.2401
lam_c 3.11587 2.64180 0.3369 -2.2441
lam_c 3.85646 2.65748 0.8923 -0.0291
lam_c 2.68972 2.63670 0.0173 -2.9658
lam_c 1.69730 2.65260 -0.7270 -0.7181
lam_c 2.92632 2.63672 0.1947 -2.9625
lam_c 1.37815 2.66277 -0.9664 0.7187
lam_c 3.51478 2.65103 0.6361 -0.9402
lam_c 2.19314 2.65748 -0.3551 -0.0290
lam_c 1.60489 2.66468 -0.7963 0.9878
lam_c 1.73145 2.65792 -0.7014 0.0322
lam_c 3.54302 2.66350 0.6573 0.8217
lam_c 3.75047 2.66394 0.8129 0.8835
lam_c 1.82546 2.66785 -0.6309 1.4359
lam_c 3.99489 2.65221 0.9962 -0.7736
lam_c 3.62747 2.65352 0.7206 -0.5888
lam_c 2.21167 2.66354 -0.3412 0.8269
lam_c 1.46966 2.65867 -0.8978 0.1392
lam_c 1.73663 2.66281 -0.6975 0.7231
lam_c 2.49713 2.66017 -0.1272 0.3502
lam_c 1.88137 2.65868 -0.5890 0.1396
lam_c 1.81851 2.66273 -0.6361 0.7122
lam_c 2.06058 2.65635 -0.4546 -0.1889
lam_c 3.67370 2.63785 0.7553 -2.8026
lam_c 1.43053 2.66418 -0.9271 0.9169
lam_c 3.79322 2.65607 0.8449 -0.2287
lam_c 2.53136 2.66473 -0.1015 0.9954
lam_c 3.30133 2.66329 0.4760 0.7917
lam_c 2.69849 2.66231 0.0239 0.6539
lam_c 3.85439 2.65880 0.8908 0.1574
lam_c 1.81678 2.65922 -0.6374 0.2164
lam_c 2.01412 2.66053 -0.4894 0.4022
lam_c 2.68846 2.66517 0.0163 1.0576
lam_c 2.68696 2.65815 0.0152 0.0652
lam_c 2.21607 2.65871 -0.3379 0.1444
lam_c 2.14751 2.65448 -0.3894 -0.4534
lam_c 1.57104 2.66745 -0.8217 1.3794
lam_c 2.67252 2.65860 0.0044 0.1287
lam_c 3.54829 2.64993 0.6612 -1.0965
lam_c 3.64485 2.66458 0.7336 0.9734
lam_c 2.43920 2.65329 -0.1706 -0.6219
lam_c 3.94551 2.65620 0.9591 -0.2097
lam_c 3.91193 2.65234 0.9339 -0.7555
lam_c 2.18536 2.65099 -0.3610 -0.9467
lam_c 1.64412 2.66264 -0.7669 0.6999
lam_c 3.56197 2.65449 0.6715 -0.4520
lam_c 3.84194 2.65478 0.8815 -0.4101
lam_c 3.06441 2.65877 0.2983 0.1524
lam_c 3.90504 2.65016 0.9288 -1.0638
lam_c 2.60677 2.64684 -0.0449 -1.5329
lam_c 2.73016 2.65330 0.0476 -0.6200
lam_c 1.53091 2.66167 -0.8518 0.5629
lam_c 2.31995 2.66345 -0.2600 0.8146
lam_c 3.79897 2.64555 0.8492 -1.7146
lam_c 1.60876 2.66583 -0.7934 1.1504
lam_c 1.69996 2.66186 -0.7250 0.5895
lam_r 4.73852 8.99397 -0.9338 0.1621
lam_r 8.85081 8.92840 -0.0086 -0.8727
lam_r 9.80852 8.93592 0.2069 -0.7539
lam_r 9.17780 9.05832 0.0650 1.1774
lam_r 12.25776 8.87991 0.7580 -1.6377
lam_r 10.49430 9.05932 0.3612 1.1933
lam_r 10.10618 9.10138 0.2739 1.8569
lam_r 9.80187 8.90454 0.2054 -1.2490
lam_r 8.94178 8.98791 0.0119 0.0664
lam_r 5.10768 8.90682 -0.8508 -1.2131
lam_r 5.30976 8.97804 -0.8053 -0.0893
lam_r 10.16971 8.97153 0.2882 -0.1920
lam_r 6.32788 8.90017 -0.5762 -1.3180
lam_r 8.13680 8.98882 -0.1692 0.0808
lam_r 10.19868 9.04867 0.2947 1.0252
lam_r 9.77539 8.89403 0.1995 -1.4149
lam_r 6.61596 8.93163 -0.5114 -0.8216
lam_r 6.82049 9.04534 -0.4654 0.9726
lam_r 5.69404 8.91221 -0.7188 -1.1281
lam_r 10.33338 8.96518 0.3250 -0.2922
lam_r 10.84124 8.94333 0.4393 -0.6370
lam_r 5.61721 9.06798 -0.7361 1.3299
lam_r 6.85100 8.94423 -0.4585 -0.6227
lam_r 5.76633 8.92863 -0.7026 -0.8689
lam_r 9.88575 9.03959 0.2243 0.8819
lam_r 7.07656 8.98718 -0.4078 0.0549
lam_r 12.17625 8.92267 0.7397 -0.9630
lam_r 6.81097 9.06657 -0.4675 1.3076
lam_r 10.17205 8.97479 0.2887 -0.1406
lam_r 10.09810 9.01712 0.2721 0.5274
lam_r 12.81645 8.94690 0.8837 -0.5806
lam_r 10.87034 8.99734 0.4458 0.2152
lam_r 12.73784 8.90512 0.8660 -1.2399
lam_r 9.63818 9.08760 0.1686 1.6395
lam_r 4.47512 8.95973 -0.9931 -0.3782
lam_r 7.34581 9.00855 -0.3472 0.3921
lam_r 11.02689 9.00501 0.4810 0.3364
lam_r 7.49067 8.83726 -0.3146 -2.3108
lam_r 10.29293 9.09087 0.3159 1.6911
lam_r 5.48945 8.99366 -0.7649 0.1572
lam_r 10.19222 9.06816 0.2932 1.3327
lam_r 7.86803 8.93549 -0.2297 -0.7608
lam_r 12.85407 8.98388 0.8922 0.0029
lam_r 5.07851 8.92198 -0.8573 -0.9739
lam_r 7.64954 8.94401 -0.2789 -0.6263
lam_r 11.26622 9.01051 0.5349 0.4230
lam_r 7.93093 9.07570 -0.2155 1.4518
lam_r 8.55528 8.99287 -0.0751 0.1448
lam_r 7.41676 8.98739 -0.3312 0.0583
lam_r 5.31141 8.98926 -0.8049 0.0878
lam_r 7.29011 8.89349 -0.3597 -1.4235
lam_r 12.23694 8.94004 0.7533 -0.6889
lam_r 11.26499 9.01907 0.5346 0.5581
lam_r 7.19773 8.94461 -0.3805 -0.6167
lam_r 10.38653 9.06471 0.3370 1.2783
lam_r 11.50224 8.90433 0.5880 -1.2524
lam_r 11.52856 8.97139 0.5939 -0.1943
lam_r 4.93587 8.91611 -0.8894 -1.0665
lam_r 5.90308 9.02912 -0.6718 0.7168
lam_r 12.94434 9.01722 0.9125 0.5289
lam_r 6.93234 9.02837 -0.4402 0.7049
lam_r 11.36499 8.96853 0.5571 -0.2393
lam_r 10.04768 9.08077 0.2607 1.5317
lam_r 12.19736 8.98271 0.7444 -0.0156
lam_r 5.13935 8.92579 -0.8436 -0.9139
lam_r 12.74643 8.92285 0.8679 -0.9602
lam_r 12.23079 9.06847 0.7519 1.3376
lam_r 6.56388 9.04076 -0.5231 0.9004
lam_r 10.76389 9.07131 0.4219 1.3825
lam_r 4.49789 8.93373 -0.9880 -0.7885
lam_r 12.13656 8.96480 0.7307 -0.2982
lam_r 8.12919 9.08580 -0.1709 1.6111
lam_r 11.02659 9.08913 0.4810 1.6637
lam_r 11.51157 9.04512 0.5901 0.9691
lam_r 4.68084 8.97228 -0.9468 -0.1802
lam_r 12.28531 9.00303 0.7642 0.3050
lam_r 5.37764 8.91973 -0.7900 -1.0094
lam_r 5.82133 8.93494 -0.6902 -0.7694
lam_r 8.50092 9.03651 -0.0873 0.8333
lam_r 6.69731 8.88424 -0.4931 -1.5694
lam_r 10.20469 8.89327 0.2961 -1.4269
lam_r 6.13836 8.91461 -0.6189 -1.0902
lam_r 9.98213 8.95955 0.2460 -0.3810
lam_r 11.21451 9.04937 0.5233 1.0362
lam_r 13.01002 9.04388 0.9273 0.9496
lam_r 7.99443 9.09608 -0.2013 1.7733
lam_r 6.98669 9.03078 -0.4280 0.7429
lam_r 9.57883 8.95226 0.1552 -0.4960
lam_r 10.23402 9.03342 0.3027 0.7847
lam_r 12.64911 9.06882 0.8461 1.3432
lam_r 9.65061 8.89034 0.1714 -1.4731
lam_r 8.34200 9.03060 -0.1231 0.7401
lam_r 7.08995 9.03606 -0.4048 0.8263
lam_r 10.89074 8.98420 0.4504 0.0080
lam_r 10.11205 8.96969 0.2752 -0.2211
lam_r 5.08144 8.97670 -0.8567 -0.1104
lam_r 7.10480 8.85316 -0.4014 -2.0599
lam_r 5.93028 9.06320 -0.6657 1.2546
lam_r 8.84841 8.90621 -0.0091 -1.2227
lam_r 7.83211 8.93321 -0.2378 -0.7967
beta_c 0.85115 1.00853 -0.6824 -0.4495
beta_c 1.01305 1.00828 0.0598 -0.7451
beta_c 1.06950 1.00967 0.3186 0.8851
beta_c 0.93069 1.00946 -0.3178 0.6404
beta_c 1.14595 1.00597 0.6691 -3.4466
beta_c 0.82615 1.00929 -0.7970 0.4457
beta_c 0.80693 1.00967 -0.8851 0.8839
beta_c 1.09046 1.00756 0.4147 -1.5793
beta_c 1.02756 1.00988 0.1263 1.1310
beta_c 1.10985 1.00798 0.5036 -1.0880
beta_c 1.18967 1.00901 0.8695 0.1206
beta_c 1.00478 1.00848 0.0219 -0.5060
beta_c 1.13831 1.00847 0.6341 -0.5192
beta_c 1.06452 1.00951 0.2958 0.6951
beta_c 1.00620 1.00940 0.0284 0.5668
beta_c 1.00143 1.00930 0.0066 0.4583
beta_c 1.21462 1.00853 0.9839 -0.4496
beta_c 0.93270 1.00976 -0.3085 0.9885
beta_c 0.96713 1.00863 -0.1507 -0.3246
beta_c 0.98887 1.00870 -0.0510 -0.2474
beta_c 1.06099 1.00785 0.2796 -1.2401
beta_c 0.80846 1.01009 -0.8780 1.3785
beta_c 1.06618 1.00853 0.3034 -0.4424
beta_c 0.79860 1.00830 -0.9233 -0.7166
beta_c 0.94742 1.01035 -0.2410 1.6837
beta_c 0.97485 1.00994 -0.1153 1.2042
beta_c 1.02878 1.00799 0.1319 -1.0749
beta_c 1.03123 1.00986 0.1432 1.1062
beta_c 1.04518 1.00851 0.2071 -0.4760
beta_c 0.79256 1.00944 -0.9510 0.6158
beta_c 0.92520 1.00898 -0.3429 0.0789
beta_c 1.10388 1.00819 0.4762 -0.8511
beta_c 0.96388 1.00933 -0.1656 0.4915
beta_c 1.14236 1.00971 0.6526 0.9337
beta_c 1.01901 1.00879 0.0872 -0.1465
beta_c 1.03024 1.00929 0.1386 0.4482
beta_c 1.07702 1.00875 0.3531 -0.1878
beta_c 1.21068 1.00672 0.9658 -2.5696
beta_c 0.78357 1.01035 -0.9922 1.6833
beta_c 0.83364 1.00873 -0.7626 -0.2139
beta_c 0.82059 1.00964 -0.8225 0.8525
beta_c 0.87187 1.00917 -0.5874 0.3085
beta_c 0.79092 1.00954 -0.9585 0.7352
beta_c 1.21278 1.00920 0.9754 0.3385
beta_c 0.84735 1.00853 -0.6998 -0.4505
beta_c 0.98876 1.00941 -0.0515 0.5876
beta_c 1.16660 1.00960 0.7637 0.8030
beta_c 0.98872 1.00836 -0.0517 -0.6422
beta_c 0.88958 1.00997 -0.5062 1.2448
beta_c 0.90930 1.00940 -0.4158 0.5717
beta_c 0.96593 1.00827 -0.1562 -0.7490
beta_c 0.91600 1.00748 -0.3851 -1.6802
beta_c 0.98722 1.00984 -0.0586 1.0845
beta_c 0.96212 1.00845 -0.1737 -0.5453
beta_c 0.81736 1.00974 -0.8373 0.9741
beta_c 1.16321 1.00702 0.7482 -2.2196
beta_c 1.20466 1.00916 0.9382 0.2934
beta_c 1.02727 1.00861 0.1250 -0.3526
beta_c 0.82306 1.00950 -0.8112 0.6859
beta_c 1.17837 1.00856 0.8177 -0.4147
beta_c 0.94011 1.00853 -0.2745 -0.4457
beta_c 0.94834 1.00970 -0.2368 0.9177
beta_c 0.89327 1.00978 -0.4893 1.0143
beta_c 1.18713 1.00923 0.8578 0.3787
beta_c 1.08377 1.00926 0.3840 0.4035
beta_c 0.91314 1.00771 -0.3982 -1.4046
beta_c 0.94303 1.01017 -0.2612 1.4762
beta_c 0.96632 1.00945 -0.1544 0.6306
beta_c 0.94789 1.00970 -0.2389 0.9210
beta_c 1.07519 1.00878 0.3447 -0.1537
beta_c 1.19610 1.00854 0.8990 -0.4295
beta_c 0.80063 1.00974 -0.9140 0.9668
beta_c 1.15179 1.00982 0.6958 1.0649
beta_c 1.15237 1.00976 0.6985 0.9992
beta_c 0.87744 1.00793 -0.5619 -1.1495
beta_c 1.20863 1.00868 0.9564 -0.2756
beta_c 1.16408 1.00781 0.7522 -1.2912
beta_c 1.09712 1.00786 0.4452 -1.2342
beta_c 0.82852 1.00874 -0.7861 -0.1979
beta_c 0.97701 1.00919 -0.1054 0.3223
beta_c 1.11226 1.00682 0.5146 -2.4521
beta_c 1.02357 1.00829 0.1081 -0.7320
beta_c 0.80750 1.00872 -0.8825 -0.2254
beta_c 1.11512 1.00938 0.5277 0.5532
beta_c 0.96089 1.01017 -0.1793 1.4701
beta_c 0.87805 1.00973 -0.5591 0.9579
beta_c 0.93351 1.00857 -0.3048 -0.4055
beta_c 0.82708 1.00892 -0.7927 0.0151
beta_c 0.93942 1.00933 -0.2777 0.4943
beta_c 0.78864 1.00842 -0.9689 -0.5813
beta_c 1.21745 1.00797 0.9969 -1.0982
beta_c 0.84151 1.00883 -0.7266 -0.0913
beta_c 0.92976 1.00963 -0.3220 0.8381
beta_c 0.91314 1.01006 -0.3982 1.3399
beta_c 0.98235 1.00925 -0.0809 0.3957
beta_c 0.92979 1.00897 -0.3219 0.0715
beta_c 1.16898 1.00727 0.7747 -1.9247
beta_c 0.86353 1.00955 -0.6256 0.7526
beta_c 1.21687 1.00799 0.9942 -1.0837
beta_c 0.95312 1.00772 -0.2149 -1.3986
beta_r 1.14483 0.99979 0.9656 1.0558
beta_r 0.95042 0.98731 -0.3306 -0.8393
beta_r 0.87417 0.98459 -0.8389 -1.2523
beta_r 1.10003 1.00047 0.6669 1.1589
beta_r 0.89753 0.98483 -0.6831 -1.2157
beta_r 1.07284 0.99669 0.4856 0.5837
beta_r 1.11414 1.00084 0.7609 1.2148
beta_r 0.91525 0.98365 -0.5650 -1.3946
beta_r 0.94524 0.99056 -0.3651 -0.3468
beta_r 1.01924 0.99137 0.1283 -0.2233
beta_r 1.11072 0.99494 0.7382 0.3194
beta_r 1.10657 0.99997 0.7105 1.0829
beta_r 0.99594 0.99141 -0.0271 -0.2169
beta_r 1.01998 0.99326 0.1332 0.0644
beta_r 1.09101 0.99931 0.6067 0.9824
beta_r 0.89651 0.99028 -0.6899 -0.3883
beta_r 1.12951 0.99904 0.8634 0.9405
beta_r 1.10913 0.99831 0.7276 0.8300
beta_r 0.92014 0.98882 -0.5324 -0.6103
beta_r 1.03868 0.99327 0.2579 0.0645
beta_r 1.06969 0.99167 0.4646 -0.1781
beta_r 1.04431 0.99725 0.2954 0.6688
beta_r 0.87166 0.97865 -0.8556 -2.1546
beta_r 0.86855 0.97803 -0.8763 -2.2479
beta_r 0.91690 0.98726 -0.5540 -0.8464
beta_r 0.88141 0.98463 -0.7906 -1.2469
beta_r 0.99542 0.99113 -0.0306 -0.2593
beta_r 1.07121 0.99866 0.4747 0.8840
beta_r 1.02283 0.99197 0.1522 -0.1317
beta_r 1.12178 1.00258 0.8119 1.4793
beta_r 0.99712 0.99270 -0.0192 -0.0216
beta_r 0.98478 0.98586 -0.1015 -1.0601
beta_r 0.88822 0.98543 -0.7452 -1.1242
beta_r 1.13609 1.00651 0.9073 2.0757
beta_r 1.05175 0.99411 0.3450 0.1928
beta_r 1.14411 1.00384 0.9608 1.6702
beta_r 1.13041 0.99880 0.8694 0.9042
beta_r 0.87555 0.98731 -0.8297 -0.8398
beta_r 1.03103 0.99821 0.2068 0.8150
beta_r 0.99618 0.99079 -0.0255 -0.3115
beta_r 1.07629 1.00090 0.5086 1.2239
beta_r 0.86339 0.98324 -0.9107 -1.4575
beta_r 1.04777 0.99891 0.3185 0.9215
beta_r 1.03323 0.99765 0.2215 0.7303
beta_r 0.96199 0.98836 -0.2534 -0.6794
beta_r 0.88769 0.98695 -0.7487 -0.8945
beta_r 1.05576 0.99892 0.3718 0.9229
beta_r 0.86439 0.97656 -0.9041 -2.4713
beta_r 0.95127 0.99165 -0.3249 -0.1813
beta_r 0.85824 0.97818 -0.9451 -2.2253
beta_r 0.94219 0.98912 -0.3854 -0.5646
beta_r 0.92481 0.98369 -0.5013 -1.3892
beta_r 1.03575 0.99860 0.2383 0.8750
beta_r 1.05519 0.99615 0.3679 0.5020
beta_r 1.06239 0.99914 0.4160 0.9568
beta_r 0.97316 0.98740 -0.1790 -0.8257
beta_r 1.07628 0.99386 0.5085 0.1556
beta_r 1.04814 0.99662 0.3209 0.5734
beta_r 1.01030 0.99352 0.0687 0.1028
beta_r 1.08372 0.99326 0.5581 0.0630
beta_r 1.14150 1.00269 0.9433 1.4952
beta_r 0.99418 0.99468 -0.0388 0.2788
beta_r 1.13851 1.00564 0.9234 1.9437
beta_r 1.03702 0.99219 0.2468 -0.0980
beta_r 0.96607 0.99096 -0.2262 -0.2860
beta_r 0.99298 0.99040 -0.0468 -0.3701
beta_r 1.04658 1.00071 0.3105 1.1954
beta_r 0.94459 0.98410 -0.3694 -1.3262
beta_r 1.12689 1.00469 0.8460 1.7993
beta_r 0.96575 0.98828 -0.2283 -0.6929
beta_r 1.03747 0.99570 0.2498 0.4341
beta_r 1.10786 1.00237 0.7191 1.4471
beta_r 1.09887 1.00002 0.6591 1.0894
beta_r 1.05202 0.99820 0.3468 0.8134
beta_r 1.06422 0.99229 0.4281 -0.0841
beta_r 1.07708 0.99701 0.5139 0.6327
beta_r 1.02610 0.99142 0.1740 -0.2160
beta_r 0.97979 0.98689 -0.1347 -0.9026
beta_r 1.11955 0.99878 0.7970 0.9022
beta_r 0.89813 0.98642 -0.6791 -0.9751
beta_r 0.88860 0.98205 -0.7427 -1.6373
beta_r 0.94379 0.98700 -0.3748 -0.8873
beta_r 0.92042 0.98817 -0.5306 -0.7092
beta_r 1.14210 1.00106 0.9473 1.2484
beta_r 1.00918 0.99571 0.0612 0.4349
beta_r 1.11538 0.99824 0.7692 0.8202
beta_r 1.01573 0.99286 0.1049 0.0037
beta_r 0.91515 0.98851 -0.5657 -0.6568
beta_r 1.11250 1.00049 0.7500 1.1611
beta_r 1.11458 0.99659 0.7639 0.5688
beta_r 0.88713 0.98455 -0.7525 -1.2580
beta_r 1.07995 0.99504 0.5330 0.3343
beta_r 1.02060 0.99214 0.1373 -0.1064
beta_r 0.90381 0.98404 -0.6413 -1.3363
beta_r 0.95121 0.99028 -0.3253 -0.3880
beta_r 1.07022 0.99684 0.4681 0.6076
beta_r 0.90609 0.98437 -0.6260 -1.2866
beta_r 1.03218 0.99333 0.2145 0.0750
beta_r 1.00992 0.99225 0.0661 -0.0900
beta_r 1.00921 0.99024 0.0614 -0.3943
