t CL0_front CLa_front CD0_front k_front kappa_front g_front lam_c_front lam_r_front beta_c_front beta_r_front CL0_back CLa_back CD0_back k_back kappa_back g_back lam_c_back lam_r_back beta_c_back beta_r_back
0.50 0.0972 0.0002 0.0250 0.0000 0.7228 0.0380 0.0013 0.0150 0.0016 0.0026 0.1348 0.1009 0.0026 0.1498 0.7976 0.0073 0.0325 0.0077 0.2290 0.0091
1.00 0.0376 0.0116 0.0004 0.0020 0.3978 0.0224 0.0061 0.0159 0.0336 0.4122 0.7464 0.0821 0.0020 0.0891 0.8761 0.0000 0.0419 0.0049 0.1285 0.0000
1.50 0.0688 0.1369 0.0141 0.0077 0.0035 0.0256 0.0057 0.0028 0.0133 0.7517 0.5446 0.0537 0.0040 0.0662 0.5909 0.0002 0.0312 0.0097 0.0346 0.0022
2.00 0.0626 0.0936 0.0197 0.0231 0.0163 0.0412 0.0016 0.0021 0.0031 0.8501 0.4553 0.0298 0.0071 0.0605 0.2091 0.0011 0.0180 0.0231 0.0101 0.0752
2.50 0.0914 0.1415 0.0153 0.0301 0.0010 0.0663 0.0002 0.0004 0.1949 0.7681 0.4752 0.0115 0.0207 0.0489 0.4917 0.0104 0.0093 0.0120 0.0070 0.1959
3.00 0.1493 0.2108 0.0113 0.0291 0.0059 0.0946 0.0003 0.0002 0.0994 0.6570 0.4281 0.0051 0.0639 0.0287 0.4366 0.0089 0.0004 0.0082 0.0125 0.3005
3.50 0.2232 0.2639 0.0093 0.0228 0.1500 0.0411 0.0007 0.0004 0.0300 0.5409 0.3077 0.0016 0.1230 0.0116 0.3039 0.0009 0.0009 0.0083 0.0312 0.4154
4.00 0.2640 0.2894 0.0068 0.0118 0.1734 0.0192 0.0009 0.0002 0.0058 0.4427 0.1952 0.0000 0.1547 0.0003 0.0804 0.0033 0.0033 0.0109 0.0463 0.5332
4.50 0.2627 0.3136 0.0035 0.0067 0.0319 0.0129 0.0002 0.0000 0.0000 0.3572 0.1391 0.0000 0.1195 0.0056 0.0007 0.0125 0.0016 0.0122 0.0531 0.6610
5.00 0.2394 0.3280 0.0004 0.0095 0.0039 0.0158 0.0000 0.0000 0.0014 0.2869 0.1213 0.0009 0.0961 0.0055 0.0084 0.0115 0.0002 0.0154 0.0160 0.7168
5.50 0.2019 0.3448 0.0002 0.0170 0.0445 0.0201 0.0004 0.0000 0.0036 0.2191 0.1233 0.0046 0.2110 0.0060 0.0125 0.0048 0.0059 0.0022 0.0340 0.0006
6.00 0.1660 0.3629 0.0026 0.0233 0.0743 0.0213 0.0005 0.0002 0.0044 0.1776 0.0655 0.0004 0.2617 0.0243 0.1753 0.0000 0.0158 0.0220 0.0563 0.3886
6.50 0.1501 0.3775 0.0074 0.0262 0.0733 0.0154 0.0005 0.0003 0.0046 0.1402 0.0435 0.0044 0.0788 0.0155 0.4328 0.0264 0.0087 0.0120 0.0002 0.1723
7.00 0.1519 0.3854 0.0152 0.0272 0.0511 0.0075 0.0002 0.0009 0.0022 0.1155 0.0000 0.0424 0.0024 0.0032 0.3717 0.0295 0.0102 0.0177 0.0010 0.1269
7.50 0.1108 0.3223 0.0247 0.0190 0.0268 0.0020 0.0000 0.0024 0.0002 0.0787 0.0179 0.0818 0.0001 0.0025 0.1366 0.0194 0.0113 0.0162 0.0025 0.0885
8.00 0.0866 0.2599 0.0305 0.0065 0.0143 0.0179 0.0011 0.0041 0.0074 0.0421 0.0880 0.0966 0.0017 0.0121 0.0754 0.0088 0.0032 0.0054 0.0000 0.0721
8.50 0.0187 0.1356 0.0397 0.0000 0.0038 0.0335 0.0026 0.0041 0.0106 0.0332 0.1866 0.0887 0.0037 0.0092 0.0280 0.0013 0.0001 0.0001 0.0007 0.0092
9.00 0.0126 0.0597 0.0561 0.0025 0.0017 0.0281 0.0025 0.0003 0.0307 0.0070 0.2550 0.0692 0.0046 0.0043 0.0000 0.0021 0.0000 0.0001 0.0006 0.0802
9.50 0.0173 0.0167 0.0736 0.0091 0.0004 0.0173 0.0071 0.0010 0.0419 0.0002 0.2511 0.0495 0.0062 0.0005 0.0361 0.0111 0.0006 0.0001 0.0002 0.2835
10.00 0.0149 0.0015 0.0787 0.0178 0.0001 0.0013 0.0068 0.0002 0.0362 0.0001 0.2092 0.0364 0.0084 0.0004 0.1146 0.0115 0.0034 0.0011 0.0002 0.3697
10.50 0.0098 0.0009 0.0819 0.0208 0.0005 0.0008 0.0023 0.0002 0.0269 0.0076 0.1824 0.0239 0.0157 0.0031 0.1678 0.0072 0.0152 0.0054 0.0012 0.3039
11.00 0.0080 0.0029 0.0847 0.0184 0.0000 0.0106 0.0047 0.0007 0.0180 0.0079 0.1887 0.0173 0.0338 0.0069 0.1478 0.0025 0.0312 0.0170 0.0028 0.1853
11.50 0.0179 0.0018 0.0973 0.0275 0.0000 0.0151 0.0165 0.0005 0.0097 0.0083 0.2144 0.0129 0.0773 0.0166 0.0824 0.0008 0.0231 0.0324 0.0027 0.0432
12.00 0.0582 0.0022 0.1025 0.0313 0.0002 0.0071 0.0259 0.0002 0.0026 0.0135 0.2476 0.0150 0.1122 0.0139 0.0383 0.0000 0.0080 0.0258 0.0018 0.0045
12.50 0.0835 0.0018 0.0887 0.0311 0.0001 0.0033 0.0179 0.0009 0.0000 0.0126 0.2580 0.0137 0.1287 0.0172 0.0141 0.0001 0.0015 0.0249 0.0004 0.0043
13.00 0.1085 0.0006 0.0593 0.0325 0.0000 0.0047 0.0148 0.0073 0.0003 0.0108 0.2390 0.0132 0.1181 0.0159 0.0035 0.0012 0.0000 0.0236 0.0003 0.0210
13.50 0.1441 0.0106 0.0581 0.0334 0.0005 0.0020 0.0115 0.0129 0.0003 0.0044 0.2012 0.0127 0.0944 0.0211 0.0001 0.0020 0.0009 0.0211 0.0012 0.0949
14.00 0.1687 0.0233 0.0662 0.0373 0.0007 0.0019 0.0123 0.0190 0.0000 0.0020 0.1484 0.0103 0.0765 0.0263 0.0002 0.0096 0.0005 0.0163 0.0036 0.2464
14.50 0.1471 0.0255 0.0717 0.0330 0.0015 0.0015 0.0146 0.0293 0.0001 0.0010 0.1031 0.0075 0.0675 0.0270 0.0000 0.0095 0.0005 0.0149 0.0063 0.3765
15.00 0.1452 0.0261 0.0646 0.0228 0.0015 0.0013 0.0142 0.0371 0.0010 0.0005 0.0746 0.0055 0.0617 0.0284 0.0002 0.0126 0.0057 0.0242 0.0092 0.4385
