param truth est truth_n est_n
CL0 1.02243 1.15660 -0.8287 -0.8152
CL0 1.06576 1.15665 -0.5264 -0.7613
CL0 1.22757 1.15790 0.6025 0.5432
CL0 1.16476 1.15791 0.1643 0.5438
CL0 1.02486 1.15670 -0.8117 -0.7079
CL0 1.12204 1.15735 -0.1337 -0.0312
CL0 1.13520 1.15830 -0.0419 0.9561
CL0 1.04367 1.15632 -0.6805 -1.1025
CL0 1.20845 1.15804 0.4692 0.6834
CL0 1.03046 1.15653 -0.7727 -0.8888
CL0 1.11003 1.15627 -0.2175 -1.1611
CL0 1.14601 1.15703 0.0335 -0.3695
CL0 1.12132 1.15733 -0.1387 -0.0532
CL0 1.16609 1.15741 0.1736 0.0299
CL0 1.20938 1.15799 0.4757 0.6364
CL0 1.27200 1.15887 0.9125 1.5472
CL0 1.07935 1.15641 -0.4316 -1.0145
CL0 1.18379 1.15779 0.2971 0.4203
CL0 1.19745 1.15825 0.3924 0.9071
CL0 1.08179 1.15685 -0.4146 -0.5493
CL0 0.99831 1.15461 -0.9970 -2.8884
CL0 1.27693 1.15874 0.9469 1.4081
CL0 1.08342 1.15628 -0.4032 -1.1451
CL0 1.08788 1.15632 -0.3720 -1.1022
CL0 1.25349 1.15773 0.7834 0.3566
CL0 1.16562 1.15765 0.1703 0.2747
CL0 1.13298 1.15712 -0.0574 -0.2773
CL0 1.21954 1.15847 0.5466 1.1363
CL0 1.00658 1.15633 -0.9393 -1.0996
CL0 1.20053 1.15793 0.4139 0.5727
CL0 1.10516 1.15710 -0.2515 -0.2965
CL0 1.02392 1.15532 -0.8183 -2.1471
CL0 1.18721 1.15779 0.3210 0.4208
CL0 1.26489 1.15903 0.8629 1.7119
CL0 1.05727 1.15659 -0.5856 -0.8210
CL0 1.17850 1.15765 0.2602 0.2756
CL0 1.08335 1.15660 -0.4037 -0.8092
CL0 1.21051 1.15870 0.4835 1.3697
CL0 1.20489 1.15894 0.4443 1.6252
CL0 1.06058 1.15728 -0.5626 -0.1021
CL0 1.23577 1.15895 0.6598 1.6289
CL0 1.18640 1.15822 0.3153 0.8699
CL0 1.19361 1.15831 0.3656 0.9604
CL0 1.23296 1.15863 0.6402 1.3011
CL0 1.12073 1.15735 -0.1429 -0.0355
CL0 1.21537 1.15874 0.5174 1.4130
CL0 1.24970 1.15887 0.7570 1.5524
CL0 1.02721 1.15618 -0.7954 -1.2479
CL0 1.24147 1.15859 0.6995 1.2524
CL0 1.11080 1.15733 -0.2121 -0.0515
CL0 1.13538 1.15767 -0.0406 0.3012
CL0 1.03983 1.15627 -0.7073 -1.1601
CL0 1.19809 1.15860 0.3969 1.2693
CL0 1.08158 1.15677 -0.4160 -0.6383
CL0 1.24760 1.15762 0.7423 0.2439
CL0 1.07682 1.15618 -0.4493 -1.2549
CL0 1.15892 1.15693 0.1236 -0.4674
CL0 1.11244 1.15761 -0.2007 0.2341
CL0 1.17357 1.15805 0.2258 0.6945
CL0 1.05425 1.15556 -0.6067 -1.8916
CL0 1.04956 1.15721 -0.6394 -0.1828
CL0 1.21197 1.15795 0.4937 0.5862
CL0 1.21351 1.15708 0.5044 -0.3155
CL0 1.16041 1.15681 0.1340 -0.5939
CL0 1.26191 1.15802 0.8422 0.6594
CL0 1.05687 1.15646 -0.5884 -0.9574
CL0 1.24179 1.15937 0.7018 2.0723
CL0 1.04632 1.15642 -0.6620 -0.9994
CL0 1.27432 1.15863 0.9287 1.3028
CL0 1.17666 1.15742 0.2474 0.0353
CL0 1.17185 1.15796 0.2138 0.6037
CL0 1.27609 1.15880 0.9411 1.4719
CL0 1.22349 1.15717 0.5741 -0.2197
CL0 1.22431 1.15837 0.5798 1.0228
CL0 1.01339 1.15557 -0.8918 -1.8895
CL0 1.10374 1.15631 -0.2614 -1.1121
CL0 1.02221 1.15613 -0.8302 -1.3035
CL0 1.05335 1.15614 -0.6129 -1.2906
CL0 1.05919 1.15680 -0.5723 -0.6079
CL0 1.24401 1.15842 0.7173 1.0779
CL0 1.03421 1.15586 -0.7465 -1.5834
CL0 1.08295 1.15714 -0.4065 -0.2478
CL0 1.13916 1.15813 -0.0143 0.7817
CL0 1.24138 1.15763 0.6989 0.2541
CL0 1.27457 1.15878 0.9305 1.4519
CL0 1.20087 1.15791 0.4163 0.5483
CL0 1.05913 1.15710 -0.5726 -0.2958
CL0 1.15410 1.15824 0.0900 0.8912
CL0 1.20025 1.15760 0.4119 0.2294
CL0 1.01275 1.15605 -0.8962 -1.3861
CL0 1.19277 1.15793 0.3598 0.5655
CL0 1.10345 1.15702 -0.2634 -0.3792
CL0 1.16692 1.15719 0.1794 -0.1985
CL0 1.18980 1.15713 0.3391 -0.2652
CL0 1.18969 1.15819 0.3383 0.8371
CL0 1.14781 1.15662 0.0461 -0.7907
CL0 1.15690 1.15738 0.1095 0.0012
CL0 1.05468 1.15704 -0.6037 -0.3616
CL0 1.13983 1.15709 -0.0096 -0.3027
CL0 1.03383 1.15608 -0.7492 -1.3588
CLa 3.09151 3.07338 -0.0385 0.7652
CLa 3.17813 3.06710 0.0725 0.5725
CLa 3.54938 3.05224 0.5482 0.1162
CLa 2.95559 3.04361 -0.2127 -0.1487
CLa 2.37176 3.05431 -0.9608 0.1799
CLa 3.16487 3.06692 0.0555 0.5670
CLa 2.66149 3.04172 -0.5895 -0.2066
CLa 3.49811 3.07531 0.4825 0.8244
CLa 2.94784 3.03165 -0.2226 -0.5157
CLa 2.93500 3.06104 -0.2391 0.3865
CLa 3.76063 3.05666 0.8189 0.2520
CLa 2.95451 3.04910 -0.2141 0.0198
CLa 2.88565 3.05355 -0.3023 0.1564
CLa 2.88435 3.05263 -0.3040 0.1281
CLa 3.09154 3.02545 -0.0385 -0.7060
CLa 2.48678 2.96523 -0.8134 -2.5543
CLa 3.19452 3.05896 0.0935 0.3224
CLa 3.77932 3.06102 0.8429 0.3857
CLa 3.21977 3.04901 0.1258 0.0171
CLa 3.50225 3.06654 0.4878 0.5552
CLa 3.81945 3.08613 0.8943 1.1565
CLa 3.65553 3.04814 0.6842 -0.0095
CLa 3.50240 3.08972 0.4880 1.2665
CLa 3.61034 3.10313 0.6263 1.6782
CLa 3.62123 3.07353 0.6403 0.7697
CLa 2.73723 2.99383 -0.4925 -1.6766
CLa 3.09341 3.06051 -0.0361 0.3703
CLa 2.87608 2.98330 -0.3146 -1.9997
CLa 2.74968 3.05716 -0.4765 0.2673
CLa 3.23324 3.04720 0.1431 -0.0383
CLa 2.83732 3.05267 -0.3642 0.1296
CLa 3.30676 3.08905 0.2373 1.2462
CLa 3.25019 3.05858 0.1648 0.3108
CLa 2.50411 3.00005 -0.7912 -1.4854
CLa 3.03169 3.05306 -0.1152 0.1416
CLa 2.94965 3.03574 -0.2203 -0.3901
CLa 3.44410 3.06626 0.4133 0.5466
CLa 2.47873 2.98089 -0.8237 -2.0738
CLa 2.60488 2.98084 -0.6621 -2.0753
CLa 3.14122 3.07474 0.0252 0.8070
CLa 2.97265 3.04152 -0.1908 -0.2127
CLa 3.37963 3.06315 0.3307 0.4511
CLa 2.86069 3.04186 -0.3343 -0.2022
CLa 2.64898 2.96351 -0.6056 -2.6070
CLa 3.79558 3.08407 0.8637 1.0932
CLa 2.72184 3.03805 -0.5122 -0.3193
CLa 2.57070 2.96418 -0.7059 -2.5867
CLa 2.77802 3.08787 -0.4402 1.2101
CLa 2.87140 3.01978 -0.3206 -0.8801
CLa 2.69253 3.07216 -0.5498 0.7278
CLa 3.17824 3.06127 0.0726 0.3936
CLa 3.80352 3.09627 0.8739 1.4677
CLa 2.53786 2.96710 -0.7480 -2.4970
CLa 2.98915 3.05250 -0.1697 0.1242
CLa 3.38402 3.05767 0.3363 0.2830
CLa 3.72202 3.08104 0.7694 1.0002
CLa 3.90164 3.05706 0.9996 0.2641
CLa 2.56536 2.96720 -0.7127 -2.4939
CLa 3.17977 3.04921 0.0746 0.0234
CLa 3.71653 3.08423 0.7624 1.0981
CLa 2.42394 3.04843 -0.8939 -0.0006
CLa 3.25937 3.04915 0.1766 0.0214
CLa 2.61261 2.96753 -0.6522 -2.4836
CLa 3.53958 3.05392 0.5357 0.1678
CLa 3.80461 3.05525 0.8753 0.2087
CLa 3.18132 3.06871 0.0766 0.6217
CLa 2.35516 2.96595 -0.9821 -2.5323
CLa 2.44145 3.05527 -0.8715 0.2092
CLa 2.98999 3.03345 -0.1686 -0.4605
CLa 3.66362 3.06197 0.6946 0.4149
CLa 2.71071 3.03521 -0.5265 -0.4063
CLa 3.38555 3.04896 0.3383 0.0156
CLa 2.97377 3.04941 -0.1894 0.0295
CLa 2.75502 2.96231 -0.4697 -2.6440
CLa 3.43979 3.08042 0.4078 0.9811
CLa 2.82229 3.05110 -0.3835 0.0815
CLa 2.92159 3.05077 -0.2562 0.0713
CLa 3.53565 3.07146 0.5306 0.7064
CLa 3.11407 3.06897 -0.0096 0.6299
CLa 3.56469 3.06713 0.5678 0.5735
CLa 3.14700 3.05640 0.0326 0.2440
CLa 2.59085 3.05486 -0.6801 0.1968
CLa 3.03368 3.06002 -0.1126 0.3550
CLa 3.70336 3.04390 0.7455 -0.1395
CLa 3.22288 3.03343 0.1298 -0.4611
CLa 3.84703 3.06452 0.9296 0.4931
CLa 2.34296 3.05129 -0.9977 0.0871
CLa 2.87241 3.05568 -0.3193 0.2218
CLa 3.54149 3.05286 0.5381 0.1354
CLa 3.41210 3.08419 0.3723 1.0969
CLa 3.21673 3.05518 0.1220 0.2064
CLa 3.37713 3.07257 0.3275 0.7403
CLa 3.70909 3.06586 0.7529 0.5343
CLa 3.40804 3.06663 0.3671 0.5579
CLa 3.19527 3.06098 0.0945 0.3845
CLa 3.21906 3.06380 0.1249 0.4711
CLa 3.38124 3.06402 0.3328 0.4778
CLa 2.84673 3.07204 -0.3522 0.7240
CLa 3.38601 3.05478 0.3389 0.1941
CLa 3.30106 3.07707 0.2300 0.8785
CD0 0.15833 0.13114 0.5718 0.1990
CD0 0.13143 0.12983 -0.0395 -0.7860
CD0 0.09155 0.12875 -0.9460 -1.6023
CD0 0.13642 0.13116 0.0738 0.2158
CD0 0.16465 0.13233 0.7154 1.1010
CD0 0.14549 0.13072 0.2800 -0.1162
CD0 0.14580 0.13148 0.2869 0.4599
CD0 0.12358 0.12944 -0.2181 -1.0788
CD0 0.12055 0.12919 -0.2869 -1.2673
CD0 0.15244 0.13001 0.4378 -0.6504
CD0 0.09602 0.13018 -0.8444 -0.5194
CD0 0.16542 0.13204 0.7329 0.8798
CD0 0.16629 0.13074 0.7526 -0.1016
CD0 0.17387 0.13061 0.9249 -0.1954
CD0 0.10111 0.13033 -0.7286 -0.4050
CD0 0.09932 0.13112 -0.7692 0.1827
CD0 0.16785 0.13006 0.7880 -0.6144
CD0 0.12447 0.13222 -0.1977 1.0134
CD0 0.11296 0.12971 -0.4593 -0.8770
CD0 0.12281 0.13113 -0.2356 0.1940
CD0 0.14721 0.12937 0.3190 -1.1319
CD0 0.10338 0.13187 -0.6770 0.7506
CD0 0.13204 0.13061 -0.0257 -0.1978
CD0 0.14726 0.13126 0.3201 0.2889
CD0 0.15260 0.13038 0.4415 -0.3684
CD0 0.09025 0.12894 -0.9755 -1.4590
CD0 0.16053 0.13173 0.6218 0.6465
CD0 0.12738 0.13187 -0.1316 0.7533
CD0 0.12752 0.12980 -0.1284 -0.8076
CD0 0.13866 0.13135 0.1247 0.3580
CD0 0.11382 0.12886 -0.4397 -1.5163
CD0 0.16720 0.12979 0.7734 -0.8176
CD0 0.10784 0.13025 -0.5757 -0.4700
CD0 0.13693 0.13223 0.0854 1.0204
CD0 0.10396 0.12897 -0.6639 -1.4346
CD0 0.14339 0.13072 0.2322 -0.1145
CD0 0.16854 0.13076 0.8038 -0.0883
CD0 0.16684 0.13375 0.7653 2.1686
CD0 0.10102 0.13259 -0.7306 1.2912
CD0 0.14416 0.13068 0.2497 -0.1475
CD0 0.16772 0.13341 0.7851 1.9103
CD0 0.10680 0.13048 -0.5994 -0.2993
CD0 0.12567 0.13101 -0.1705 0.1052
CD0 0.15193 0.13124 0.4263 0.2739
CD0 0.15412 0.13057 0.4762 -0.2316
CD0 0.12888 0.13193 -0.0976 0.7974
CD0 0.14537 0.13360 0.2772 2.0529
CD0 0.14804 0.13116 0.3378 0.2130
CD0 0.12025 0.12921 -0.2938 -1.2527
CD0 0.14655 0.13098 0.3041 0.0845
CD0 0.13998 0.13041 0.1548 -0.3453
CD0 0.15054 0.13293 0.3948 1.5528
CD0 0.13420 0.13168 0.0233 0.6115
CD0 0.11878 0.12909 -0.3271 -1.3402
CD0 0.12740 0.12973 -0.1312 -0.8578
CD0 0.17035 0.13285 0.8449 1.4894
CD0 0.10568 0.13026 -0.6249 -0.4612
CD0 0.10222 0.12922 -0.7034 -1.2445
CD0 0.09024 0.13157 -0.9757 0.5283
CD0 0.16416 0.12969 0.7043 -0.8879
CD0 0.17617 0.13099 0.9773 0.0867
CD0 0.10998 0.13112 -0.5271 0.1893
CD0 0.11259 0.12941 -0.4678 -1.1045
CD0 0.10663 0.12867 -0.6033 -1.6569
CD0 0.14199 0.12991 0.2004 -0.7249
CD0 0.13186 0.13041 -0.0298 -0.3512
CD0 0.16138 0.13317 0.6412 1.7302
CD0 0.10763 0.12910 -0.5806 -1.3339
CD0 0.16643 0.13169 0.7559 0.6160
CD0 0.13000 0.13069 -0.0721 -0.1374
CD0 0.16026 0.13183 0.6157 0.7178
CD0 0.15975 0.13169 0.6042 0.6184
CD0 0.16932 0.13120 0.8215 0.2477
CD0 0.13307 0.13098 -0.0024 0.0819
CD0 0.14282 0.13056 0.2192 -0.2379
CD0 0.13854 0.12928 0.1221 -1.2014
CD0 0.10592 0.12931 -0.6194 -1.1807
CD0 0.13331 0.12964 0.0030 -0.9287
CD0 0.17071 0.13244 0.8532 1.1831
CD0 0.16915 0.13334 0.8178 1.8604
CD0 0.09106 0.12913 -0.9570 -1.3143
CD0 0.14755 0.13038 0.3267 -0.3687
CD0 0.11793 0.13094 -0.3465 0.0474
CD0 0.10113 0.13045 -0.7281 -0.3168
CD0 0.10144 0.13168 -0.7211 0.6085
CD0 0.15913 0.13338 0.5899 1.8861
CD0 0.17358 0.13405 0.9183 2.3930
CD0 0.13495 0.13098 0.0405 0.0812
CD0 0.12292 0.13170 -0.2330 0.6213
CD0 0.13404 0.13284 0.0198 1.4836
CD0 0.16215 0.13291 0.6586 1.5342
CD0 0.15489 0.13309 0.4935 1.6738
CD0 0.09481 0.12870 -0.8718 -1.6371
CD0 0.10787 0.12856 -0.5749 -1.7456
CD0 0.16553 0.13256 0.7354 1.2703
CD0 0.13256 0.12911 -0.0138 -1.3312
CD0 0.14705 0.13175 0.3155 0.6619
CD0 0.15759 0.13014 0.5550 -0.5530
CD0 0.14519 0.13022 0.2732 -0.4923
CD0 0.15375 0.13030 0.4678 -0.4308
k 0.06173 0.06441 0.0913 0.1731
k 0.05219 0.06439 -0.5413 -0.4845
k 0.05091 0.06442 -0.6258 0.2279
k 0.07525 0.06447 0.9871 1.5029
k 0.04558 0.06435 -0.9790 -1.5329
k 0.06612 0.06450 0.3818 2.5121
k 0.07184 0.06449 0.7613 2.1187
k 0.05225 0.06438 -0.5372 -0.6337
k 0.04673 0.06442 -0.9029 0.3455
k 0.05731 0.06440 -0.2015 -0.1687
k 0.05522 0.06432 -0.3401 -2.3441
k 0.05920 0.06438 -0.0768 -0.7205
k 0.05816 0.06442 -0.1452 0.3372
k 0.07369 0.06440 0.8840 -0.1962
k 0.04887 0.06441 -0.7613 0.1951
k 0.07375 0.06440 0.8880 -0.2008
k 0.04665 0.06439 -0.9085 -0.5065
k 0.07358 0.06442 0.8765 0.2459
k 0.05532 0.06438 -0.3340 -0.6337
k 0.06721 0.06437 0.4542 -1.0409
k 0.04536 0.06434 -0.9938 -1.7979
k 0.05876 0.06443 -0.1054 0.5654
k 0.06572 0.06438 0.3555 -0.5745
k 0.06423 0.06442 0.2566 0.4417
k 0.06960 0.06444 0.6127 0.9790
k 0.04990 0.06441 -0.6932 0.1729
k 0.05737 0.06437 -0.1976 -0.9180
k 0.06379 0.06443 0.2274 0.4849
k 0.04613 0.06438 -0.9425 -0.6828
k 0.07048 0.06446 0.6713 1.4471
k 0.05783 0.06440 -0.1675 -0.2864
k 0.05269 0.06440 -0.5078 -0.0525
k 0.05198 0.06442 -0.5551 0.2488
k 0.06491 0.06440 0.3018 -0.2839
k 0.04671 0.06437 -0.9043 -0.9819
k 0.05264 0.06442 -0.5111 0.4377
k 0.05444 0.06443 -0.3922 0.6441
k 0.05307 0.06439 -0.4830 -0.3137
k 0.06731 0.06442 0.4612 0.2641
k 0.06314 0.06443 0.1849 0.4863
k 0.07255 0.06446 0.8079 1.4473
k 0.06642 0.06445 0.4020 0.9804
k 0.05415 0.06441 -0.4111 0.1857
k 0.05505 0.06442 -0.3515 0.4160
k 0.04899 0.06440 -0.7535 -0.0598
k 0.05259 0.06440 -0.5149 -0.1635
k 0.06351 0.06440 0.2092 -0.1458
k 0.06733 0.06442 0.4620 0.4668
k 0.05420 0.06442 -0.4082 0.3391
k 0.05565 0.06444 -0.3115 0.7591
k 0.06950 0.06441 0.6058 0.2064
k 0.07419 0.06440 0.9170 -0.1462
k 0.04782 0.06439 -0.8306 -0.3032
k 0.04742 0.06438 -0.8575 -0.7232
k 0.06818 0.06448 0.5184 1.8313
k 0.06022 0.06432 -0.0086 -2.3281
k 0.05809 0.06436 -0.1500 -1.1997
k 0.06439 0.06441 0.2671 0.1815
k 0.06821 0.06444 0.5208 0.9710
k 0.04737 0.06438 -0.8603 -0.5934
k 0.07429 0.06444 0.9236 0.7532
k 0.07418 0.06438 0.9161 -0.6995
k 0.05784 0.06445 -0.1667 1.0239
k 0.05944 0.06437 -0.0609 -0.8598
k 0.05348 0.06440 -0.4554 -0.1781
k 0.06299 0.06437 0.1750 -0.9536
k 0.05146 0.06442 -0.5897 0.4563
k 0.06140 0.06442 0.0692 0.4389
k 0.07256 0.06446 0.8087 1.3151
k 0.06054 0.06437 0.0124 -0.8388
k 0.07023 0.06442 0.6542 0.3917
k 0.05067 0.06449 -0.6416 2.1539
k 0.07193 0.06445 0.7670 1.2257
k 0.04898 0.06442 -0.7536 0.3485
k 0.05169 0.06431 -0.5743 -2.5358
k 0.06700 0.06441 0.4405 0.0719
k 0.05438 0.06431 -0.3960 -2.5577
k 0.04885 0.06435 -0.7622 -1.4731
k 0.04789 0.06439 -0.8264 -0.4645
k 0.06921 0.06443 0.5866 0.6821
k 0.04586 0.06434 -0.9605 -1.7755
k 0.04697 0.06443 -0.8873 0.6708
k 0.07380 0.06445 0.8910 0.9884
k 0.06887 0.06442 0.5643 0.3730
k 0.05644 0.06441 -0.2591 0.2014
k 0.05107 0.06440 -0.6152 -0.0535
k 0.07144 0.06442 0.7344 0.3535
k 0.06904 0.06443 0.5753 0.5619
k 0.06544 0.06437 0.3370 -1.0573
k 0.06127 0.06438 0.0608 -0.7875
k 0.06112 0.06437 0.0505 -0.9608
k 0.07478 0.06443 0.9559 0.6888
k 0.06103 0.06443 0.0446 0.6533
k 0.04780 0.06441 -0.8319 0.1844
k 0.04752 0.06442 -0.8504 0.3327
k 0.06324 0.06447 0.1911 1.5759
k 0.06738 0.06438 0.4654 -0.5871
k 0.06422 0.06448 0.2565 1.7704
k 0.06768 0.06435 0.4856 -1.5134
k 0.05414 0.06435 -0.4116 -1.5174
kappa 2.27488 2.65383 -0.2577 -0.3994
kappa 1.81647 2.67560 -0.4693 0.4017
kappa 2.28125 2.66454 -0.2548 -0.0054
kappa 1.82206 2.67694 -0.4667 0.4508
kappa 4.28127 2.63623 0.6683 -1.0471
kappa 1.30725 2.68402 -0.7043 0.7115
kappa 1.56752 2.67737 -0.5842 0.4665
kappa 3.76099 2.64684 0.4282 -0.6569
kappa 2.39099 2.66659 -0.2042 0.0699
kappa 2.14550 2.67429 -0.3175 0.3533
kappa 4.88930 2.63955 0.9489 -0.9250
kappa 4.53981 2.63524 0.7876 -1.0837
kappa 1.61542 2.68396 -0.5621 0.7091
kappa 1.33983 2.69793 -0.6893 1.2233
kappa 2.80025 2.65807 -0.0153 -0.2434
kappa 3.15449 2.65755 0.1482 -0.2628
kappa 2.16915 2.67981 -0.3065 0.5563
kappa 3.22955 2.64291 0.1829 -0.8013
kappa 3.60546 2.64173 0.3564 -0.8447
kappa 4.19671 2.63477 0.6292 -1.1008
kappa 1.71606 2.69195 -0.5157 1.0032
kappa 3.46215 2.64287 0.2902 -0.8027
kappa 0.91842 2.70893 -0.8838 1.6281
kappa 0.94750 2.70400 -0.8704 1.4465
kappa 0.90654 2.70700 -0.8893 1.5570
kappa 1.17095 2.70342 -0.7673 1.4255
kappa 4.05428 2.63810 0.5635 -0.9785
kappa 2.27377 2.66939 -0.2583 0.1731
kappa 2.80222 2.65350 -0.0144 -0.4117
kappa 2.62057 2.65865 -0.0982 -0.2221
kappa 1.56397 2.68560 -0.5859 0.7694
kappa 0.86503 2.71365 -0.9084 1.8016
kappa 1.45460 2.68721 -0.6363 0.8287
kappa 4.38593 2.64645 0.7166 -0.6713
kappa 2.13407 2.66681 -0.3227 0.0780
kappa 2.48899 2.66814 -0.1589 0.1270
kappa 1.81241 2.67591 -0.4712 0.4130
kappa 3.87858 2.64490 0.4824 -0.7281
kappa 3.71025 2.63837 0.4047 -0.9686
kappa 2.32993 2.65420 -0.2323 -0.3861
kappa 2.86100 2.64859 0.0128 -0.5926
kappa 2.38186 2.65349 -0.2084 -0.4122
kappa 3.15108 2.64658 0.1467 -0.6662
kappa 3.23889 2.65484 0.1872 -0.3623
kappa 3.16894 2.64061 0.1549 -0.8861
kappa 4.57352 2.63441 0.8032 -1.1142
kappa 4.78441 2.63503 0.9005 -1.0914
kappa 0.88939 2.70558 -0.8972 1.5049
kappa 2.31224 2.66921 -0.2405 0.1666
kappa 0.84151 2.70159 -0.9193 1.3580
kappa 2.29030 2.66609 -0.2506 0.0515
kappa 4.14661 2.62920 0.6061 -1.3061
kappa 3.61114 2.64167 0.3590 -0.8472
kappa 3.12511 2.65401 0.1347 -0.3930
kappa 1.04064 2.70785 -0.8274 1.5884
kappa 4.18260 2.63417 0.6227 -1.1230
kappa 3.32057 2.65303 0.2249 -0.4289
kappa 1.97808 2.67587 -0.3947 0.4115
kappa 4.06977 2.62646 0.5707 -1.4067
kappa 0.83594 2.71719 -0.9219 1.9319
kappa 1.47936 2.68263 -0.6249 0.6603
kappa 4.08619 2.63886 0.5782 -0.9505
kappa 0.86558 2.72673 -0.9082 2.2830
kappa 1.23931 2.69880 -0.7357 1.2553
kappa 2.84034 2.65836 0.0032 -0.2328
kappa 3.74386 2.63978 0.4202 -0.9166
kappa 3.22012 2.65354 0.1785 -0.4103
kappa 0.82675 2.70969 -0.9261 1.6559
kappa 1.85747 2.68725 -0.4504 0.8301
kappa 3.72690 2.63661 0.4124 -1.0331
kappa 2.17636 2.67124 -0.3032 0.2412
kappa 1.50828 2.68211 -0.6116 0.6412
kappa 0.67653 2.73056 -0.9954 2.4242
kappa 1.80508 2.68757 -0.4746 0.8419
kappa 4.70003 2.63327 0.8616 -1.1563
kappa 0.88135 2.72546 -0.9009 2.2364
kappa 3.06363 2.65968 0.1063 -0.1842
kappa 4.60860 2.63580 0.8194 -1.0629
kappa 3.70261 2.63231 0.4012 -1.1914
kappa 1.88422 2.66804 -0.4381 0.1232
kappa 3.47719 2.65769 0.2972 -0.2574
kappa 1.18405 2.69540 -0.7612 1.1302
kappa 2.82854 2.63581 -0.0022 -1.0627
kappa 1.80727 2.68260 -0.4736 0.6592
kappa 4.46125 2.64123 0.7513 -0.8633
kappa 4.41921 2.62241 0.7319 -1.5557
kappa 3.96793 2.62336 0.5237 -1.5209
kappa 2.29410 2.65628 -0.2489 -0.3095
kappa 4.12006 2.63802 0.5939 -0.9812
kappa 4.91275 2.62077 0.9597 -1.6162
kappa 2.26758 2.66392 -0.2611 -0.0281
kappa 2.94251 2.63866 0.0504 -0.9579
kappa 1.37056 2.69020 -0.6751 0.9390
kappa 1.13610 2.69726 -0.7833 1.1987
kappa 3.78728 2.63658 0.4403 -1.0343
kappa 0.92788 2.70678 -0.8794 1.5491
kappa 3.27253 2.64427 0.2027 -0.7515
kappa 1.15899 2.68288 -0.7728 0.6693
kappa 3.56579 2.65094 0.3381 -0.5059
kappa 3.93164 2.64317 0.5069 -0.7919
g 0.99409 0.95355 0.8818 0.1170
g 0.93899 0.95351 -0.2202 -0.0758
g 0.93895 0.95337 -0.2210 -0.6328
g 0.93996 0.95364 -0.2007 0.4619
g 0.97058 0.95325 0.4116 -1.1110
g 0.97877 0.95382 0.5754 1.1839
g 0.91157 0.95357 -0.7685 0.1951
g 0.93248 0.95311 -0.3505 -1.7090
g 0.90552 0.95364 -0.8895 0.4824
g 0.92349 0.95352 -0.5302 -0.0321
g 0.97337 0.95303 0.4675 -2.0214
g 0.99368 0.95370 0.8736 0.7258
g 0.99803 0.95370 0.9607 0.7284
g 0.90682 0.95374 -0.8637 0.8878
g 0.94019 0.95353 -0.1962 0.0223
g 0.98724 0.95402 0.7449 2.0362
g 0.95048 0.95361 0.0096 0.3406
g 0.93495 0.95353 -0.3010 0.0128
g 0.97824 0.95376 0.5647 0.9408
g 0.98643 0.95352 0.7287 -0.0258
g 0.91459 0.95341 -0.7081 -0.4602
g 0.95172 0.95375 0.0343 0.9232
g 0.91472 0.95298 -0.7056 -2.2193
g 0.91802 0.95323 -0.6396 -1.2193
g 0.95307 0.95350 0.0613 -0.1183
g 0.92528 0.95341 -0.4944 -0.4671
g 0.98050 0.95374 0.6101 0.8812
g 0.93654 0.95359 -0.2692 0.2764
g 0.91813 0.95345 -0.6374 -0.3272
g 0.96292 0.95369 0.2585 0.6591
g 0.92620 0.95366 -0.4759 0.5432
g 0.90664 0.95307 -0.8672 -1.8808
g 0.99991 0.95361 0.9982 0.3413
g 0.91843 0.95259 -0.6315 -3.8210
g 0.91313 0.95334 -0.7374 -0.7719
g 0.94806 0.95338 -0.0389 -0.5837
g 0.90040 0.95352 -0.9921 -0.0282
g 0.97893 0.95387 0.5787 1.4024
g 0.90752 0.95367 -0.8496 0.5935
g 0.90395 0.95365 -0.9209 0.5078
g 0.99660 0.95392 0.9321 1.6193
g 0.95167 0.95358 0.0335 0.2308
g 0.99288 0.95388 0.8575 1.4370
g 0.98971 0.95375 0.7942 0.9291
g 0.97340 0.95370 0.4680 0.7079
g 0.90297 0.95374 -0.9407 0.8717
g 0.96438 0.95355 0.2875 0.0831
g 0.90650 0.95301 -0.8699 -2.1012
g 0.90107 0.95386 -0.9787 1.3489
g 0.98444 0.95334 0.6888 -0.7536
g 0.93068 0.95375 -0.3864 0.9198
g 0.97472 0.95330 0.4943 -0.9338
g 0.95298 0.95374 0.0596 0.8634
g 0.97841 0.95368 0.5682 0.6279
g 0.96398 0.95378 0.2796 1.0333
g 0.99728 0.95333 0.9455 -0.8168
g 0.94748 0.95311 -0.0505 -1.7143
g 0.98532 0.95369 0.7064 0.6899
g 0.98218 0.95371 0.6436 0.7524
g 0.95867 0.95318 0.1734 -1.4107
g 0.95063 0.95348 0.0127 -0.1852
g 0.94302 0.95379 -0.1397 1.0973
g 0.96460 0.95299 0.2921 -2.1947
g 0.91958 0.95340 -0.6083 -0.5303
g 0.94392 0.95360 -0.1216 0.2845
g 0.96471 0.95365 0.2942 0.5044
g 0.93074 0.95372 -0.3853 0.7777
g 0.92167 0.95318 -0.5666 -1.4356
g 0.91063 0.95363 -0.7873 0.4089
g 0.98045 0.95352 0.6090 -0.0197
g 0.98757 0.95383 0.7515 1.2427
g 0.98340 0.95374 0.6680 0.8825
g 0.97065 0.95323 0.4130 -1.1957
g 0.96046 0.95361 0.2092 0.3435
g 0.90579 0.95339 -0.8841 -0.5418
g 0.98807 0.95355 0.7614 0.1099
g 0.94735 0.95330 -0.0529 -0.9396
g 0.96866 0.95330 0.3731 -0.9347
g 0.91211 0.95352 -0.7579 -0.0189
g 0.97458 0.95375 0.4915 0.9323
g 0.91469 0.95312 -0.7063 -1.6506
g 0.99584 0.95369 0.9168 0.6813
g 0.97106 0.95377 0.4213 0.9955
g 0.95306 0.95332 0.0613 -0.8520
g 0.96533 0.95375 0.3066 0.9218
g 0.92298 0.95336 -0.5404 -0.6604
g 0.94991 0.95374 -0.0019 0.8856
g 0.90861 0.95374 -0.8278 0.8703
g 0.92795 0.95350 -0.4409 -0.1049
g 0.92855 0.95344 -0.4290 -0.3377
g 0.91651 0.95331 -0.6697 -0.8971
g 0.94161 0.95370 -0.1678 0.7319
g 0.90632 0.95345 -0.8735 -0.3050
g 0.90258 0.95339 -0.9484 -0.5393
g 0.93327 0.95374 -0.3347 0.8732
g 0.99914 0.95359 0.9828 0.2642
g 0.97271 0.95346 0.4541 -0.2730
g 0.94277 0.95357 -0.1445 0.1610
g 0.91994 0.95341 -0.6012 -0.4817
g 0.91215 0.95352 -0.7569 -0.0131
lam_c 2.44402 2.61874 -0.1670 0.6933
lam_c 3.07568 2.62232 0.3068 1.0094
lam_c 3.53632 2.60658 0.6522 -0.3816
lam_c 2.56656 2.60677 -0.0751 -0.3648
lam_c 3.60495 2.61626 0.7037 0.4741
lam_c 3.49679 2.60984 0.6226 -0.0938
lam_c 3.59902 2.59892 0.6993 -1.0582
lam_c 2.21846 2.62170 -0.3362 0.9542
lam_c 2.57865 2.60715 -0.0660 -0.3312
lam_c 1.76074 2.62803 -0.6794 1.5136
lam_c 2.89216 2.61668 0.1691 0.5109
lam_c 1.44632 2.60948 -0.9153 -0.1250
lam_c 2.58537 2.61853 -0.0610 0.6740
lam_c 1.76962 2.61673 -0.6728 0.5154
lam_c 2.60721 2.60126 -0.0446 -0.8511
lam_c 1.81674 2.59632 -0.6374 -1.2875
lam_c 1.33735 2.62793 -0.9970 1.5049
lam_c 2.45802 2.60516 -0.1565 -0.5070
lam_c 2.47537 2.59957 -0.1435 -1.0004
lam_c 2.77627 2.61010 0.0822 -0.0700
lam_c 1.66575 2.64489 -0.7507 3.0036
lam_c 2.66205 2.59167 -0.0035 -1.6988
lam_c 2.13246 2.63076 -0.4007 1.7548
lam_c 1.55036 2.62897 -0.8372 1.5966
lam_c 2.42722 2.61266 -0.1796 0.1559
lam_c 3.11163 2.61001 0.3337 -0.0785
lam_c 2.14087 2.61087 -0.3943 -0.0028
lam_c 3.23582 2.59967 0.4269 -0.9922
lam_c 3.43672 2.62012 0.5775 0.8147
lam_c 1.37071 2.60555 -0.9720 -0.4728
lam_c 1.90815 2.61777 -0.5689 0.6074
lam_c 2.08972 2.63688 -0.4327 2.2960
lam_c 2.91280 2.61030 0.1846 -0.0525
lam_c 2.63191 2.59051 -0.0261 -1.8016
lam_c 2.84818 2.62116 0.1361 0.9065
lam_c 1.53013 2.61081 -0.8524 -0.0072
lam_c 2.09896 2.62203 -0.4258 0.9833
lam_c 1.76213 2.60147 -0.6784 -0.8332
lam_c 3.32265 2.58826 0.4920 -2.0002
lam_c 3.15595 2.61124 0.3670 0.0299
lam_c 2.14637 2.59319 -0.3902 -1.5647
lam_c 3.66978 2.60193 0.7523 -0.7925
lam_c 1.69500 2.59901 -0.7287 -1.0506
lam_c 1.38086 2.60416 -0.9644 -0.5953
lam_c 2.32895 2.60864 -0.2533 -0.1997
lam_c 3.11587 2.59368 0.3369 -1.5213
lam_c 3.85646 2.59049 0.8923 -1.8026
lam_c 2.68972 2.62749 0.0173 1.4661
lam_c 1.69730 2.60142 -0.7270 -0.8370
lam_c 2.92632 2.61479 0.1947 0.3443
lam_c 1.37815 2.61562 -0.9664 0.4177
lam_c 3.51478 2.61652 0.6361 0.4969
lam_c 2.19314 2.59555 -0.3551 -1.3559
lam_c 1.60489 2.61609 -0.7963 0.4590
lam_c 1.73145 2.60884 -0.7014 -0.1821
lam_c 3.54302 2.61914 0.6573 0.7282
lam_c 3.75047 2.61347 0.8129 0.2271
lam_c 1.82546 2.61352 -0.6309 0.2321
lam_c 3.99489 2.59420 0.9962 -1.4748
lam_c 3.62747 2.63346 0.7206 1.9937
lam_c 2.21167 2.61691 -0.3412 0.5311
lam_c 1.46966 2.60118 -0.8978 -0.8582
lam_c 1.73663 2.61113 -0.6975 0.0209
lam_c 2.49713 2.62290 -0.1272 1.0606
lam_c 1.88137 2.60724 -0.5890 -0.3230
lam_c 1.81851 2.61569 -0.6361 0.4235
lam_c 2.06058 2.58914 -0.4546 -1.9226
lam_c 3.67370 2.62131 0.7553 0.9203
lam_c 1.43053 2.59977 -0.9271 -0.9831
lam_c 3.79322 2.60670 0.8449 -0.3704
lam_c 2.53136 2.60846 -0.1015 -0.2157
lam_c 3.30133 2.59345 0.4760 -1.5413
lam_c 2.69849 2.61319 0.0239 0.2023
lam_c 3.85439 2.60299 0.8908 -0.6986
lam_c 1.81678 2.62289 -0.6374 1.0595
lam_c 2.01412 2.62629 -0.4894 1.3599
lam_c 2.68846 2.62405 0.0163 1.1620
lam_c 2.68696 2.61936 0.0152 0.7480
lam_c 2.21607 2.60970 -0.3379 -0.1060
lam_c 2.14751 2.60724 -0.3894 -0.3230
lam_c 1.57104 2.62757 -0.8217 1.4727
lam_c 2.67252 2.61876 0.0044 0.6947
lam_c 3.54829 2.59946 0.6612 -1.0109
lam_c 3.64485 2.60834 0.7336 -0.2258
lam_c 2.43920 2.59210 -0.1706 -1.6603
lam_c 3.94551 2.59488 0.9591 -1.4148
lam_c 3.91193 2.60571 0.9339 -0.4583
lam_c 2.18536 2.60363 -0.3610 -0.6416
lam_c 1.64412 2.60340 -0.7669 -0.6620
lam_c 3.56197 2.60974 0.6715 -0.1025
lam_c 3.84194 2.61152 0.8815 0.0549
lam_c 3.06441 2.60898 0.2983 -0.1690
lam_c 3.90504 2.61231 0.9288 0.1246
lam_c 2.60677 2.61551 -0.0449 0.4080
lam_c 2.73016 2.60095 0.0476 -0.8785
lam_c 1.53091 2.62337 -0.8518 1.1022
lam_c 2.31995 2.61340 -0.2600 0.2215
lam_c 3.79897 2.61654 0.8492 0.4983
lam_c 1.60876 2.61587 -0.7934 0.4392
lam_c 1.69996 2.62318 -0.7250 1.0848
lam_r 4.73852 9.14101 -0.9338 -0.0589
lam_r 8.85081 9.19122 -0.0086 0.7439
lam_r 9.80852 9.19553 0.2069 0.8127
lam_r 9.17780 9.12362 0.0650 -0.3368
lam_r 12.25776 9.15468 0.7580 0.1597
lam_r 10.49430 9.11821 0.3612 -0.4234
lam_r 10.10618 9.09043 0.2739 -0.8676
lam_r 9.80187 9.24108 0.2054 1.5409
lam_r 8.94178 9.02635 0.0119 -1.8920
lam_r 5.10768 9.17462 -0.8508 0.4785
lam_r 5.30976 9.24523 -0.8053 1.6073
lam_r 10.16971 9.10139 0.2882 -0.6924
lam_r 6.32788 9.13055 -0.5762 -0.2260
lam_r 8.13680 9.09479 -0.1692 -0.7978
lam_r 10.19868 8.97001 0.2947 -2.7927
lam_r 9.77539 9.03373 0.1995 -1.7740
lam_r 6.61596 9.14380 -0.5114 -0.0143
lam_r 6.82049 9.18096 -0.4654 0.5798
lam_r 5.69404 9.17094 -0.7188 0.4196
lam_r 10.33338 9.22610 0.3250 1.3014
lam_r 10.84124 9.21449 0.4393 1.1159
lam_r 5.61721 9.16433 -0.7361 0.3140
lam_r 6.85100 9.22077 -0.4585 1.2163
lam_r 5.76633 9.17460 -0.7026 0.4781
lam_r 9.88575 9.12209 0.2243 -0.3613
lam_r 7.07656 9.17163 -0.4078 0.4307
lam_r 12.17625 9.14450 0.7397 -0.0031
lam_r 6.81097 9.18034 -0.4675 0.5698
lam_r 10.17205 9.19337 0.2887 0.7783
lam_r 10.09810 9.09947 0.2721 -0.7230
lam_r 12.81645 9.15589 0.8837 0.1790
lam_r 10.87034 9.17755 0.4458 0.5253
lam_r 12.73784 9.17930 0.8660 0.5532
lam_r 9.63818 9.07180 0.1686 -1.1654
lam_r 4.47512 9.21344 -0.9931 1.0991
lam_r 7.34581 9.12708 -0.3472 -0.2815
lam_r 11.02689 9.15888 0.4810 0.2269
lam_r 7.49067 9.13025 -0.3146 -0.2308
lam_r 10.29293 9.17458 0.3159 0.4778
lam_r 5.48945 9.16342 -0.7649 0.2994
lam_r 10.19222 9.05719 0.2932 -1.3989
lam_r 7.86803 9.19686 -0.2297 0.8339
lam_r 12.85407 9.10154 0.8922 -0.6899
lam_r 5.07851 9.04571 -0.8573 -1.5825
lam_r 7.64954 9.18786 -0.2789 0.6901
lam_r 11.26622 9.06802 0.5349 -1.2258
lam_r 7.93093 9.05338 -0.2155 -1.4598
lam_r 8.55528 9.17760 -0.0751 0.5261
lam_r 7.41676 9.14545 -0.3312 0.0122
lam_r 5.31141 9.11301 -0.8049 -0.5065
lam_r 7.29011 9.15885 -0.3597 0.2263
lam_r 12.23694 9.23114 0.7533 1.3821
lam_r 11.26499 9.08724 0.5346 -0.9185
lam_r 7.19773 9.18028 -0.3805 0.5690
lam_r 10.38653 9.10770 0.3370 -0.5915
lam_r 11.50224 9.20370 0.5880 0.9433
lam_r 11.52856 9.21995 0.5939 1.2032
lam_r 4.93587 9.16873 -0.8894 0.3843
lam_r 5.90308 9.18320 -0.6718 0.6157
lam_r 12.94434 9.18049 0.9125 0.5723
lam_r 6.93234 9.08222 -0.4402 -0.9987
lam_r 11.36499 9.16554 0.5571 0.3333
lam_r 10.04768 9.07682 0.2607 -1.0851
lam_r 12.19736 9.19348 0.7444 0.7800
lam_r 5.13935 9.16318 -0.8436 0.2956
lam_r 12.74643 9.19118 0.8679 0.7432
lam_r 12.23079 9.04828 0.7519 -1.5413
lam_r 6.56388 9.15143 -0.5231 0.1077
lam_r 10.76389 9.07880 0.4219 -1.0535
lam_r 4.49789 9.20293 -0.9880 0.9310
lam_r 12.13656 9.11827 0.7307 -0.4224
lam_r 8.12919 9.08324 -0.1709 -0.9825
lam_r 11.02659 9.08409 0.4810 -0.9689
lam_r 11.51157 9.09716 0.5901 -0.7600
lam_r 4.68084 9.19762 -0.9468 0.8462
lam_r 12.28531 9.14040 0.7642 -0.0687
lam_r 5.37764 9.20047 -0.7900 0.8917
lam_r 5.82133 9.23850 -0.6902 1.4997
lam_r 8.50092 9.11706 -0.0873 -0.4417
lam_r 6.69731 9.11815 -0.4931 -0.4243
lam_r 10.20469 9.23056 0.2961 1.3727
lam_r 6.13836 9.13184 -0.6189 -0.2055
lam_r 9.98213 9.15651 0.2460 0.1890
lam_r 11.21451 9.18961 0.5233 0.7180
lam_r 13.01002 8.81629 0.9273 -5.2503
lam_r 7.99443 9.13689 -0.2013 -0.1247
lam_r 6.98669 9.08982 -0.4280 -0.8773
lam_r 9.57883 9.13648 0.1552 -0.1314
lam_r 10.23402 9.16397 0.3027 0.3081
lam_r 12.64911 9.18431 0.8461 0.6333
lam_r 9.65061 9.15947 0.1714 0.2362
lam_r 8.34200 9.13384 -0.1231 -0.1736
lam_r 7.08995 9.21446 -0.4048 1.1155
lam_r 10.89074 9.19525 0.4504 0.8083
lam_r 10.11205 9.12261 0.2752 -0.3531
lam_r 5.08144 9.13745 -0.8567 -0.1159
lam_r 7.10480 9.17042 -0.4014 0.4114
lam_r 5.93028 9.12679 -0.6657 -0.2862
lam_r 8.84841 9.17179 -0.0091 0.4333
lam_r 7.83211 9.19216 -0.2378 0.7588
beta_c 0.85115 0.98479 -0.6824 -0.5560
beta_c 1.01305 0.98434 0.0598 -1.4729
beta_c 1.06950 0.98526 0.3186 0.3846
beta_c 0.93069 0.98513 -0.3178 0.1233
beta_c 1.14595 0.98437 0.6691 -1.4026
beta_c 0.82615 0.98511 -0.7970 0.0740
beta_c 0.80693 0.98553 -0.8851 0.9286
beta_c 1.09046 0.98449 0.4147 -1.1636
beta_c 1.02756 0.98506 0.1263 -0.0181
beta_c 1.10985 0.98434 0.5036 -1.4628
beta_c 1.18967 0.98451 0.8695 -1.1298
beta_c 1.00478 0.98511 0.0219 0.0822
beta_c 1.13831 0.98454 0.6341 -1.0744
beta_c 1.06452 0.98509 0.2958 0.0472
beta_c 1.00620 0.98575 0.0284 1.3788
beta_c 1.00143 0.98580 0.0066 1.4676
beta_c 1.21462 0.98438 0.9839 -1.3960
beta_c 0.93270 0.98512 -0.3085 0.1053
beta_c 0.96713 0.98524 -0.1507 0.3510
beta_c 0.98887 0.98481 -0.0510 -0.5337
beta_c 1.06099 0.98376 0.2796 -2.6334
beta_c 0.80846 0.98564 -0.8780 1.1464
beta_c 1.06618 0.98429 0.3034 -1.5689
beta_c 0.79860 0.98444 -0.9233 -1.2673
beta_c 0.94742 0.98543 -0.2410 0.7168
beta_c 0.97485 0.98556 -0.1153 0.9795
beta_c 1.02878 0.98488 0.1319 -0.3867
beta_c 1.03123 0.98569 0.1432 1.2477
beta_c 1.04518 0.98471 0.2071 -0.7176
beta_c 0.79256 0.98518 -0.9510 0.2236
beta_c 0.92520 0.98511 -0.3429 0.0748
beta_c 1.10388 0.98408 0.4762 -1.9899
beta_c 0.96388 0.98534 -0.1656 0.5458
beta_c 1.14236 0.98567 0.6526 1.2201
beta_c 1.01901 0.98458 0.0872 -0.9812
beta_c 1.03024 0.98502 0.1386 -0.0928
beta_c 1.07702 0.98456 0.3531 -1.0373
beta_c 1.21068 0.98503 0.9658 -0.0804
beta_c 0.78357 0.98613 -0.9922 2.1390
beta_c 0.83364 0.98524 -0.7626 0.3465
beta_c 0.82059 0.98584 -0.8225 1.5534
beta_c 0.87187 0.98548 -0.5874 0.8183
beta_c 0.79092 0.98548 -0.9585 0.8269
beta_c 1.21278 0.98507 0.9754 -0.0005
beta_c 0.84735 0.98494 -0.6998 -0.2716
beta_c 0.98876 0.98570 -0.0515 1.2806
beta_c 1.16660 0.98548 0.7637 0.8192
beta_c 0.98872 0.98475 -0.0517 -0.6427
beta_c 0.88958 0.98551 -0.5062 0.8974
beta_c 0.90930 0.98541 -0.4158 0.6793
beta_c 0.96593 0.98491 -0.1562 -0.3211
beta_c 0.91600 0.98465 -0.3851 -0.8458
beta_c 0.98722 0.98559 -0.0586 1.0527
beta_c 0.96212 0.98477 -0.1737 -0.6056
beta_c 0.81736 0.98537 -0.8373 0.5987
beta_c 1.16321 0.98418 0.7482 -1.8015
beta_c 1.20466 0.98476 0.9382 -0.6290
beta_c 1.02727 0.98510 0.1250 0.0568
beta_c 0.82306 0.98606 -0.8112 1.9988
beta_c 1.17837 0.98392 0.8177 -2.3116
beta_c 0.94011 0.98488 -0.2745 -0.3770
beta_c 0.94834 0.98530 -0.2368 0.4675
beta_c 0.89327 0.98544 -0.4893 0.7567
beta_c 1.18713 0.98478 0.8578 -0.5875
beta_c 1.08377 0.98500 0.3840 -0.1449
beta_c 0.91314 0.98521 -0.3982 0.2837
beta_c 0.94303 0.98606 -0.2612 1.9939
beta_c 0.96632 0.98475 -0.1544 -0.6534
beta_c 0.94789 0.98591 -0.2389 1.6933
beta_c 1.07519 0.98497 0.3447 -0.2006
beta_c 1.19610 0.98503 0.8990 -0.0876
beta_c 0.80063 0.98600 -0.9140 1.8793
beta_c 1.15179 0.98543 0.6958 0.7168
beta_c 1.15237 0.98555 0.6985 0.9633
beta_c 0.87744 0.98463 -0.5619 -0.8940
beta_c 1.20863 0.98471 0.9564 -0.7215
beta_c 1.16408 0.98456 0.7522 -1.0213
beta_c 1.09712 0.98474 0.4452 -0.6591
beta_c 0.82852 0.98513 -0.7861 0.1311
beta_c 0.97701 0.98508 -0.1054 0.0169
beta_c 1.11226 0.98470 0.5146 -0.7432
beta_c 1.02357 0.98493 0.1081 -0.2908
beta_c 0.80750 0.98571 -0.8825 1.2901
beta_c 1.11512 0.98522 0.5277 0.2998
beta_c 0.96089 0.98580 -0.1793 1.4688
beta_c 0.87805 0.98575 -0.5591 1.3808
beta_c 0.93351 0.98535 -0.3048 0.5558
beta_c 0.82708 0.98540 -0.7927 0.6569
beta_c 0.93942 0.98530 -0.2777 0.4557
beta_c 0.78864 0.98536 -0.9689 0.5951
beta_c 1.21745 0.98452 0.9969 -1.1062
beta_c 0.84151 0.98520 -0.7266 0.2553
beta_c 0.92976 0.98518 -0.3220 0.2147
beta_c 0.91314 0.98509 -0.3982 0.0502
beta_c 0.98235 0.98511 -0.0809 0.0746
beta_c 0.92979 0.98472 -0.3219 -0.6999
beta_c 1.16898 0.98486 0.7747 -0.4293
beta_c 0.86353 0.98461 -0.6256 -0.9348
beta_c 1.21687 0.98457 0.9942 -1.0124
beta_c 0.95312 0.98437 -0.2149 -1.4066
beta_r 1.14483 1.00711 0.9656 1.0497
beta_r 0.95042 0.99788 -0.3306 -0.7739
beta_r 0.87417 0.99432 -0.8389 -1.4766
beta_r 1.10003 1.00775 0.6669 1.1760
beta_r 0.89753 0.99322 -0.6831 -1.6948
beta_r 1.07284 1.00630 0.4856 0.8898
beta_r 1.11414 1.00887 0.7609 1.3977
beta_r 0.91525 0.99293 -0.5650 -1.7509
beta_r 0.94524 1.00059 -0.3651 -0.2390
beta_r 1.01924 1.00166 0.1283 -0.0274
beta_r 1.11072 1.00283 0.7382 0.2047
beta_r 1.10657 1.00637 0.7105 0.9025
beta_r 0.99594 1.00135 -0.0271 -0.0874
beta_r 1.01998 1.00449 0.1332 0.5324
beta_r 1.09101 1.00655 0.6067 0.9391
beta_r 0.89651 0.99899 -0.6899 -0.5535
beta_r 1.12951 1.00640 0.8634 0.9096
beta_r 1.10913 1.00570 0.7276 0.7705
beta_r 0.92014 0.99768 -0.5324 -0.8123
beta_r 1.03868 1.00123 0.2579 -0.1118
beta_r 1.06969 1.00258 0.4646 0.1547
beta_r 1.04431 1.00520 0.2954 0.6719
beta_r 0.87166 0.99150 -0.8556 -2.0331
beta_r 0.86855 0.99143 -0.8763 -2.0471
beta_r 0.91690 0.99935 -0.5540 -0.4840
beta_r 0.88141 0.99632 -0.7906 -1.0822
beta_r 0.99542 1.00019 -0.0306 -0.3180
beta_r 1.07121 1.00638 0.4747 0.9061
beta_r 1.02283 1.00116 0.1522 -0.1252
beta_r 1.12178 1.00852 0.8119 1.3280
beta_r 0.99712 1.00331 -0.0192 0.2986
beta_r 0.98478 0.99944 -0.1015 -0.4649
beta_r 0.88822 0.99612 -0.7452 -1.1202
beta_r 1.13609 1.00910 0.9073 1.4435
beta_r 1.05175 1.00336 0.3450 0.3079
beta_r 1.14411 1.00875 0.9608 1.3740
beta_r 1.13041 1.00654 0.8694 0.9366
beta_r 0.87555 0.99562 -0.8297 -1.2205
beta_r 1.03103 1.00607 0.2068 0.8444
beta_r 0.99618 1.00094 -0.0255 -0.1691
beta_r 1.07629 1.00740 0.5086 1.1060
beta_r 0.86339 0.99299 -0.9107 -1.7397
beta_r 1.04777 1.00614 0.3185 0.8586
beta_r 1.03323 1.00492 0.2215 0.6171
beta_r 0.96199 0.99791 -0.2534 -0.7684
beta_r 0.88769 0.99624 -0.7487 -1.0966
beta_r 1.05576 1.00540 0.3718 0.7122
beta_r 0.86439 0.98957 -0.9041 -2.4152
beta_r 0.95127 1.00203 -0.3249 0.0454
beta_r 0.85824 0.99155 -0.9451 -2.0234
beta_r 0.94219 0.99881 -0.3854 -0.5890
beta_r 0.92481 0.99245 -0.5013 -1.8465
beta_r 1.03575 1.00543 0.2383 0.7173
beta_r 1.05519 1.00419 0.3679 0.4730
beta_r 1.06239 1.00824 0.4160 1.2721
beta_r 0.97316 0.99590 -0.1790 -1.1649
beta_r 1.07628 1.00198 0.5085 0.0362
beta_r 1.04814 1.00528 0.3209 0.6881
beta_r 1.01030 1.00220 0.0687 0.0799
beta_r 1.08372 1.00335 0.5581 0.3071
beta_r 1.14150 1.00889 0.9433 1.4003
beta_r 0.99418 1.00234 -0.0388 0.1072
beta_r 1.13851 1.01086 0.9234 1.7905
beta_r 1.03702 1.00327 0.2468 0.2905
beta_r 0.96607 1.00017 -0.2262 -0.3215
beta_r 0.99298 0.99955 -0.0468 -0.4428
beta_r 1.04658 1.00735 0.3105 1.0964
beta_r 0.94459 0.99851 -0.3694 -0.6499
beta_r 1.12689 1.00989 0.8460 1.5985
beta_r 0.96575 0.99731 -0.2283 -0.8858
beta_r 1.03747 1.00383 0.2498 0.4011
beta_r 1.10786 1.00873 0.7191 1.3703
beta_r 1.09887 1.00787 0.6591 1.1999
beta_r 1.05202 1.00554 0.3468 0.7400
beta_r 1.06422 1.00211 0.4281 0.0627
beta_r 1.07708 1.00644 0.5139 0.9170
beta_r 1.02610 1.00044 0.1740 -0.2682
beta_r 0.97979 0.99635 -0.1347 -1.0763
beta_r 1.11955 1.00635 0.7970 0.8991
beta_r 0.89813 0.99644 -0.6791 -1.0584
beta_r 0.88860 0.99183 -0.7427 -1.9677
beta_r 0.94379 0.99927 -0.3748 -0.4997
beta_r 0.92042 0.99759 -0.5306 -0.8315
beta_r 1.14210 1.00704 0.9473 1.0354
beta_r 1.00918 1.00346 0.0612 0.3290
beta_r 1.11538 1.00561 0.7692 0.7537
beta_r 1.01573 1.00211 0.1049 0.0626
beta_r 0.91515 0.99836 -0.5657 -0.6791
beta_r 1.11250 1.00663 0.7500 0.9546
beta_r 1.11458 1.00474 0.7639 0.5811
beta_r 0.88713 0.99465 -0.7525 -1.4107
beta_r 1.07995 1.00444 0.5330 0.5223
beta_r 1.02060 1.00319 0.1373 0.2757
beta_r 0.90381 0.99713 -0.6413 -0.9225
beta_r 0.95121 0.99888 -0.3253 -0.5758
beta_r 1.07022 1.00728 0.4681 1.0825
beta_r 0.90609 0.99414 -0.6260 -1.5117
beta_r 1.03218 1.00438 0.2145 0.5103
beta_r 1.00992 1.00096 0.0661 -0.1647
beta_r 1.00921 0.99962 0.0614 -0.4294
