t V gam alpha th thsp Tcc Trc lf alt
0.01 6.115 -2.676 2.465 -0.211 -0.955 2.09 64.16 1.0232 49.87
0.03 6.290 -2.617 2.432 -0.184 -0.955 2.09 64.16 1.0370 49.87
0.05 6.377 -2.645 2.537 -0.108 -0.955 2.09 64.16 1.0460 49.86
0.07 6.421 -2.492 2.312 -0.180 -1.898 2.61 65.12 1.0489 49.86
0.09 6.443 -2.397 2.308 -0.089 -1.898 2.61 65.12 1.0529 49.85
0.11 6.454 -2.504 2.371 -0.132 -1.898 2.61 65.12 1.0567 49.85
0.13 6.248 -2.306 2.143 -0.162 -2.820 3.14 65.99 1.0418 49.85
0.15 6.144 -2.329 2.179 -0.149 -2.820 3.14 65.99 1.0378 49.84
0.17 6.093 -2.421 2.273 -0.147 -2.820 3.14 65.99 1.0378 49.84
0.19 6.067 -2.396 2.234 -0.162 -3.729 3.66 66.89 1.0386 49.83
0.21 6.054 -2.039 1.837 -0.202 -3.729 3.66 66.89 1.0373 49.83
0.23 6.135 -2.138 1.928 -0.210 -3.729 3.66 66.89 1.0467 49.83
0.25 6.175 -1.960 1.698 -0.262 -4.604 4.17 67.69 1.0505 49.83
0.27 6.195 -1.811 1.473 -0.338 -4.604 4.17 67.69 1.0531 49.83
0.29 6.205 -1.710 1.244 -0.466 -4.604 4.17 67.69 1.0545 49.83
0.31 6.210 -1.698 1.076 -0.622 -5.436 4.67 68.33 1.0564 49.83
0.33 6.251 -1.568 0.798 -0.770 -5.436 4.67 68.33 1.0596 49.82
0.35 6.271 -1.451 0.462 -0.989 -5.436 4.67 68.33 1.0604 49.82
0.37 6.282 -1.246 -0.001 -1.246 -6.205 5.16 68.77 1.0591 49.82
0.39 6.287 -1.155 -0.302 -1.457 -6.205 5.16 68.77 1.0591 49.82
0.41 6.289 -1.064 -0.637 -1.701 -6.205 5.16 68.77 1.0581 49.82
0.43 6.163 -1.071 -0.958 -2.029 -6.891 5.64 68.97 1.0492 49.82
0.45 6.099 -0.812 -1.462 -2.274 -6.891 5.64 68.97 1.0423 49.82
0.47 6.068 -0.653 -2.031 -2.683 -7.492 6.10 68.96 1.0364 49.83
0.49 6.052 -0.535 -2.483 -3.018 -7.492 6.10 68.96 1.0324 49.83
0.51 6.044 -0.556 -2.708 -3.264 -7.492 6.10 68.96 1.0310 49.83
0.53 6.093 -0.525 -3.101 -3.626 -8.020 6.54 68.86 1.0306 49.83
0.55 6.117 -0.492 -3.473 -3.965 -8.020 6.54 68.86 1.0287 49.83
0.57 6.129 -0.499 -3.756 -4.255 -8.020 6.54 68.86 1.0270 49.83
0.59 6.135 -0.664 -4.003 -4.667 -8.484 6.96 68.71 1.0251 49.84
0.61 6.138 -0.780 -4.213 -4.993 -8.484 6.96 68.71 1.0232 49.84
0.63 6.130 -0.576 -4.708 -5.284 -8.484 6.96 68.71 1.0174 49.84
0.65 6.127 -0.349 -5.274 -5.624 -8.884 7.36 68.50 1.0106 49.84
0.67 6.125 -0.390 -5.524 -5.914 -8.884 7.36 68.50 1.0074 49.84
0.69 6.124 -0.638 -5.566 -6.204 -9.230 7.74 68.30 1.0068 49.84
0.71 6.123 -0.635 -5.868 -6.504 -9.230 7.74 68.30 1.0027 49.85
0.73 6.448 -0.612 -6.102 -6.713 -9.230 7.74 68.30 1.0145 49.85
0.75 6.610 -0.547 -6.498 -7.045 -9.516 8.09 68.09 1.0165 49.85
0.77 6.691 -0.720 -6.529 -7.250 -9.516 8.09 68.09 1.0192 49.85
0.79 6.731 -0.746 -6.701 -7.447 -9.516 8.09 68.09 1.0180 49.85
0.81 6.752 -0.752 -6.901 -7.653 -9.748 8.42 67.88 1.0155 49.85
0.83 6.633 -0.753 -7.066 -7.819 -9.748 8.42 67.88 1.0068 49.85
0.85 6.574 -0.912 -7.046 -7.959 -9.748 8.42 67.88 1.0036 49.85
0.87 6.545 -1.085 -7.027 -8.112 -9.931 8.71 67.68 1.0017 49.85
0.89 6.530 -1.381 -6.851 -8.233 -9.931 8.71 67.68 1.0026 49.85
0.91 6.522 -1.669 -6.657 -8.326 -9.931 8.71 67.68 1.0042 49.85
0.93 6.674 -1.999 -6.364 -8.364 -10.054 8.96 67.51 1.0147 49.85
0.95 6.750 -2.095 -6.310 -8.405 -10.054 8.96 67.51 1.0183 49.85
0.97 6.788 -2.298 -6.141 -8.439 -10.054 8.96 67.51 1.0219 49.84
0.99 6.807 -2.399 -6.023 -8.422 -10.123 9.17 67.34 1.0237 49.84
1.01 6.816 -2.585 -5.918 -8.504 -10.123 9.17 67.34 1.0249 49.83
1.03 6.963 -2.715 -5.758 -8.473 -10.123 9.17 67.34 1.0342 49.83
1.05 7.036 -2.765 -5.702 -8.467 -10.144 9.32 67.16 1.0381 49.82
1.07 7.073 -2.845 -5.567 -8.412 -10.144 9.32 67.16 1.0413 49.81
1.09 7.091 -2.959 -5.408 -8.367 -10.144 9.32 67.16 1.0440 49.81
1.11 7.101 -3.007 -5.370 -8.377 -10.130 9.42 66.99 1.0443 49.80
1.13 6.993 -3.163 -5.184 -8.347 -10.130 9.42 66.99 1.0405 49.80
1.15 6.939 -3.392 -4.987 -8.378 -10.130 9.42 66.99 1.0399 49.79
1.17 6.912 -3.256 -5.088 -8.344 -10.097 9.50 66.81 1.0359 49.78
1.19 6.898 -3.272 -5.028 -8.300 -10.097 9.50 66.81 1.0352 49.78
1.21 6.891 -3.308 -5.030 -8.337 -10.097 9.50 66.81 1.0341 49.77
1.23 7.163 -3.340 -4.997 -8.337 -10.045 9.54 66.61 1.0489 49.77
1.25 7.299 -3.296 -5.043 -8.339 -10.045 9.54 66.61 1.0550 49.76
1.27 7.367 -3.045 -5.266 -8.311 -9.980 9.56 66.39 1.0541 49.76
1.29 7.401 -2.967 -5.378 -8.345 -9.980 9.56 66.39 1.0531 49.75
1.31 7.418 -3.100 -5.231 -8.331 -9.980 9.56 66.39 1.0557 49.75
1.33 7.506 -2.881 -5.477 -8.358 -9.907 9.56 66.15 1.0556 49.74
1.35 7.550 -2.943 -5.412 -8.356 -9.907 9.56 66.15 1.0582 49.74
1.37 7.572 -2.987 -5.339 -8.326 -9.907 9.56 66.15 1.0599 49.74
1.39 7.584 -3.023 -5.342 -8.365 -9.831 9.54 65.91 1.0594 49.73
1.41 7.589 -3.207 -5.178 -8.385 -9.831 9.54 65.91 1.0617 49.72
1.43 7.730 -3.325 -5.091 -8.416 -9.831 9.54 65.91 1.0709 49.72
1.45 7.801 -3.426 -5.015 -8.441 -9.753 9.51 65.67 1.0756 49.71
1.47 7.836 -3.381 -5.108 -8.489 -9.753 9.51 65.67 1.0749 49.70
1.49 7.854 -3.438 -5.110 -8.549 -9.675 9.47 65.42 1.0750 49.70
1.51 7.863 -3.371 -5.161 -8.532 -9.675 9.47 65.42 1.0733 49.69
1.53 7.873 -3.407 -5.147 -8.554 -9.675 9.47 65.42 1.0731 49.69
1.55 7.878 -3.415 -5.169 -8.585 -9.596 9.43 65.16 1.0718 49.68
1.57 7.880 -3.358 -5.178 -8.536 -9.596 9.43 65.16 1.0705 49.67
1.59 7.882 -3.520 -5.022 -8.542 -9.596 9.43 65.16 1.0726 49.67
1.61 7.882 -3.576 -4.928 -8.504 -9.518 9.38 64.91 1.0733 49.66
1.63 7.782 -3.523 -5.019 -8.541 -9.518 9.38 64.91 1.0641 49.65
1.65 7.731 -3.590 -4.953 -8.543 -9.518 9.38 64.91 1.0612 49.64
1.67 7.706 -3.585 -4.944 -8.529 -9.442 9.33 64.66 1.0587 49.63
1.69 7.694 -3.511 -5.053 -8.563 -9.442 9.33 64.66 1.0547 49.62
1.71 7.687 -3.476 -5.026 -8.502 -9.366 9.27 64.40 1.0537 49.62
1.73 7.822 -3.392 -5.101 -8.493 -9.366 9.27 64.40 1.0591 49.61
1.75 7.889 -3.294 -5.183 -8.477 -9.366 9.27 64.40 1.0605 49.60
1.77 7.922 -3.239 -5.198 -8.437 -9.288 9.21 64.13 1.0610 49.59
1.79 7.939 -3.395 -5.014 -8.410 -9.288 9.21 64.13 1.0644 49.59
1.81 7.947 -3.308 -5.024 -8.332 -9.288 9.21 64.13 1.0635 49.58
1.83 8.134 -3.288 -4.960 -8.249 -9.211 9.15 63.86 1.0754 49.57
1.85 8.227 -3.302 -4.896 -8.198 -9.211 9.15 63.86 1.0814 49.57
1.87 8.273 -3.376 -4.852 -8.227 -9.211 9.15 63.86 1.0844 49.56
1.89 8.296 -3.376 -4.795 -8.171 -9.135 9.08 63.59 1.0859 49.55
1.91 8.308 -3.439 -4.687 -8.125 -9.135 9.08 63.59 1.0877 49.55
1.93 8.460 -3.485 -4.605 -8.090 -9.062 9.01 63.33 1.0987 49.54
1.95 8.537 -3.456 -4.626 -8.082 -9.062 9.01 63.33 1.1021 49.53
1.97 8.575 -3.392 -4.694 -8.086 -9.062 9.01 63.33 1.1020 49.52
1.99 8.594 -3.314 -4.769 -8.082 -8.988 8.94 63.06 1.1004 49.52
2.01 8.603 -3.284 -4.798 -8.082 -8.988 8.94 63.06 1.0991 49.51
2.03 8.730 -3.296 -4.766 -8.063 -8.988 8.94 63.06 1.1074 49.50
2.05 8.793 -3.199 -4.804 -8.003 -8.915 8.88 62.79 1.1097 49.50
2.07 8.824 -3.161 -4.797 -7.957 -8.915 8.88 62.79 1.1108 49.49
2.09 8.840 -3.108 -4.787 -7.895 -8.842 8.81 62.52 1.1109 49.48
2.11 8.848 -2.945 -4.954 -7.899 -8.842 8.81 62.52 1.1061 49.48
2.13 8.756 -2.934 -4.975 -7.909 -8.842 8.81 62.52 1.0980 49.47
2.15 8.710 -2.846 -5.016 -7.863 -8.768 8.74 62.25 1.0925 49.47
2.17 8.686 -2.839 -5.007 -7.846 -8.768 8.74 62.25 1.0898 49.46
2.19 8.675 -2.741 -5.108 -7.850 -8.768 8.74 62.25 1.0855 49.45
2.21 8.669 -2.623 -5.158 -7.781 -8.695 8.68 61.97 1.0826 49.45
2.23 8.920 -2.560 -5.174 -7.733 -8.695 8.68 61.97 1.0983 49.44
2.25 9.046 -2.493 -5.259 -7.752 -8.695 8.68 61.97 1.1039 49.44
2.27 9.109 -2.300 -5.400 -7.700 -8.620 8.61 61.69 1.1036 49.43
2.29 9.140 -2.245 -5.398 -7.643 -8.620 8.61 61.69 1.1045 49.43
2.31 9.156 -2.295 -5.328 -7.623 -8.620 8.61 61.69 1.1062 49.43
2.33 9.218 -2.164 -5.455 -7.619 -8.544 8.54 61.40 1.1062 49.42
2.35 9.249 -2.165 -5.364 -7.529 -8.544 8.54 61.40 1.1094 49.42
2.37 9.265 -2.129 -5.375 -7.504 -8.467 8.47 61.11 1.1091 49.42
2.39 9.273 -2.096 -5.362 -7.458 -8.467 8.47 61.11 1.1085 49.41
2.41 9.276 -2.010 -5.457 -7.467 -8.467 8.47 61.11 1.1051 49.41
2.43 9.240 -1.978 -5.459 -7.436 -8.391 8.41 60.82 1.1014 49.41
2.45 9.222 -1.865 -5.500 -7.366 -8.391 8.41 60.82 1.0976 49.41
2.47 9.213 -1.939 -5.426 -7.365 -8.391 8.41 60.82 1.0976 49.40
2.49 9.209 -1.929 -5.442 -7.371 -8.315 8.34 60.54 1.0956 49.40
2.51 9.207 -1.922 -5.515 -7.437 -8.315 8.34 60.54 1.0923 49.40
2.53 9.308 -1.789 -5.661 -7.450 -8.315 8.34 60.54 1.0946 49.40
2.55 9.359 -1.733 -5.674 -7.407 -8.237 8.27 60.25 1.0965 49.40
2.57 9.384 -1.714 -5.685 -7.398 -8.237 8.27 60.25 1.0967 49.39
2.59 9.397 -1.763 -5.578 -7.341 -8.237 8.27 60.25 1.0992 49.39
2.61 9.403 -1.631 -5.645 -7.276 -8.159 8.21 59.95 1.0966 49.39
2.63 9.261 -1.632 -5.623 -7.256 -8.159 8.21 59.95 1.0857 49.39
2.65 9.190 -1.544 -5.689 -7.234 -8.159 8.21 59.95 1.0779 49.38
2.67 9.155 -1.457 -5.718 -7.176 -8.081 8.15 59.67 1.0735 49.38
2.69 9.137 -1.359 -5.690 -7.049 -8.081 8.15 59.67 1.0716 49.38
2.71 9.128 -1.283 -5.714 -6.998 -8.081 8.15 59.67 1.0692 49.38
2.73 9.357 -1.168 -5.755 -6.922 -8.003 8.08 59.38 1.0830 49.38
2.75 9.472 -1.075 -5.836 -6.911 -8.003 8.08 59.38 1.0877 49.38
2.77 9.529 -1.015 -5.830 -6.846 -8.003 8.08 59.38 1.0908 49.38
2.79 9.557 -1.078 -5.736 -6.814 -7.923 8.02 59.08 1.0940 49.38
2.81 9.572 -1.016 -5.739 -6.755 -7.923 8.02 59.08 1.0937 49.38
2.83 9.775 -0.916 -5.840 -6.757 -7.923 8.02 59.08 1.1047 49.38
2.85 9.877 -1.092 -5.617 -6.709 -7.843 7.95 58.79 1.1171 49.37
2.87 9.928 -1.084 -5.632 -6.716 -7.843 7.95 58.79 1.1192 49.37
2.89 9.953 -1.167 -5.557 -6.724 -7.843 7.95 58.79 1.1221 49.37
2.91 9.966 -1.132 -5.587 -6.720 -7.764 7.88 58.50 1.1210 49.37
2.93 10.074 -1.034 -5.695 -6.728 -7.764 7.88 58.50 1.1249 49.36
2.95 10.129 -1.100 -5.589 -6.689 -7.764 7.88 58.50 1.1310 49.36
2.97 10.156 -1.031 -5.600 -6.631 -7.685 7.81 58.20 1.1315 49.36
2.99 10.169 -1.035 -5.611 -6.646 -7.685 7.81 58.20 1.1310 49.36
3.01 10.176 -0.993 -5.633 -6.626 -7.685 7.81 58.20 1.1297 49.36
3.03 10.198 -0.945 -5.613 -6.558 -7.607 7.75 57.91 1.1307 49.36
3.05 10.208 -0.983 -5.585 -6.568 -7.607 7.75 57.91 1.1311 49.35
3.07 10.214 -1.066 -5.443 -6.509 -7.607 7.75 57.91 1.1345 49.35
3.09 10.216 -1.085 -5.396 -6.481 -7.530 7.68 57.62 1.1349 49.35
3.11 10.218 -1.038 -5.377 -6.415 -7.530 7.68 57.62 1.1342 49.35
3.13 10.412 -1.018 -5.435 -6.453 -7.530 7.68 57.62 1.1468 49.34
3.15 10.508 -1.034 -5.346 -6.380 -7.454 7.61 57.33 1.1562 49.34
3.17 10.557 -1.046 -5.335 -6.380 -7.454 7.61 57.33 1.1592 49.34
3.19 10.581 -1.094 -5.250 -6.344 -7.454 7.61 57.33 1.1627 49.34
3.21 10.593 -1.059 -5.216 -6.276 -7.378 7.53 57.05 1.1635 49.33
3.23 10.534 -1.126 -5.140 -6.267 -7.378 7.53 57.05 1.1597 49.33
3.25 10.505 -1.114 -5.205 -6.319 -7.378 7.53 57.05 1.1542 49.33
3.27 10.490 -1.080 -5.228 -6.308 -7.304 7.46 56.77 1.1511 49.32
3.29 10.483 -1.053 -5.202 -6.255 -7.304 7.46 56.77 1.1500 49.32
3.31 10.479 -1.025 -5.170 -6.195 -7.304 7.46 56.77 1.1495 49.32
3.33 10.525 -0.884 -5.272 -6.155 -7.230 7.39 56.49 1.1490 49.31
3.35 10.548 -0.872 -5.245 -6.118 -7.230 7.39 56.49 1.1504 49.31
3.37 10.559 -0.820 -5.293 -6.112 -7.230 7.39 56.49 1.1488 49.31
3.39 10.565 -0.701 -5.427 -6.127 -7.156 7.32 56.21 1.1439 49.31
3.41 10.568 -0.718 -5.363 -6.081 -7.156 7.32 56.21 1.1449 49.31
3.43 10.552 -0.742 -5.326 -6.068 -7.083 7.25 55.93 1.1436 49.31
3.45 10.544 -0.741 -5.249 -5.990 -7.083 7.25 55.93 1.1440 49.31
3.47 10.540 -0.772 -5.262 -6.034 -7.083 7.25 55.93 1.1420 49.31
3.49 10.538 -0.744 -5.292 -6.036 -7.012 7.18 55.65 1.1396 49.31
3.51 10.537 -0.720 -5.231 -5.952 -7.012 7.18 55.65 1.1401 49.31
3.53 10.699 -0.564 -5.382 -5.946 -7.012 7.18 55.65 1.1476 49.31
3.55 10.780 -0.446 -5.453 -5.900 -6.940 7.11 55.37 1.1508 49.32
3.57 10.820 -0.467 -5.341 -5.808 -6.940 7.11 55.37 1.1564 49.32
3.59 10.841 -0.359 -5.468 -5.827 -6.940 7.11 55.37 1.1529 49.32
3.61 10.851 -0.217 -5.616 -5.833 -6.867 7.03 55.09 1.1477 49.32
3.63 11.068 -0.153 -5.725 -5.878 -6.867 7.03 55.09 1.1610 49.33
3.65 11.177 -0.054 -5.795 -5.850 -6.867 7.03 55.09 1.1666 49.33
3.67 11.232 -0.092 -5.705 -5.798 -6.793 6.96 54.79 1.1731 49.33
3.69 11.259 -0.006 -5.839 -5.845 -6.793 6.96 54.79 1.1695 49.34
3.71 11.272 0.026 -5.829 -5.803 -6.793 6.96 54.79 1.1699 49.34
3.73 11.116 0.149 -5.930 -5.781 -6.719 6.88 54.51 1.1521 49.35
3.75 11.037 0.167 -5.914 -5.747 -6.719 6.88 54.51 1.1449 49.35
3.77 10.998 0.161 -5.910 -5.749 -6.719 6.88 54.51 1.1407 49.35
3.79 10.979 0.174 -5.883 -5.708 -6.647 6.81 54.22 1.1388 49.36
3.81 10.969 0.153 -5.783 -5.630 -6.647 6.81 54.22 1.1400 49.36
3.83 10.813 0.181 -5.780 -5.599 -6.578 6.73 53.94 1.1262 49.37
3.85 10.735 0.231 -5.822 -5.591 -6.578 6.73 53.94 1.1171 49.37
3.87 10.696 0.289 -5.900 -5.611 -6.578 6.73 53.94 1.1104 49.37
3.89 10.677 0.241 -5.798 -5.557 -6.511 6.66 53.67 1.1109 49.38
3.91 10.667 0.262 -5.758 -5.496 -6.511 6.66 53.67 1.1100 49.38
3.93 10.721 0.218 -5.729 -5.511 -6.511 6.66 53.67 1.1141 49.38
3.95 10.748 0.243 -5.750 -5.507 -6.446 6.59 53.40 1.1144 49.39
3.97 10.762 0.268 -5.768 -5.500 -6.446 6.59 53.40 1.1136 49.39
3.99 10.769 0.332 -5.805 -5.472 -6.446 6.59 53.40 1.1119 49.39
4.01 10.772 0.356 -5.792 -5.436 -6.382 6.51 53.13 1.1113 49.40
4.03 10.824 0.454 -5.822 -5.367 -6.382 6.51 53.13 1.1134 49.40
4.05 10.850 0.438 -5.812 -5.374 -6.382 6.51 53.13 1.1147 49.41
4.07 10.863 0.478 -5.858 -5.380 -6.319 6.44 52.86 1.1131 49.41
4.09 10.869 0.428 -5.847 -5.419 -6.319 6.44 52.86 1.1127 49.42
4.11 10.873 0.442 -5.830 -5.389 -6.319 6.44 52.86 1.1125 49.42
4.13 10.844 0.453 -5.822 -5.369 -6.258 6.37 52.60 1.1093 49.43
4.15 10.830 0.471 -5.812 -5.342 -6.258 6.37 52.60 1.1072 49.43
4.17 10.823 0.459 -5.805 -5.346 -6.258 6.37 52.60 1.1058 49.43
4.19 10.819 0.546 -5.859 -5.313 -6.199 6.30 52.34 1.1027 49.44
4.21 10.818 0.608 -5.908 -5.300 -6.199 6.30 52.34 1.0998 49.44
4.23 10.839 0.645 -5.924 -5.279 -6.199 6.30 52.34 1.1001 49.45
4.25 10.850 0.619 -5.871 -5.252 -6.141 6.23 52.08 1.1015 49.46
4.27 10.856 0.673 -5.911 -5.238 -6.141 6.23 52.08 1.0995 49.46
4.29 10.859 0.675 -5.869 -5.194 -6.141 6.23 52.08 1.1001 49.47
4.31 10.860 0.647 -5.848 -5.200 -6.084 6.16 51.83 1.0998 49.47
4.33 11.005 0.638 -5.835 -5.197 -6.084 6.16 51.83 1.1110 49.48
4.35 11.078 0.607 -5.749 -5.141 -6.084 6.16 51.83 1.1189 49.48
4.37 11.114 0.588 -5.708 -5.120 -6.029 6.09 51.58 1.1222 49.49
4.39 11.132 0.669 -5.767 -5.098 -6.029 6.09 51.58 1.1207 49.49
4.41 11.142 0.723 -5.851 -5.128 -5.975 6.01 51.33 1.1176 49.50
4.43 11.092 0.775 -5.874 -5.098 -5.975 6.01 51.33 1.1115 49.51
4.45 11.067 0.778 -5.888 -5.110 -5.975 6.01 51.33 1.1079 49.51
4.47 11.055 0.754 -5.829 -5.075 -5.923 5.95 51.08 1.1079 49.52
4.49 11.049 0.649 -5.679 -5.030 -5.923 5.95 51.08 1.1111 49.52
4.51 11.046 0.656 -5.708 -5.053 -5.923 5.95 51.08 1.1088 49.53
4.53 11.069 0.701 -5.763 -5.062 -5.874 5.88 50.85 1.1078 49.54
4.55 11.080 0.673 -5.729 -5.056 -5.874 5.88 50.85 1.1087 49.54
4.57 11.086 0.758 -5.737 -4.979 -5.874 5.88 50.85 1.1079 49.55
4.59 11.088 0.701 -5.677 -4.976 -5.827 5.81 50.62 1.1091 49.55
4.61 11.090 0.709 -5.652 -4.943 -5.827 5.81 50.62 1.1089 49.56
4.63 11.267 0.799 -5.753 -4.954 -5.827 5.81 50.62 1.1196 49.56
4.65 11.356 0.752 -5.686 -4.933 -5.780 5.74 50.38 1.1284 49.57
4.67 11.400 0.746 -5.672 -4.926 -5.780 5.74 50.38 1.1316 49.57
4.69 11.422 0.766 -5.779 -5.014 -5.735 5.67 50.15 1.1289 49.58
4.71 11.433 0.797 -5.800 -5.003 -5.735 5.67 50.15 1.1279 49.58
4.73 11.291 0.799 -5.793 -4.995 -5.735 5.67 50.15 1.1150 49.59
4.75 11.220 0.838 -5.882 -5.044 -5.692 5.61 49.93 1.1051 49.59
4.77 11.184 0.853 -5.828 -4.975 -5.692 5.61 49.93 1.1028 49.60
4.79 11.166 0.857 -5.778 -4.921 -5.692 5.61 49.93 1.1020 49.60
4.81 11.158 0.806 -5.690 -4.884 -5.654 5.55 49.72 1.1033 49.61
4.83 11.161 0.709 -5.602 -4.893 -5.654 5.55 49.72 1.1054 49.61
4.85 11.163 0.680 -5.538 -4.857 -5.654 5.55 49.72 1.1068 49.61
4.87 11.164 0.720 -5.595 -4.874 -5.620 5.49 49.52 1.1040 49.61
4.89 11.165 0.606 -5.472 -4.866 -5.620 5.49 49.52 1.1071 49.62
4.91 11.165 0.651 -5.506 -4.855 -5.620 5.49 49.52 1.1051 49.62
4.93 11.149 0.613 -5.431 -4.818 -5.589 5.43 49.33 1.1053 49.62
4.95 11.141 0.721 -5.539 -4.819 -5.589 5.43 49.33 1.1001 49.62
4.97 11.137 0.677 -5.448 -4.771 -5.589 5.43 49.33 1.1019 49.63
4.99 11.135 0.678 -5.422 -4.744 -5.561 5.37 49.15 1.1018 49.63
5.01 11.134 0.667 -5.402 -4.736 -5.561 5.37 49.15 1.1014 49.64
5.03 11.344 0.604 -5.337 -4.734 -5.561 5.37 49.15 1.1211 49.64
5.05 11.449 0.483 -5.193 -4.710 -5.535 5.31 48.97 1.1345 49.64
5.07 11.502 0.482 -5.207 -4.724 -5.535 5.31 48.97 1.1379 49.64
5.09 11.528 0.395 -5.121 -4.726 -5.513 5.26 48.80 1.1425 49.65
5.11 11.541 0.394 -5.177 -4.782 -5.513 5.26 48.80 1.1408 49.65
5.13 11.444 0.378 -5.176 -4.799 -5.513 5.26 48.80 1.1312 49.65
5.15 11.395 0.466 -5.218 -4.752 -5.494 5.21 48.64 1.1248 49.66
5.17 11.370 0.422 -5.163 -4.741 -5.494 5.21 48.64 1.1236 49.66
5.19 11.358 0.347 -5.106 -4.760 -5.494 5.21 48.64 1.1237 49.66
5.21 11.352 0.359 -5.073 -4.714 -5.479 5.16 48.49 1.1235 49.67
5.23 11.400 0.365 -5.079 -4.715 -5.479 5.16 48.49 1.1269 49.67
5.25 11.425 0.442 -5.111 -4.670 -5.467 5.11 48.34 1.1272 49.67
5.27 11.437 0.385 -5.065 -4.680 -5.467 5.11 48.34 1.1291 49.68
5.29 11.443 0.368 -5.039 -4.671 -5.467 5.11 48.34 1.1298 49.68
5.31 11.446 0.291 -4.961 -4.670 -5.458 5.06 48.21 1.1320 49.68
5.33 11.406 0.259 -4.995 -4.736 -5.458 5.06 48.21 1.1265 49.68
5.35 11.385 0.218 -4.963 -4.744 -5.458 5.06 48.21 1.1251 49.69
5.37 11.375 0.195 -4.994 -4.799 -5.453 5.02 48.08 1.1224 49.69
5.39 11.370 0.220 -4.997 -4.777 -5.453 5.02 48.08 1.1212 49.69
5.41 11.368 0.178 -5.010 -4.832 -5.451 4.98 47.97 1.1199 49.70
5.43 11.050 0.196 -5.019 -4.823 -5.451 4.98 47.97 1.0908 49.70
5.45 10.891 0.115 -4.965 -4.850 -5.451 4.98 47.97 1.0781 49.70
5.47 10.812 0.151 -5.082 -4.930 -5.455 4.94 47.87 1.0670 49.70
5.49 10.772 0.178 -5.109 -4.932 -5.455 4.94 47.87 1.0622 49.70
5.51 10.752 0.156 -5.099 -4.942 -5.455 4.94 47.87 1.0603 49.70
5.53 11.072 0.200 -5.146 -4.947 -5.458 4.91 47.77 1.0858 49.70
5.55 11.232 0.181 -5.132 -4.951 -5.458 4.91 47.77 1.0997 49.70
5.57 11.312 0.176 -5.102 -4.926 -5.458 4.91 47.77 1.1073 49.70
5.59 11.352 0.183 -5.107 -4.924 -5.463 4.88 47.67 1.1101 49.71
5.61 11.372 0.122 -4.991 -4.870 -5.463 4.88 47.67 1.1154 49.71
5.63 11.282 0.064 -4.987 -4.923 -5.463 4.88 47.67 1.1070 49.71
5.65 11.238 -0.097 -4.853 -4.950 -5.473 4.85 47.59 1.1070 49.71
5.67 11.215 -0.123 -4.873 -4.996 -5.473 4.85 47.59 1.1039 49.71
5.69 11.204 -0.110 -4.893 -5.003 -5.473 4.85 47.59 1.1018 49.71
5.71 11.198 -0.138 -4.832 -4.970 -5.488 4.82 47.52 1.1030 49.72
5.73 11.264 -0.155 -4.856 -5.011 -5.488 4.82 47.52 1.1076 49.72
5.75 11.296 -0.241 -4.783 -5.024 -5.488 4.82 47.52 1.1127 49.72
5.77 11.313 -0.247 -4.750 -4.997 -5.505 4.80 47.46 1.1149 49.72
5.79 11.321 -0.179 -4.821 -5.000 -5.505 4.80 47.46 1.1129 49.72
5.81 11.325 -0.197 -4.801 -4.998 -5.505 4.80 47.46 1.1136 49.72
5.83 11.546 -0.233 -4.736 -4.970 -5.523 4.78 47.40 1.1358 49.72
5.85 11.656 -0.136 -4.816 -4.952 -5.523 4.78 47.40 1.1429 49.72
5.87 11.711 -0.155 -4.848 -5.003 -5.539 4.76 47.33 1.1467 49.72
5.89 11.739 -0.190 -4.789 -4.979 -5.539 4.76 47.33 1.1510 49.72
5.91 11.752 -0.195 -4.746 -4.941 -5.539 4.76 47.33 1.1536 49.72
5.93 11.370 -0.094 -4.860 -4.954 -5.560 4.74 47.28 1.1139 49.72
5.95 11.180 -0.152 -4.817 -4.969 -5.560 4.74 47.28 1.0978 49.72
5.97 11.084 -0.260 -4.674 -4.934 -5.560 4.74 47.28 1.0937 49.72
5.99 11.036 -0.217 -4.699 -4.915 -5.590 4.73 47.26 1.0884 49.72
6.01 11.013 -0.135 -4.756 -4.892 -5.590 4.73 47.26 1.0842 49.72
6.03 11.301 -0.186 -4.680 -4.865 -5.618 4.71 47.23 1.1124 49.72
6.05 11.445 -0.180 -4.757 -4.937 -5.618 4.71 47.23 1.1227 49.72
6.07 11.517 -0.160 -4.783 -4.943 -5.618 4.71 47.23 1.1283 49.72
6.09 11.553 -0.126 -4.800 -4.926 -5.644 4.70 47.19 1.1309 49.72
6.11 11.571 -0.130 -4.852 -4.981 -5.644 4.70 47.19 1.1305 49.72
6.13 11.468 -0.226 -4.782 -5.008 -5.644 4.70 47.19 1.1232 49.73
6.15 11.416 -0.290 -4.737 -5.027 -5.675 4.69 47.17 1.1199 49.73
6.17 11.390 -0.347 -4.768 -5.115 -5.675 4.69 47.17 1.1162 49.73
6.19 11.377 -0.398 -4.754 -5.152 -5.675 4.69 47.17 1.1154 49.73
6.21 11.371 -0.470 -4.716 -5.185 -5.709 4.69 47.15 1.1160 49.73
6.23 11.472 -0.405 -4.772 -5.177 -5.709 4.69 47.15 1.1232 49.73
6.25 11.523 -0.467 -4.779 -5.247 -5.742 4.68 47.14 1.1275 49.73
6.27 11.548 -0.460 -4.879 -5.339 -5.742 4.68 47.14 1.1262 49.72
6.29 11.561 -0.606 -4.780 -5.386 -5.742 4.68 47.14 1.1308 49.72
6.31 11.567 -0.663 -4.777 -5.440 -5.775 4.68 47.12 1.1314 49.72
6.33 11.562 -0.723 -4.770 -5.493 -5.775 4.68 47.12 1.1311 49.72
6.35 11.560 -0.827 -4.673 -5.501 -5.775 4.68 47.12 1.1342 49.72
6.37 11.559 -0.764 -4.705 -5.470 -5.813 4.68 47.12 1.1329 49.71
6.39 11.558 -0.760 -4.677 -5.437 -5.813 4.68 47.12 1.1337 49.71
6.41 11.558 -0.760 -4.678 -5.437 -5.813 4.68 47.12 1.1336 49.70
6.43 11.469 -0.866 -4.578 -5.445 -5.856 4.69 47.13 1.1287 49.70
6.45 11.424 -0.842 -4.589 -5.431 -5.856 4.69 47.13 1.1242 49.69
6.47 11.402 -0.861 -4.512 -5.373 -5.856 4.69 47.13 1.1247 49.69
6.49 11.391 -0.869 -4.482 -5.351 -5.903 4.70 47.15 1.1247 49.69
6.51 11.385 -0.896 -4.470 -5.366 -5.903 4.70 47.15 1.1246 49.69
6.53 11.299 -0.868 -4.528 -5.396 -5.903 4.70 47.15 1.1146 49.68
6.55 11.256 -0.876 -4.517 -5.393 -5.951 4.71 47.17 1.1111 49.68
6.57 11.234 -0.893 -4.527 -5.421 -5.951 4.71 47.17 1.1088 49.68
6.59 11.223 -0.960 -4.445 -5.405 -5.951 4.71 47.17 1.1106 49.68
6.61 11.218 -0.958 -4.453 -5.411 -6.002 4.73 47.21 1.1099 49.67
6.63 11.362 -0.956 -4.483 -5.439 -6.002 4.73 47.21 1.1223 49.67
6.65 11.434 -0.953 -4.499 -5.452 -6.002 4.73 47.21 1.1285 49.67
6.67 11.470 -0.993 -4.441 -5.434 -6.050 4.74 47.24 1.1340 49.67
6.69 11.488 -0.953 -4.484 -5.437 -6.050 4.74 47.24 1.1343 49.66
6.71 11.497 -0.934 -4.508 -5.442 -6.050 4.74 47.24 1.1344 49.66
6.73 11.313 -0.868 -4.651 -5.519 -6.100 4.76 47.27 1.1125 49.66
6.75 11.221 -0.872 -4.674 -5.546 -6.100 4.76 47.27 1.1035 49.66
6.77 11.175 -0.948 -4.663 -5.611 -6.100 4.76 47.27 1.0998 49.65
6.79 11.152 -0.949 -4.732 -5.681 -6.151 4.78 47.31 1.0956 49.65
6.81 11.141 -0.945 -4.830 -5.775 -6.151 4.78 47.31 1.0915 49.65
6.83 11.424 -0.911 -4.885 -5.796 -6.196 4.80 47.33 1.1153 49.65
6.85 11.565 -0.853 -4.967 -5.820 -6.196 4.80 47.33 1.1255 49.65
6.87 11.636 -0.880 -4.932 -5.812 -6.196 4.80 47.33 1.1334 49.64
6.89 11.672 -0.771 -5.035 -5.807 -6.237 4.82 47.34 1.1330 49.64
6.91 11.689 -0.844 -4.965 -5.809 -6.237 4.82 47.34 1.1373 49.64
6.93 11.586 -0.827 -5.015 -5.841 -6.237 4.82 47.34 1.1261 49.64
6.95 11.534 -0.815 -5.019 -5.834 -6.281 4.84 47.36 1.1213 49.64
6.97 11.508 -0.854 -4.965 -5.819 -6.281 4.84 47.36 1.1209 49.64
6.99 11.496 -0.745 -5.086 -5.831 -6.281 4.84 47.36 1.1156 49.64
7.01 11.555 -0.726 -5.116 -5.841 -6.324 4.86 47.37 1.1201 49.64
7.03 11.585 -0.719 -5.076 -5.795 -6.324 4.86 47.37 1.1243 49.64
7.05 11.600 -0.699 -5.078 -5.777 -6.324 4.86 47.37 1.1257 49.63
7.07 11.608 -0.693 -5.159 -5.852 -6.365 4.89 47.39 1.1235 49.63
7.09 11.612 -0.732 -5.104 -5.836 -6.365 4.89 47.39 1.1259 49.63
7.11 11.614 -0.723 -5.111 -5.835 -6.365 4.89 47.39 1.1259 49.63
7.13 11.645 -0.752 -5.095 -5.848 -6.408 4.91 47.40 1.1295 49.63
7.15 11.661 -0.704 -5.158 -5.862 -6.408 4.91 47.40 1.1288 49.63
7.17 11.669 -0.706 -5.215 -5.921 -6.408 4.91 47.40 1.1275 49.63
7.19 11.673 -0.704 -5.236 -5.940 -6.448 4.94 47.42 1.1272 49.63
7.21 11.675 -0.556 -5.368 -5.924 -6.448 4.94 47.42 1.1227 49.62
7.23 11.691 -0.464 -5.451 -5.914 -6.448 4.94 47.42 1.1212 49.63
7.25 11.699 -0.366 -5.543 -5.909 -6.484 4.96 47.42 1.1186 49.63
7.27 11.703 -0.337 -5.618 -5.955 -6.484 4.96 47.42 1.1162 49.63
7.29 11.705 -0.331 -5.614 -5.945 -6.484 4.96 47.42 1.1166 49.63
7.31 11.706 -0.399 -5.510 -5.909 -6.520 4.99 47.42 1.1205 49.63
7.33 11.735 -0.398 -5.517 -5.914 -6.520 4.99 47.42 1.1229 49.63
7.35 11.750 -0.381 -5.546 -5.926 -6.520 4.99 47.42 1.1232 49.63
7.37 11.757 -0.382 -5.618 -6.000 -6.556 5.02 47.41 1.1213 49.63
7.39 11.761 -0.352 -5.689 -6.040 -6.556 5.02 47.41 1.1190 49.63
7.41 11.763 -0.462 -5.595 -6.057 -6.556 5.02 47.41 1.1226 49.63
7.43 11.697 -0.512 -5.559 -6.070 -6.593 5.05 47.42 1.1180 49.63
7.45 11.664 -0.464 -5.618 -6.082 -6.593 5.05 47.42 1.1130 49.64
7.47 11.647 -0.491 -5.621 -6.113 -6.593 5.05 47.42 1.1114 49.64
7.49 11.639 -0.481 -5.620 -6.101 -6.630 5.08 47.42 1.1107 49.64
7.51 11.635 -0.497 -5.627 -6.123 -6.630 5.08 47.42 1.1101 49.64
7.53 11.451 -0.479 -5.689 -6.167 -6.630 5.08 47.42 1.0918 49.64
7.55 11.359 -0.353 -5.814 -6.167 -6.668 5.11 47.42 1.0795 49.65
7.57 11.313 -0.305 -5.826 -6.132 -6.668 5.11 47.42 1.0752 49.65
7.59 11.289 -0.287 -5.819 -6.106 -6.668 5.11 47.42 1.0735 49.65
7.61 11.278 -0.384 -5.681 -6.065 -6.706 5.14 47.43 1.0772 49.65
7.63 11.434 -0.335 -5.754 -6.090 -6.706 5.14 47.43 1.0881 49.66
7.65 11.513 -0.423 -5.635 -6.058 -6.706 5.14 47.43 1.0991 49.66
7.67 11.552 -0.446 -5.614 -6.059 -6.744 5.18 47.44 1.1033 49.66
7.69 11.571 -0.463 -5.623 -6.085 -6.744 5.18 47.44 1.1047 49.66
7.71 11.581 -0.478 -5.629 -6.107 -6.744 5.18 47.44 1.1054 49.66
7.73 11.591 -0.491 -5.551 -6.042 -6.783 5.21 47.45 1.1090 49.67
7.75 11.595 -0.516 -5.493 -6.009 -6.783 5.21 47.45 1.1115 49.67
7.77 11.598 -0.600 -5.410 -6.010 -6.783 5.21 47.45 1.1147 49.67
7.79 11.599 -0.548 -5.469 -6.018 -6.824 5.24 47.46 1.1127 49.67
7.81 11.600 -0.630 -5.384 -6.014 -6.824 5.24 47.46 1.1158 49.67
7.83 11.642 -0.616 -5.398 -6.014 -6.824 5.24 47.46 1.1192 49.67
7.85 11.663 -0.662 -5.378 -6.040 -6.866 5.28 47.48 1.1219 49.67
7.87 11.674 -0.642 -5.345 -5.987 -6.866 5.28 47.48 1.1240 49.67
7.89 11.679 -0.809 -5.196 -6.005 -6.866 5.28 47.48 1.1300 49.67
7.91 11.682 -0.803 -5.270 -6.073 -6.910 5.31 47.51 1.1276 49.67
7.93 11.684 -0.745 -5.420 -6.165 -6.910 5.31 47.51 1.1225 49.67
7.95 11.686 -0.805 -5.453 -6.259 -6.910 5.31 47.51 1.1214 49.66
7.97 11.686 -0.752 -5.561 -6.313 -6.948 5.35 47.51 1.1176 49.67
7.99 11.687 -0.677 -5.652 -6.330 -6.948 5.35 47.51 1.1144 49.67
8.01 11.687 -0.703 -5.629 -6.333 -6.948 5.35 47.51 1.1153 49.67
8.03 11.626 -0.723 -5.653 -6.376 -6.986 5.38 47.52 1.1091 49.67
8.05 11.596 -0.802 -5.591 -6.393 -6.986 5.38 47.52 1.1087 49.67
8.07 11.581 -0.652 -5.749 -6.402 -7.023 5.42 47.53 1.1018 49.67
8.09 11.573 -0.672 -5.780 -6.452 -7.023 5.42 47.53 1.1001 49.67
8.11 11.569 -0.599 -5.877 -6.476 -7.023 5.42 47.53 1.0963 49.67
8.13 11.639 -0.635 -5.805 -6.440 -7.058 5.46 47.53 1.1050 49.67
8.15 11.674 -0.607 -5.804 -6.410 -7.058 5.46 47.53 1.1081 49.67
8.17 11.691 -0.573 -5.865 -6.438 -7.058 5.46 47.53 1.1074 49.67
8.19 11.700 -0.557 -5.947 -6.504 -7.092 5.49 47.52 1.1052 49.67
8.21 11.704 -0.567 -5.972 -6.539 -7.092 5.49 47.52 1.1047 49.67
8.23 11.651 -0.616 -5.930 -6.546 -7.092 5.49 47.52 1.1016 49.67
8.25 11.625 -0.625 -5.899 -6.525 -7.125 5.53 47.52 1.1004 49.67
8.27 11.612 -0.643 -5.871 -6.513 -7.125 5.53 47.52 1.1003 49.67
8.29 11.605 -0.716 -5.808 -6.524 -7.161 5.56 47.52 1.1020 49.66
8.31 11.602 -0.812 -5.686 -6.498 -7.161 5.56 47.52 1.1060 49.66
8.33 11.685 -0.891 -5.613 -6.504 -7.161 5.56 47.52 1.1160 49.66
8.35 11.726 -0.916 -5.575 -6.491 -7.199 5.60 47.53 1.1211 49.66
8.37 11.747 -1.020 -5.516 -6.537 -7.199 5.60 47.53 1.1251 49.65
8.39 11.757 -0.987 -5.499 -6.486 -7.199 5.60 47.53 1.1267 49.65
8.41 11.763 -1.017 -5.477 -6.494 -7.238 5.64 47.55 1.1280 49.65
8.43 11.818 -1.088 -5.393 -6.482 -7.238 5.64 47.55 1.1362 49.64
8.45 11.846 -1.088 -5.387 -6.474 -7.238 5.64 47.55 1.1390 49.64
8.47 11.860 -1.186 -5.319 -6.505 -7.277 5.67 47.56 1.1428 49.64
8.49 11.867 -1.282 -5.224 -6.506 -7.277 5.67 47.56 1.1470 49.63
8.51 11.870 -1.299 -5.186 -6.485 -7.320 5.71 47.58 1.1488 49.63
8.53 11.940 -1.365 -5.126 -6.491 -7.320 5.71 47.58 1.1576 49.63
8.55 11.975 -1.374 -5.116 -6.491 -7.320 5.71 47.58 1.1613 49.62
8.57 11.993 -1.247 -5.313 -6.561 -7.358 5.74 47.59 1.1555 49.62
8.59 12.001 -1.213 -5.336 -6.549 -7.358 5.74 47.59 1.1555 49.62
8.61 12.006 -1.190 -5.361 -6.551 -7.358 5.74 47.59 1.1550 49.62
8.63 12.110 -1.188 -5.356 -6.544 -7.395 5.77 47.59 1.1649 49.61
8.65 12.163 -1.231 -5.390 -6.621 -7.395 5.77 47.59 1.1686 49.61
8.67 12.189 -1.301 -5.374 -6.674 -7.430 5.80 47.59 1.1717 49.61
8.69 12.202 -1.354 -5.338 -6.692 -7.430 5.80 47.59 1.1744 49.61
8.71 12.208 -1.374 -5.363 -6.737 -7.430 5.80 47.59 1.1740 49.61
8.73 11.886 -1.393 -5.328 -6.721 -7.468 5.83 47.59 1.1453 49.60
8.75 11.724 -1.381 -5.401 -6.781 -7.468 5.83 47.59 1.1279 49.60
8.77 11.644 -1.391 -5.408 -6.799 -7.468 5.83 47.59 1.1203 49.60
8.79 11.603 -1.387 -5.388 -6.774 -7.508 5.87 47.61 1.1175 49.60
8.81 11.583 -1.297 -5.493 -6.790 -7.508 5.87 47.61 1.1119 49.60
8.83 11.767 -1.292 -5.518 -6.810 -7.508 5.87 47.61 1.1275 49.60
8.85 11.860 -1.296 -5.516 -6.812 -7.543 5.90 47.60 1.1360 49.59
8.87 11.906 -1.306 -5.509 -6.815 -7.543 5.90 47.60 1.1404 49.59
8.89 11.929 -1.246 -5.606 -6.851 -7.543 5.90 47.60 1.1389 49.59
8.91 11.940 -1.242 -5.687 -6.929 -7.574 5.93 47.59 1.1368 49.59
8.93 11.825 -1.249 -5.699 -6.949 -7.574 5.93 47.59 1.1260 49.59
8.95 11.767 -1.169 -5.771 -6.940 -7.605 5.97 47.58 1.1181 49.58
8.97 11.738 -1.212 -5.731 -6.944 -7.605 5.97 47.58 1.1170 49.58
8.99 11.723 -1.200 -5.817 -7.017 -7.605 5.97 47.58 1.1125 49.58
9.01 11.716 -1.200 -5.817 -7.018 -7.635 6.00 47.57 1.1119 49.58
9.03 11.960 -1.185 -5.844 -7.029 -7.635 6.00 47.57 1.1325 49.58
9.05 12.082 -1.309 -5.659 -6.967 -7.635 6.00 47.57 1.1506 49.58
9.07 12.143 -1.389 -5.586 -6.975 -7.664 6.03 47.55 1.1590 49.57
9.09 12.173 -1.399 -5.600 -6.999 -7.664 6.03 47.55 1.1612 49.57
9.11 12.188 -1.422 -5.586 -7.009 -7.692 6.06 47.53 1.1631 49.57
9.13 12.062 -1.380 -5.659 -7.039 -7.692 6.06 47.53 1.1485 49.56
9.15 11.998 -1.338 -5.709 -7.047 -7.692 6.06 47.53 1.1407 49.56
9.17 11.967 -1.341 -5.737 -7.079 -7.718 6.09 47.50 1.1367 49.56
9.19 11.951 -1.342 -5.701 -7.043 -7.718 6.09 47.50 1.1365 49.55
9.21 11.943 -1.394 -5.668 -7.062 -7.718 6.09 47.50 1.1370 49.55
9.23 12.078 -1.410 -5.672 -7.081 -7.745 6.12 47.48 1.1491 49.55
9.25 12.146 -1.275 -5.847 -7.122 -7.745 6.12 47.48 1.1484 49.55
9.27 12.180 -1.437 -5.716 -7.153 -7.745 6.12 47.48 1.1566 49.55
9.29 12.197 -1.489 -5.683 -7.172 -7.770 6.15 47.45 1.1593 49.54
9.31 12.206 -1.484 -5.725 -7.209 -7.770 6.15 47.45 1.1583 49.54
9.33 12.236 -1.538 -5.637 -7.175 -7.770 6.15 47.45 1.1646 49.53
9.35 12.252 -1.602 -5.530 -7.132 -7.795 6.18 47.42 1.1702 49.53
9.37 12.260 -1.666 -5.449 -7.115 -7.795 6.18 47.42 1.1741 49.53
9.39 12.263 -1.716 -5.458 -7.174 -7.822 6.20 47.39 1.1740 49.52
9.41 12.265 -1.689 -5.510 -7.198 -7.822 6.20 47.39 1.1719 49.51
9.43 12.214 -1.694 -5.507 -7.201 -7.822 6.20 47.39 1.1671 49.51
9.45 12.188 -1.659 -5.548 -7.207 -7.847 6.23 47.36 1.1629 49.50
9.47 12.175 -1.595 -5.613 -7.208 -7.847 6.23 47.36 1.1590 49.50
9.49 12.169 -1.536 -5.717 -7.253 -7.847 6.23 47.36 1.1542 49.50
9.51 12.166 -1.544 -5.682 -7.227 -7.869 6.26 47.32 1.1551 49.50
9.53 12.227 -1.535 -5.710 -7.246 -7.869 6.26 47.32 1.1595 49.49
9.55 12.258 -1.585 -5.656 -7.241 -7.869 6.26 47.32 1.1644 49.49
9.57 12.274 -1.609 -5.673 -7.283 -7.891 6.28 47.28 1.1650 49.49
9.59 12.281 -1.666 -5.593 -7.259 -7.891 6.28 47.28 1.1688 49.48
9.61 12.285 -1.771 -5.540 -7.311 -7.914 6.31 47.24 1.1712 49.48
9.63 12.358 -1.713 -5.607 -7.320 -7.914 6.31 47.24 1.1751 49.48
9.65 12.395 -1.786 -5.523 -7.309 -7.914 6.31 47.24 1.1819 49.47
9.67 12.413 -1.702 -5.594 -7.295 -7.934 6.33 47.20 1.1805 49.47
9.69 12.422 -1.706 -5.603 -7.308 -7.934 6.33 47.20 1.1808 49.46
9.71 12.427 -1.775 -5.524 -7.298 -7.934 6.33 47.20 1.1843 49.46
9.73 12.358 -1.824 -5.408 -7.232 -7.957 6.35 47.16 1.1823 49.45
9.75 12.324 -1.765 -5.459 -7.224 -7.957 6.35 47.16 1.1768 49.45
9.77 12.306 -1.791 -5.488 -7.278 -7.957 6.35 47.16 1.1738 49.45
9.79 12.298 -1.805 -5.481 -7.285 -7.979 6.38 47.12 1.1731 49.44
9.81 12.294 -1.795 -5.449 -7.243 -7.979 6.38 47.12 1.1738 49.44
9.83 12.354 -1.785 -5.403 -7.188 -7.979 6.38 47.12 1.1812 49.44
9.85 12.385 -1.808 -5.422 -7.229 -8.000 6.40 47.07 1.1832 49.43
9.87 12.400 -1.786 -5.450 -7.236 -8.000 6.40 47.07 1.1833 49.43
9.89 12.408 -1.726 -5.466 -7.193 -8.000 6.40 47.07 1.1831 49.42
9.91 12.411 -1.809 -5.375 -7.184 -8.020 6.42 47.03 1.1871 49.42
9.93 12.312 -1.846 -5.371 -7.216 -8.020 6.42 47.03 1.1776 49.41
9.95 12.263 -1.866 -5.357 -7.223 -8.020 6.42 47.03 1.1732 49.41
9.97 12.238 -1.825 -5.456 -7.281 -8.042 6.45 46.98 1.1667 49.40
9.99 12.226 -1.785 -5.467 -7.252 -8.042 6.45 46.98 1.1649 49.40
10.01 12.220 -1.817 -5.375 -7.193 -8.042 6.45 46.98 1.1678 49.39
10.03 12.381 -1.744 -5.487 -7.231 -8.061 6.47 46.93 1.1783 49.39
10.05 12.462 -1.793 -5.449 -7.242 -8.061 6.47 46.93 1.1874 49.38
10.07 12.502 -1.812 -5.465 -7.277 -8.061 6.47 46.93 1.1904 49.37
10.09 12.522 -1.784 -5.559 -7.343 -8.077 6.49 46.87 1.1882 49.37
10.11 12.532 -1.899 -5.487 -7.385 -8.077 6.49 46.87 1.1920 49.37
10.13 12.492 -1.890 -5.468 -7.358 -8.077 6.49 46.87 1.1887 49.36
10.15 12.471 -1.943 -5.396 -7.338 -8.094 6.51 46.81 1.1895 49.36
10.17 12.461 -2.002 -5.334 -7.336 -8.094 6.51 46.81 1.1909 49.35
10.19 12.456 -2.057 -5.293 -7.351 -8.113 6.53 46.76 1.1918 49.35
10.21 12.454 -1.934 -5.396 -7.331 -8.113 6.53 46.76 1.1870 49.34
10.23 12.415 -1.929 -5.426 -7.355 -8.113 6.53 46.76 1.1819 49.33
10.25 12.396 -1.909 -5.444 -7.353 -8.131 6.55 46.70 1.1790 49.33
10.27 12.387 -1.886 -5.519 -7.405 -8.131 6.55 46.70 1.1748 49.32
10.29 12.382 -1.808 -5.613 -7.421 -8.131 6.55 46.70 1.1702 49.32
10.31 12.379 -1.830 -5.619 -7.449 -8.146 6.57 46.63 1.1695 49.31
10.33 12.538 -1.841 -5.641 -7.481 -8.146 6.57 46.63 1.1834 49.30
10.35 12.617 -1.859 -5.558 -7.416 -8.146 6.57 46.63 1.1942 49.30
10.37 12.657 -1.904 -5.489 -7.393 -8.160 6.59 46.56 1.2007 49.30
10.39 12.676 -1.945 -5.446 -7.391 -8.160 6.59 46.56 1.2041 49.29
10.41 12.686 -2.031 -5.349 -7.379 -8.160 6.59 46.56 1.2090 49.28
10.43 12.712 -2.000 -5.382 -7.381 -8.175 6.60 46.50 1.2099 49.28
10.45 12.725 -2.024 -5.352 -7.375 -8.175 6.60 46.50 1.2121 49.27
10.47 12.732 -2.022 -5.389 -7.411 -8.175 6.60 46.50 1.2110 49.27
10.49 12.735 -2.061 -5.355 -7.416 -8.188 6.62 46.43 1.2124 49.26
10.51 12.737 -2.108 -5.295 -7.403 -8.188 6.62 46.43 1.2149 49.26
10.53 12.490 -2.220 -5.220 -7.440 -8.208 6.64 46.37 1.1936 49.25
10.55 12.367 -2.181 -5.295 -7.476 -8.208 6.64 46.37 1.1782 49.24
10.57 12.305 -2.106 -5.354 -7.460 -8.208 6.64 46.37 1.1696 49.23
10.59 12.274 -2.177 -5.293 -7.470 -8.228 6.66 46.32 1.1689 49.23
10.61 12.259 -2.149 -5.360 -7.508 -8.228 6.66 46.32 1.1644 49.22
10.63 12.369 -2.098 -5.360 -7.459 -8.228 6.66 46.32 1.1746 49.22
10.65 12.425 -2.156 -5.322 -7.478 -8.247 6.68 46.26 1.1812 49.21
10.67 12.452 -2.114 -5.349 -7.464 -8.247 6.68 46.26 1.1825 49.20
10.69 12.466 -2.152 -5.342 -7.493 -8.247 6.68 46.26 1.1839 49.20
10.71 12.473 -2.196 -5.377 -7.573 -8.264 6.70 46.20 1.1829 49.19
10.73 12.650 -2.080 -5.456 -7.536 -8.264 6.70 46.20 1.1964 49.19
10.75 12.738 -2.080 -5.486 -7.566 -8.264 6.70 46.20 1.2035 49.18
10.77 12.783 -2.124 -5.521 -7.645 -8.276 6.72 46.12 1.2061 49.18
10.79 12.805 -2.093 -5.557 -7.650 -8.276 6.72 46.12 1.2063 49.17
10.82 12.816 -2.012 -5.602 -7.614 -8.285 6.73 46.03 1.2052 49.16
10.83 12.905 -2.117 -5.509 -7.626 -8.285 6.73 46.03 1.2176 49.16
10.85 12.949 -2.145 -5.485 -7.630 -8.285 6.73 46.03 1.2228 49.15
10.87 12.971 -2.152 -5.470 -7.622 -8.294 6.75 45.95 1.2254 49.15
10.89 12.982 -2.073 -5.514 -7.586 -8.294 6.75 45.95 1.2241 49.14
10.91 12.988 -2.133 -5.462 -7.595 -8.294 6.75 45.95 1.2267 49.14
10.93 12.949 -2.116 -5.473 -7.589 -8.303 6.76 45.86 1.2219 49.13
10.95 12.929 -2.108 -5.566 -7.674 -8.303 6.76 45.86 1.2154 49.12
10.97 12.919 -2.102 -5.575 -7.678 -8.303 6.76 45.86 1.2137 49.12
10.99 12.914 -2.118 -5.586 -7.703 -8.311 6.77 45.77 1.2124 49.11
11.01 12.911 -2.170 -5.510 -7.680 -8.311 6.77 45.77 1.2151 49.11
11.03 12.775 -2.158 -5.550 -7.708 -8.311 6.77 45.77 1.1996 49.10
11.05 12.707 -2.179 -5.541 -7.721 -8.322 6.79 45.69 1.1929 49.09
11.07 12.673 -2.160 -5.585 -7.746 -8.322 6.79 45.69 1.1873 49.08
11.09 12.656 -2.086 -5.656 -7.742 -8.322 6.79 45.69 1.1823 49.08
11.11 12.826 -2.044 -5.635 -7.679 -8.331 6.80 45.60 1.1993 49.07
11.13 12.912 -2.044 -5.619 -7.663 -8.331 6.80 45.60 1.2080 49.07
11.15 12.954 -2.092 -5.635 -7.728 -8.338 6.82 45.51 1.2111 49.06
11.17 12.976 -2.136 -5.584 -7.721 -8.338 6.82 45.51 1.2151 49.06
11.19 12.986 -2.173 -5.478 -7.652 -8.338 6.82 45.51 1.2205 49.05
11.21 12.992 -2.175 -5.506 -7.681 -8.347 6.83 45.42 1.2194 49.04
11.23 13.009 -2.182 -5.475 -7.657 -8.347 6.83 45.42 1.2221 49.04
11.25 13.017 -2.245 -5.369 -7.614 -8.347 6.83 45.42 1.2273 49.03
11.27 13.021 -2.250 -5.363 -7.613 -8.357 6.84 45.33 1.2276 49.03
11.29 13.023 -2.224 -5.415 -7.638 -8.357 6.84 45.33 1.2250 49.02
11.31 13.025 -2.205 -5.437 -7.642 -8.366 6.85 45.24 1.2238 49.01
11.33 12.920 -2.169 -5.422 -7.591 -8.366 6.85 45.24 1.2134 49.00
11.35 12.867 -2.222 -5.322 -7.545 -8.366 6.85 45.24 1.2122 49.00
11.37 12.841 -2.146 -5.456 -7.603 -8.377 6.87 45.15 1.2033 48.99
11.39 12.828 -2.116 -5.517 -7.633 -8.377 6.87 45.15 1.1989 48.99
11.41 12.821 -2.045 -5.608 -7.653 -8.377 6.87 45.15 1.1939 48.98
11.43 12.720 -2.012 -5.648 -7.660 -8.386 6.89 45.06 1.1818 48.97
11.45 12.669 -1.839 -5.856 -7.695 -8.386 6.89 45.06 1.1675 48.97
11.47 12.644 -1.810 -5.877 -7.687 -8.394 6.90 44.97 1.1638 48.96
11.49 12.631 -1.808 -5.869 -7.677 -8.394 6.90 44.97 1.1625 48.96
11.51 12.625 -1.771 -5.967 -7.739 -8.394 6.90 44.97 1.1573 48.96
11.53 12.753 -1.733 -6.033 -7.766 -8.399 6.92 44.86 1.1662 48.95
11.55 12.818 -1.679 -6.102 -7.781 -8.399 6.92 44.86 1.1688 48.95
11.57 12.850 -1.744 -6.043 -7.787 -8.399 6.92 44.86 1.1740 48.94
11.59 12.866 -1.717 -6.125 -7.843 -8.402 6.94 44.76 1.1714 48.94
11.61 12.874 -1.752 -6.037 -7.789 -8.402 6.94 44.76 1.1756 48.93
11.63 12.867 -1.694 -6.058 -7.752 -8.402 6.94 44.76 1.1735 48.93
11.65 12.864 -1.685 -6.053 -7.737 -8.407 6.95 44.66 1.1730 48.92
11.67 12.862 -1.663 -6.077 -7.740 -8.407 6.95 44.66 1.1713 48.92
11.69 12.861 -1.671 -6.084 -7.755 -8.407 6.95 44.66 1.1705 48.91
11.71 12.860 -1.627 -6.093 -7.720 -8.412 6.97 44.55 1.1695 48.91
11.73 12.970 -1.577 -6.167 -7.744 -8.412 6.97 44.55 1.1762 48.91
11.75 13.025 -1.532 -6.204 -7.736 -8.412 6.97 44.55 1.1793 48.91
11.77 13.052 -1.510 -6.167 -7.677 -8.413 6.98 44.44 1.1832 48.90
11.79 13.066 -1.535 -6.175 -7.709 -8.413 6.98 44.44 1.1836 48.90
11.81 13.073 -1.517 -6.192 -7.709 -8.413 6.98 44.44 1.1831 48.90
11.83 13.014 -1.564 -6.140 -7.704 -8.416 7.00 44.33 1.1793 48.89
11.85 12.984 -1.476 -6.250 -7.726 -8.416 7.00 44.33 1.1710 48.89
11.87 12.970 -1.401 -6.303 -7.704 -8.417 7.02 44.22 1.1668 48.89
11.89 12.962 -1.382 -6.307 -7.688 -8.417 7.02 44.22 1.1654 48.88
11.91 12.959 -1.486 -6.210 -7.696 -8.417 7.02 44.22 1.1689 48.88
11.93 13.046 -1.532 -6.157 -7.689 -8.420 7.03 44.11 1.1793 48.88
11.95 13.090 -1.630 -6.060 -7.690 -8.420 7.03 44.11 1.1874 48.87
11.97 13.112 -1.601 -6.144 -7.745 -8.420 7.03 44.11 1.1852 48.87
11.99 13.123 -1.581 -6.169 -7.749 -8.422 7.05 44.00 1.1846 48.87
12.01 13.129 -1.657 -6.101 -7.758 -8.422 7.05 44.00 1.1877 48.86
12.03 13.095 -1.709 -6.056 -7.765 -8.428 7.07 43.90 1.1860 48.86
12.05 13.077 -1.644 -6.125 -7.769 -8.428 7.07 43.90 1.1806 48.85
12.07 13.069 -1.603 -6.145 -7.748 -8.428 7.07 43.90 1.1784 48.85
12.09 13.065 -1.587 -6.209 -7.797 -8.432 7.08 43.79 1.1746 48.84
12.11 13.063 -1.581 -6.253 -7.834 -8.432 7.08 43.79 1.1718 48.84
12.13 13.229 -1.506 -6.336 -7.842 -8.432 7.08 43.79 1.1835 48.83
12.15 13.312 -1.515 -6.295 -7.810 -8.433 7.10 43.68 1.1929 48.83
12.17 13.353 -1.509 -6.279 -7.789 -8.433 7.10 43.68 1.1971 48.82
12.19 13.374 -1.572 -6.269 -7.841 -8.433 7.10 43.68 1.1992 48.82
12.21 13.385 -1.509 -6.367 -7.876 -8.433 7.12 43.57 1.1950 48.81
12.23 13.298 -1.543 -6.318 -7.860 -8.433 7.12 43.57 1.1884 48.81
12.25 13.255 -1.561 -6.292 -7.853 -8.433 7.12 43.57 1.1850 48.80
12.27 13.233 -1.562 -6.244 -7.806 -8.437 7.13 43.46 1.1846 48.79
12.29 13.222 -1.556 -6.322 -7.878 -8.437 7.13 43.46 1.1794 48.79
12.31 13.217 -1.564 -6.334 -7.898 -8.437 7.13 43.46 1.1779 48.79
12.33 13.247 -1.524 -6.399 -7.923 -8.439 7.15 43.35 1.1773 48.78
12.35 13.262 -1.567 -6.366 -7.933 -8.439 7.15 43.35 1.1798 48.77
12.37 13.270 -1.536 -6.357 -7.893 -8.439 7.15 43.35 1.1805 48.77
12.39 13.273 -1.543 -6.321 -7.865 -8.443 7.17 43.24 1.1820 48.76
12.41 13.275 -1.584 -6.287 -7.871 -8.443 7.17 43.24 1.1833 48.76
12.43 13.385 -1.518 -6.350 -7.868 -8.443 7.17 43.24 1.1906 48.75
12.45 13.440 -1.518 -6.310 -7.828 -8.445 7.19 43.13 1.1973 48.75
12.47 13.467 -1.513 -6.243 -7.756 -8.445 7.19 43.13 1.2027 48.74
12.49 13.481 -1.512 -6.251 -7.763 -8.445 7.19 43.13 1.2032 48.74
12.51 13.488 -1.498 -6.231 -7.729 -8.449 7.21 43.03 1.2044 48.73
12.53 13.222 -1.455 -6.307 -7.762 -8.449 7.21 43.03 1.1743 48.73
12.55 13.088 -1.415 -6.294 -7.709 -8.449 7.21 43.03 1.1617 48.73
12.57 13.022 -1.428 -6.256 -7.683 -8.459 7.23 42.93 1.1566 48.72
12.59 12.988 -1.403 -6.284 -7.687 -8.459 7.23 42.93 1.1517 48.72
12.61 12.972 -1.412 -6.281 -7.692 -8.459 7.23 42.93 1.1499 48.71
12.63 13.036 -1.479 -6.287 -7.765 -8.470 7.26 42.84 1.1553 48.71
12.65 13.068 -1.407 -6.396 -7.803 -8.470 7.26 42.84 1.1529 48.71
12.67 13.084 -1.399 -6.449 -7.847 -8.470 7.26 42.84 1.1517 48.70
12.69 13.092 -1.480 -6.386 -7.865 -8.479 7.28 42.75 1.1549 48.70
12.71 13.074 -1.503 -6.372 -7.875 -8.479 7.28 42.75 1.1534 48.69
12.73 13.065 -1.505 -6.414 -7.919 -8.489 7.31 42.66 1.1503 48.68
12.75 13.061 -1.462 -6.477 -7.940 -8.489 7.31 42.66 1.1465 48.68
12.77 13.058 -1.513 -6.436 -7.949 -8.489 7.31 42.66 1.1477 48.67
12.79 13.057 -1.523 -6.476 -7.999 -8.500 7.34 42.57 1.1454 48.67
12.81 13.057 -1.500 -6.489 -7.990 -8.500 7.34 42.57 1.1443 48.66
12.83 13.118 -1.496 -6.526 -8.022 -8.500 7.34 42.57 1.1480 48.65
12.85 13.148 -1.558 -6.430 -7.987 -8.510 7.37 42.48 1.1548 48.65
12.87 13.163 -1.565 -6.322 -7.886 -8.510 7.37 42.48 1.1608 48.64
12.89 13.171 -1.635 -6.256 -7.891 -8.510 7.37 42.48 1.1641 48.63
12.91 13.175 -1.660 -6.185 -7.845 -8.524 7.40 42.40 1.1674 48.62
12.93 13.142 -1.606 -6.224 -7.830 -8.524 7.40 42.40 1.1620 48.61
12.95 13.126 -1.619 -6.192 -7.811 -8.524 7.40 42.40 1.1615 48.61
12.97 13.118 -1.631 -6.258 -7.890 -8.539 7.43 42.33 1.1573 48.60
12.99 13.113 -1.605 -6.303 -7.908 -8.539 7.43 42.33 1.1545 48.59
13.01 13.111 -1.572 -6.314 -7.887 -8.539 7.43 42.33 1.1534 48.59
13.03 13.294 -1.558 -6.338 -7.895 -8.551 7.46 42.25 1.1694 48.58
13.05 13.385 -1.602 -6.287 -7.889 -8.551 7.46 42.25 1.1803 48.57
13.07 13.431 -1.568 -6.272 -7.840 -8.551 7.46 42.25 1.1851 48.57
13.09 13.454 -1.550 -6.311 -7.862 -8.562 7.48 42.16 1.1851 48.56
13.11 13.465 -1.528 -6.334 -7.862 -8.562 7.48 42.16 1.1847 48.55
13.13 13.421 -1.496 -6.381 -7.877 -8.562 7.48 42.16 1.1779 48.55
13.15 13.399 -1.459 -6.385 -7.844 -8.574 7.51 42.08 1.1752 48.54
13.17 13.389 -1.377 -6.511 -7.889 -8.574 7.51 42.08 1.1677 48.54
13.19 13.383 -1.329 -6.592 -7.922 -8.574 7.51 42.08 1.1630 48.53
13.21 13.380 -1.325 -6.611 -7.937 -8.583 7.54 41.99 1.1615 48.52
13.23 13.486 -1.366 -6.636 -8.002 -8.583 7.54 41.99 1.1700 48.52
13.25 13.538 -1.408 -6.604 -8.011 -8.583 7.54 41.99 1.1763 48.51
13.27 13.565 -1.388 -6.686 -8.074 -8.590 7.57 41.90 1.1744 48.50
13.29 13.578 -1.443 -6.653 -8.097 -8.590 7.57 41.90 1.1769 48.49
13.31 13.584 -1.410 -6.636 -8.046 -8.590 7.57 41.90 1.1780 48.49
13.33 13.525 -1.398 -6.626 -8.025 -8.598 7.60 41.81 1.1724 48.48
13.35 13.496 -1.441 -6.621 -8.062 -8.598 7.60 41.81 1.1694 48.47
13.37 13.481 -1.420 -6.596 -8.015 -8.598 7.60 41.81 1.1688 48.46
13.39 13.473 -1.387 -6.578 -7.966 -8.608 7.63 41.73 1.1685 48.46
13.41 13.470 -1.455 -6.507 -7.961 -8.608 7.63 41.73 1.1713 48.45
13.43 13.619 -1.446 -6.564 -8.010 -8.608 7.63 41.73 1.1826 48.44
13.45 13.694 -1.415 -6.642 -8.057 -8.615 7.66 41.63 1.1857 48.43
13.47 13.731 -1.374 -6.675 -8.049 -8.615 7.66 41.63 1.1872 48.42
13.49 13.750 -1.367 -6.691 -8.058 -8.615 7.66 41.63 1.1879 48.41
13.51 13.759 -1.400 -6.656 -8.055 -8.622 7.69 41.54 1.1902 48.40
13.53 13.594 -1.431 -6.600 -8.031 -8.622 7.69 41.54 1.1764 48.40
13.55 13.512 -1.477 -6.556 -8.033 -8.622 7.69 41.54 1.1703 48.39
13.57 13.470 -1.461 -6.591 -8.052 -8.633 7.72 41.46 1.1642 48.38
13.59 13.450 -1.486 -6.595 -8.081 -8.633 7.72 41.46 1.1616 48.37
13.61 13.439 -1.488 -6.563 -8.052 -8.633 7.72 41.46 1.1618 48.36
13.63 13.329 -1.536 -6.514 -8.051 -8.648 7.75 41.39 1.1532 48.36
13.65 13.274 -1.613 -6.391 -8.004 -8.648 7.75 41.39 1.1533 48.34
13.67 13.246 -1.590 -6.391 -7.981 -8.648 7.75 41.39 1.1503 48.34
13.69 13.232 -1.590 -6.455 -8.045 -8.666 7.79 41.32 1.1457 48.33
13.71 13.225 -1.596 -6.465 -8.061 -8.666 7.79 41.32 1.1442 48.32
13.73 13.516 -1.572 -6.476 -8.048 -8.666 7.79 41.32 1.1714 48.31
13.75 13.662 -1.596 -6.474 -8.070 -8.678 7.82 41.24 1.1853 48.30
13.77 13.735 -1.567 -6.509 -8.075 -8.678 7.82 41.24 1.1904 48.29
13.79 13.771 -1.639 -6.434 -8.073 -8.689 7.85 41.16 1.1974 48.28
13.81 13.789 -1.648 -6.425 -8.073 -8.689 7.85 41.16 1.1993 48.28
13.83 13.939 -1.736 -6.378 -8.114 -8.689 7.85 41.16 1.2163 48.27
13.85 14.014 -1.785 -6.272 -8.056 -8.700 7.88 41.08 1.2291 48.26
13.87 14.051 -1.824 -6.248 -8.072 -8.700 7.88 41.08 1.2338 48.25
13.89 14.070 -1.892 -6.143 -8.035 -8.700 7.88 41.08 1.2409 48.24
13.91 14.079 -1.883 -6.151 -8.034 -8.711 7.90 41.00 1.2411 48.23
13.93 14.002 -1.911 -6.100 -8.011 -8.711 7.90 41.00 1.2353 48.22
13.95 13.963 -1.881 -6.145 -8.026 -8.711 7.90 41.00 1.2287 48.21
13.97 13.944 -1.807 -6.286 -8.093 -8.723 7.93 40.93 1.2191 48.20
13.99 13.934 -1.820 -6.264 -8.083 -8.723 7.93 40.93 1.2189 48.20
14.01 13.929 -1.862 -6.292 -8.154 -8.723 7.93 40.93 1.2166 48.19
14.03 14.000 -1.866 -6.269 -8.135 -8.734 7.95 40.85 1.2246 48.18
14.05 14.035 -1.882 -6.261 -8.142 -8.734 7.95 40.85 1.2283 48.17
14.07 14.052 -1.892 -6.260 -8.151 -8.734 7.95 40.85 1.2298 48.16
14.09 14.061 -1.859 -6.387 -8.246 -8.743 7.98 40.76 1.2237 48.15
14.11 14.066 -1.934 -6.319 -8.253 -8.743 7.98 40.76 1.2273 48.14
14.13 13.889 -1.927 -6.363 -8.290 -8.743 7.98 40.76 1.2069 48.13
14.15 13.801 -1.967 -6.344 -8.311 -8.756 8.01 40.69 1.1986 48.12
14.17 13.757 -1.957 -6.368 -8.325 -8.756 8.01 40.69 1.1926 48.11
14.19 13.735 -1.916 -6.376 -8.293 -8.756 8.01 40.69 1.1897 48.10
14.21 13.724 -1.953 -6.347 -8.301 -8.770 8.04 40.62 1.1897 48.09
14.23 13.711 -1.975 -6.342 -8.317 -8.770 8.04 40.62 1.1883 48.09
14.25 13.705 -2.006 -6.302 -8.308 -8.770 8.04 40.62 1.1894 48.08
14.27 13.702 -2.071 -6.227 -8.297 -8.785 8.07 40.55 1.1925 48.07
14.29 13.700 -2.100 -6.210 -8.310 -8.785 8.07 40.55 1.1928 48.06
14.31 13.700 -2.097 -6.194 -8.291 -8.785 8.07 40.55 1.1932 48.05
14.33 13.725 -2.113 -6.132 -8.245 -8.802 8.10 40.48 1.1985 48.04
14.35 13.738 -2.122 -6.103 -8.225 -8.802 8.10 40.48 1.2010 48.03
14.37 13.744 -2.065 -6.102 -8.167 -8.802 8.10 40.48 1.2013 48.02
14.39 13.747 -2.069 -6.054 -8.123 -8.819 8.13 40.42 1.2037 48.01
14.41 13.749 -2.118 -6.006 -8.125 -8.819 8.13 40.42 1.2059 48.00
14.43 13.855 -2.133 -5.960 -8.093 -8.819 8.13 40.42 1.2189 47.99
14.45 13.908 -2.140 -6.048 -8.188 -8.836 8.16 40.35 1.2196 47.98
14.47 13.935 -2.138 -6.079 -8.218 -8.836 8.16 40.35 1.2204 47.97
14.49 13.948 -2.101 -6.153 -8.254 -8.848 8.18 40.28 1.2177 47.96
14.51 13.955 -2.033 -6.244 -8.277 -8.848 8.18 40.28 1.2133 47.95
14.53 13.725 -2.079 -6.225 -8.304 -8.848 8.18 40.28 1.1908 47.94
14.55 13.610 -2.089 -6.308 -8.397 -8.864 8.21 40.21 1.1749 47.93
14.57 13.553 -2.113 -6.290 -8.403 -8.864 8.21 40.21 1.1698 47.92
14.59 13.524 -2.124 -6.261 -8.384 -8.864 8.21 40.21 1.1681 47.91
14.61 13.510 -2.107 -6.246 -8.353 -8.881 8.25 40.14 1.1670 47.90
14.63 13.746 -2.084 -6.285 -8.370 -8.881 8.25 40.14 1.1882 47.90
14.65 13.864 -2.115 -6.173 -8.288 -8.881 8.25 40.14 1.2055 47.89
14.67 13.923 -2.146 -6.131 -8.277 -8.893 8.27 40.07 1.2133 47.88
14.69 13.952 -2.151 -6.112 -8.263 -8.893 8.27 40.07 1.2170 47.87
14.71 13.967 -2.099 -6.111 -8.210 -8.893 8.27 40.07 1.2182 47.86
14.73 13.997 -2.041 -6.197 -8.237 -8.903 8.30 39.99 1.2166 47.85
14.75 14.013 -2.115 -6.240 -8.355 -8.903 8.30 39.99 1.2156 47.84
14.77 14.020 -2.095 -6.310 -8.405 -8.911 8.32 39.90 1.2125 47.83
14.79 14.024 -2.080 -6.300 -8.380 -8.911 8.32 39.90 1.2130 47.83
14.81 14.026 -2.058 -6.300 -8.358 -8.911 8.32 39.90 1.2128 47.82
14.83 13.961 -2.066 -6.334 -8.400 -8.919 8.35 39.82 1.2041 47.81
14.85 13.928 -2.048 -6.301 -8.349 -8.919 8.35 39.82 1.2020 47.80
14.87 13.912 -2.073 -6.310 -8.383 -8.919 8.35 39.82 1.1996 47.79
14.89 13.903 -2.096 -6.299 -8.394 -8.928 8.37 39.74 1.1990 47.78
14.91 13.899 -2.167 -6.147 -8.315 -8.928 8.37 39.74 1.2059 47.78
14.93 13.774 -2.163 -6.102 -8.265 -8.928 8.37 39.74 1.1950 47.77
14.95 13.711 -2.073 -6.177 -8.251 -8.941 8.40 39.66 1.1845 47.76
14.97 13.679 -2.128 -6.133 -8.261 -8.941 8.40 39.66 1.1832 47.75
14.99 13.664 -2.075 -6.158 -8.232 -8.941 8.40 39.66 1.1800 47.74
15.01 13.656 -2.203 -6.004 -8.206 -8.957 8.43 39.60 1.1865 47.73
15.03 13.746 -2.235 -6.005 -8.240 -8.957 8.43 39.60 1.1952 47.73
15.05 13.790 -2.189 -6.117 -8.307 -8.957 8.43 39.60 1.1938 47.71
15.07 13.813 -2.144 -6.142 -8.286 -8.968 8.45 39.52 1.1945 47.70
15.09 13.824 -2.085 -6.221 -8.306 -8.968 8.45 39.52 1.1913 47.70
15.11 13.830 -2.082 -6.181 -8.263 -8.968 8.45 39.52 1.1935 47.69
15.13 13.932 -2.102 -6.107 -8.209 -8.977 8.48 39.44 1.2074 47.68
15.15 13.983 -2.119 -6.095 -8.214 -8.977 8.48 39.44 1.2129 47.67
15.17 14.008 -2.111 -6.133 -8.245 -8.977 8.48 39.44 1.2132 47.66
15.19 14.021 -2.070 -6.164 -8.234 -8.984 8.50 39.35 1.2126 47.65
15.21 14.028 -2.092 -6.186 -8.278 -8.984 8.50 39.35 1.2118 47.65
15.23 14.067 -2.056 -6.240 -8.296 -8.984 8.50 39.35 1.2127 47.64
15.25 14.087 -2.107 -6.159 -8.266 -8.989 8.52 39.26 1.2186 47.63
15.27 14.097 -2.060 -6.217 -8.277 -8.989 8.52 39.26 1.2162 47.63
15.29 14.102 -2.098 -6.245 -8.343 -8.989 8.52 39.26 1.2149 47.62
15.31 14.105 -2.073 -6.331 -8.404 -8.993 8.54 39.17 1.2103 47.61
15.33 13.972 -2.089 -6.346 -8.435 -8.993 8.54 39.17 1.1957 47.60
15.35 13.906 -2.043 -6.391 -8.435 -8.997 8.56 39.08 1.1863 47.60
15.37 13.873 -2.027 -6.461 -8.488 -8.997 8.56 39.08 1.1790 47.59
15.39 13.856 -2.049 -6.464 -8.513 -8.997 8.56 39.08 1.1768 47.58
15.41 13.848 -2.023 -6.488 -8.511 -9.001 8.58 38.98 1.1743 47.57
15.43 14.031 -1.970 -6.530 -8.501 -9.001 8.58 38.98 1.1900 47.56
15.45 14.122 -1.966 -6.575 -8.541 -9.001 8.58 38.98 1.1965 47.55
15.47 14.168 -1.922 -6.600 -8.522 -8.998 8.60 38.88 1.1993 47.55
15.49 14.191 -2.011 -6.445 -8.457 -8.998 8.60 38.88 1.2094 47.54
15.51 14.202 -2.032 -6.410 -8.441 -8.998 8.60 38.88 1.2120 47.53
15.53 14.185 -2.055 -6.374 -8.429 -8.997 8.62 38.78 1.2116 47.52
15.55 14.176 -2.047 -6.390 -8.437 -8.997 8.62 38.78 1.2094 47.51
15.57 14.171 -2.006 -6.428 -8.434 -8.997 8.62 38.78 1.2065 47.50
15.59 14.169 -2.004 -6.430 -8.434 -8.995 8.63 38.67 1.2057 47.49
15.61 14.168 -1.952 -6.482 -8.435 -8.995 8.63 38.67 1.2023 47.49
15.63 14.019 -1.918 -6.532 -8.449 -8.995 8.63 38.67 1.1843 47.48
15.65 13.945 -1.953 -6.500 -8.453 -8.995 8.65 38.57 1.1781 47.47
15.67 13.908 -1.963 -6.492 -8.454 -8.995 8.65 38.57 1.1743 47.46
15.69 13.889 -1.984 -6.491 -8.475 -8.997 8.68 38.48 1.1721 47.45
15.71 13.880 -1.925 -6.578 -8.503 -8.997 8.68 38.48 1.1662 47.45
15.73 14.036 -1.908 -6.643 -8.551 -8.997 8.68 38.48 1.1780 47.44
15.75 14.114 -1.913 -6.649 -8.562 -8.993 8.70 38.37 1.1850 47.44
15.77 14.154 -1.976 -6.601 -8.577 -8.993 8.70 38.37 1.1910 47.43
15.79 14.173 -1.970 -6.638 -8.608 -8.993 8.70 38.37 1.1906 47.42
15.81 14.183 -1.949 -6.562 -8.511 -8.989 8.71 38.27 1.1951 47.42
15.83 14.328 -1.989 -6.490 -8.479 -8.989 8.71 38.27 1.2133 47.41
15.85 14.401 -1.992 -6.545 -8.537 -8.989 8.71 38.27 1.2173 47.40
15.87 14.437 -1.989 -6.546 -8.535 -8.982 8.73 38.15 1.2206 47.39
15.89 14.455 -1.879 -6.673 -8.552 -8.982 8.73 38.15 1.2149 47.38
15.91 14.464 -1.870 -6.695 -8.565 -8.982 8.73 38.15 1.2142 47.37
15.93 14.252 -1.808 -6.757 -8.565 -8.975 8.74 38.04 1.1888 47.36
15.95 14.146 -1.682 -6.877 -8.559 -8.975 8.74 38.04 1.1713 47.36
15.97 14.093 -1.649 -6.885 -8.535 -8.967 8.76 37.93 1.1652 47.35
15.99 14.067 -1.626 -6.920 -8.546 -8.967 8.76 37.93 1.1602 47.34
16.01 14.054 -1.624 -6.906 -8.529 -8.967 8.76 37.93 1.1592 47.33
16.03 14.099 -1.675 -6.845 -8.520 -8.961 8.79 37.82 1.1664 47.32
16.05 14.121 -1.682 -6.832 -8.513 -8.961 8.79 37.82 1.1687 47.31
16.07 14.132 -1.652 -6.900 -8.552 -8.961 8.79 37.82 1.1658 47.30
16.09 14.138 -1.675 -6.908 -8.583 -8.953 8.81 37.71 1.1654 47.29
16.11 14.141 -1.645 -7.036 -8.682 -8.953 8.81 37.71 1.1584 47.29
16.13 14.157 -1.605 -7.079 -8.683 -8.953 8.81 37.71 1.1572 47.28
16.15 14.165 -1.603 -7.113 -8.716 -8.943 8.83 37.60 1.1556 47.27
16.17 14.169 -1.561 -7.122 -8.683 -8.943 8.83 37.60 1.1550 47.26
16.19 14.171 -1.545 -7.154 -8.699 -8.943 8.83 37.60 1.1530 47.25
16.21 14.172 -1.568 -7.131 -8.699 -8.932 8.85 37.48 1.1538 47.24
16.23 14.137 -1.533 -7.094 -8.626 -8.932 8.85 37.48 1.1519 47.23
16.25 14.120 -1.502 -7.081 -8.583 -8.932 8.85 37.48 1.1504 47.23
16.27 14.111 -1.558 -7.028 -8.587 -8.923 8.87 37.37 1.1518 47.22
16.29 14.107 -1.499 -7.096 -8.595 -8.923 8.87 37.37 1.1473 47.21
16.31 14.105 -1.487 -7.055 -8.542 -8.923 8.87 37.37 1.1487 47.21
16.33 14.354 -1.446 -6.995 -8.441 -8.909 8.89 37.25 1.1760 47.20
16.35 14.479 -1.534 -6.856 -8.391 -8.909 8.89 37.25 1.1956 47.19
16.37 14.541 -1.589 -6.756 -8.345 -8.909 8.89 37.25 1.2071 47.18
16.39 14.572 -1.618 -6.731 -8.349 -8.897 8.90 37.14 1.2112 47.17
16.41 14.588 -1.639 -6.696 -8.335 -8.897 8.90 37.14 1.2142 47.16
16.43 14.610 -1.674 -6.635 -8.308 -8.897 8.90 37.14 1.2195 47.15
16.45 14.621 -1.588 -6.715 -8.304 -8.885 8.91 37.03 1.2156 47.14
16.47 14.627 -1.603 -6.691 -8.294 -8.885 8.91 37.03 1.2170 47.13
16.49 14.630 -1.562 -6.753 -8.315 -8.885 8.91 37.03 1.2134 47.12
16.51 14.631 -1.532 -6.832 -8.364 -8.873 8.92 36.92 1.2086 47.12
16.53 14.558 -1.507 -6.850 -8.357 -8.873 8.92 36.92 1.1996 47.11
16.55 14.522 -1.532 -6.829 -8.361 -8.861 8.94 36.80 1.1965 47.10
16.57 14.503 -1.566 -6.801 -8.367 -8.861 8.94 36.80 1.1957 47.09
16.59 14.494 -1.554 -6.832 -8.385 -8.861 8.94 36.80 1.1926 47.09
16.61 14.490 -1.606 -6.816 -8.422 -8.850 8.95 36.70 1.1925 47.08
16.63 14.286 -1.652 -6.748 -8.400 -8.850 8.95 36.70 1.1751 47.07
16.65 14.184 -1.730 -6.683 -8.413 -8.850 8.95 36.70 1.1678 47.06
16.67 14.133 -1.690 -6.722 -8.412 -8.847 8.98 36.60 1.1601 47.05
16.69 14.107 -1.667 -6.807 -8.474 -8.847 8.98 36.60 1.1526 47.04
16.71 14.095 -1.703 -6.836 -8.539 -8.847 8.98 36.60 1.1494 47.03
16.73 14.404 -1.714 -6.800 -8.514 -8.838 9.00 36.50 1.1818 47.02
16.75 14.559 -1.702 -6.816 -8.518 -8.838 9.00 36.50 1.1962 47.01
16.77 14.637 -1.695 -6.761 -8.457 -8.838 9.00 36.50 1.2068 47.00
16.79 14.675 -1.749 -6.696 -8.445 -8.826 9.01 36.39 1.2140 46.99
16.81 14.695 -1.741 -6.708 -8.449 -8.826 9.01 36.39 1.2149 46.97
16.83 14.599 -1.695 -6.794 -8.489 -8.826 9.01 36.39 1.1997 46.97
16.85 14.552 -1.684 -6.775 -8.460 -8.815 9.02 36.29 1.1954 46.95
16.87 14.528 -1.697 -6.734 -8.431 -8.815 9.02 36.29 1.1948 46.95
16.89 14.516 -1.752 -6.594 -8.346 -8.815 9.02 36.29 1.2009 46.94
16.91 14.510 -1.786 -6.585 -8.371 -8.808 9.04 36.20 1.2003 46.93
16.93 14.471 -1.802 -6.566 -8.368 -8.808 9.04 36.20 1.1969 46.92
16.95 14.452 -1.843 -6.542 -8.385 -8.808 9.04 36.20 1.1958 46.91
16.97 14.442 -1.848 -6.582 -8.430 -8.803 9.05 36.11 1.1922 46.89
16.99 14.437 -1.891 -6.530 -8.420 -8.803 9.05 36.11 1.1941 46.89
17.01 14.435 -1.932 -6.478 -8.411 -8.803 9.05 36.11 1.1963 46.87
17.03 14.514 -1.911 -6.563 -8.474 -8.796 9.07 36.02 1.1995 46.86
17.05 14.554 -1.916 -6.508 -8.424 -8.796 9.07 36.02 1.2062 46.85
17.07 14.574 -1.874 -6.524 -8.399 -8.789 9.08 35.92 1.2070 46.84
17.09 14.584 -1.907 -6.428 -8.335 -8.789 9.08 35.92 1.2129 46.83
17.11 14.589 -1.991 -6.310 -8.301 -8.789 9.08 35.92 1.2197 46.82
17.13 14.541 -1.966 -6.313 -8.279 -8.786 9.10 35.84 1.2140 46.81
17.15 14.517 -1.946 -6.301 -8.247 -8.786 9.10 35.84 1.2116 46.80
17.17 14.505 -1.962 -6.319 -8.281 -8.786 9.10 35.84 1.2089 46.79
17.19 14.498 -1.959 -6.367 -8.326 -8.782 9.11 35.76 1.2053 46.78
17.21 14.495 -1.906 -6.435 -8.341 -8.782 9.11 35.76 1.2007 46.77
17.23 14.540 -1.920 -6.381 -8.301 -8.782 9.11 35.76 1.2080 46.76
17.25 14.562 -1.909 -6.393 -8.303 -8.777 9.13 35.68 1.2092 46.75
17.27 14.573 -1.996 -6.293 -8.289 -8.777 9.13 35.68 1.2156 46.74
17.29 14.578 -1.912 -6.401 -8.313 -8.777 9.13 35.68 1.2098 46.73
17.31 14.581 -1.984 -6.367 -8.351 -8.771 9.14 35.59 1.2116 46.72
17.33 14.431 -2.048 -6.307 -8.355 -8.771 9.14 35.59 1.1988 46.71
17.35 14.357 -2.075 -6.257 -8.332 -8.771 9.14 35.59 1.1934 46.70
17.37 14.319 -2.095 -6.237 -8.331 -8.773 9.16 35.52 1.1902 46.69
17.39 14.301 -2.116 -6.260 -8.376 -8.773 9.16 35.52 1.1866 46.68
17.41 14.291 -2.047 -6.316 -8.363 -8.773 9.16 35.52 1.1823 46.66
17.43 14.357 -2.093 -6.250 -8.342 -8.772 9.17 35.45 1.1923 46.66
17.45 14.389 -2.085 -6.248 -8.333 -8.772 9.17 35.45 1.1955 46.64
17.47 14.406 -2.109 -6.171 -8.280 -8.772 9.17 35.45 1.2011 46.64
17.49 14.414 -2.140 -6.122 -8.262 -8.773 9.19 35.38 1.2043 46.63
17.51 14.418 -2.122 -6.105 -8.227 -8.773 9.19 35.38 1.2054 46.62
17.53 14.636 -2.119 -6.157 -8.277 -8.769 9.20 35.30 1.2254 46.61
17.55 14.745 -2.168 -6.110 -8.277 -8.769 9.20 35.30 1.2395 46.60
17.57 14.799 -2.215 -6.051 -8.266 -8.769 9.20 35.30 1.2485 46.59
17.59 14.826 -2.265 -6.053 -8.318 -8.763 9.21 35.23 1.2511 46.58
17.61 14.840 -2.282 -6.045 -8.327 -8.763 9.21 35.23 1.2527 46.57
17.63 14.524 -2.384 -5.971 -8.355 -8.763 9.21 35.23 1.2221 46.56
17.65 14.365 -2.386 -5.987 -8.373 -8.766 9.22 35.16 1.2039 46.55
17.67 14.286 -2.428 -5.953 -8.381 -8.766 9.22 35.16 1.1970 46.55
17.69 14.247 -2.414 -6.010 -8.424 -8.766 9.22 35.16 1.1894 46.53
17.71 14.227 -2.371 -6.054 -8.425 -8.770 9.24 35.11 1.1847 46.53
17.73 14.309 -2.361 -6.028 -8.390 -8.770 9.24 35.11 1.1944 46.51
17.75 14.350 -2.325 -6.112 -8.437 -8.770 9.24 35.11 1.1939 46.51
17.77 14.371 -2.353 -6.088 -8.442 -8.771 9.25 35.04 1.1971 46.49
17.79 14.381 -2.283 -6.149 -8.431 -8.771 9.25 35.04 1.1945 46.49
17.81 14.386 -2.232 -6.204 -8.437 -8.771 9.25 35.04 1.1917 46.47
17.83 14.611 -2.246 -6.224 -8.470 -8.765 9.26 34.96 1.2142 46.46
17.85 14.723 -2.269 -6.229 -8.498 -8.765 9.26 34.96 1.2257 46.46
17.87 14.779 -2.258 -6.243 -8.501 -8.765 9.26 34.96 1.2306 46.45
17.89 14.808 -2.240 -6.259 -8.499 -8.754 9.27 34.88 1.2324 46.44
17.91 14.822 -2.230 -6.232 -8.462 -8.754 9.27 34.88 1.2351 46.43
17.93 14.569 -2.227 -6.264 -8.490 -8.754 9.27 34.88 1.2059 46.42
17.95 14.443 -2.172 -6.273 -8.445 -8.750 9.28 34.80 1.1917 46.41
17.97 14.380 -2.086 -6.317 -8.404 -8.750 9.28 34.80 1.1822 46.40
17.99 14.348 -2.072 -6.318 -8.390 -8.745 9.29 34.72 1.1786 46.39
18.01 14.333 -2.117 -6.279 -8.396 -8.745 9.29 34.72 1.1787 46.38
18.03 14.398 -2.116 -6.195 -8.311 -8.745 9.29 34.72 1.1897 46.37
18.05 14.430 -2.060 -6.253 -8.313 -8.740 9.30 34.65 1.1896 46.36
18.07 14.446 -2.055 -6.227 -8.282 -8.740 9.30 34.65 1.1924 46.36
18.09 14.454 -2.116 -6.130 -8.246 -8.740 9.30 34.65 1.1983 46.35
18.11 14.458 -2.100 -6.125 -8.225 -8.736 9.31 34.57 1.1986 46.34
18.13 14.581 -2.163 -6.098 -8.261 -8.736 9.31 34.57 1.2129 46.33
18.15 14.642 -2.100 -6.160 -8.260 -8.736 9.31 34.57 1.2157 46.32
18.17 14.673 -2.133 -6.112 -8.244 -8.726 9.32 34.49 1.2213 46.31
18.19 14.688 -2.072 -6.206 -8.278 -8.726 9.32 34.49 1.2173 46.30
18.21 14.696 -2.099 -6.121 -8.220 -8.726 9.32 34.49 1.2226 46.29
18.24 14.773 -2.138 -6.148 -8.286 -8.714 9.32 34.40 1.2291 46.28
18.25 14.812 -2.092 -6.196 -8.289 -8.714 9.32 34.40 1.2302 46.28
18.27 14.831 -2.077 -6.244 -8.321 -8.714 9.32 34.40 1.2291 46.27
18.29 14.841 -2.110 -6.323 -8.433 -8.698 9.32 34.31 1.2253 46.26
18.31 14.846 -2.074 -6.327 -8.401 -8.698 9.32 34.31 1.2252 46.25
18.33 14.803 -2.040 -6.396 -8.436 -8.681 9.31 34.21 1.2163 46.24
18.35 14.782 -2.126 -6.299 -8.425 -8.681 9.31 34.21 1.2191 46.24
18.37 14.771 -2.164 -6.265 -8.429 -8.681 9.31 34.21 1.2196 46.23
18.39 14.766 -2.179 -6.245 -8.424 -8.666 9.32 34.12 1.2197 46.22
18.41 14.763 -2.280 -6.116 -8.396 -8.666 9.32 34.12 1.2264 46.21
18.43 14.859 -2.322 -6.109 -8.431 -8.666 9.32 34.12 1.2370 46.19
18.45 14.908 -2.291 -6.099 -8.390 -8.651 9.31 34.03 1.2424 46.19
18.47 14.932 -2.290 -6.131 -8.420 -8.651 9.31 34.03 1.2428 46.18
18.49 14.944 -2.352 -6.054 -8.406 -8.651 9.31 34.03 1.2483 46.16
18.51 14.950 -2.383 -6.015 -8.398 -8.634 9.30 33.94 1.2508 46.16
18.53 14.831 -2.357 -6.030 -8.387 -8.634 9.30 33.94 1.2364 46.14
18.55 14.771 -2.348 -6.033 -8.381 -8.634 9.30 33.94 1.2293 46.13
18.57 14.742 -2.420 -5.932 -8.352 -8.623 9.30 33.86 1.2315 46.12
18.59 14.727 -2.469 -5.918 -8.387 -8.623 9.30 33.86 1.2303 46.11
18.61 14.719 -2.443 -5.920 -8.363 -8.623 9.30 33.86 1.2290 46.10
18.63 14.581 -2.422 -5.965 -8.388 -8.614 9.30 33.79 1.2109 46.09
18.65 14.511 -2.470 -5.920 -8.390 -8.614 9.30 33.79 1.2056 46.08
18.67 14.477 -2.454 -5.931 -8.384 -8.614 9.30 33.79 1.2009 46.07
18.69 14.459 -2.458 -5.944 -8.402 -8.608 9.31 33.72 1.1980 46.06
18.71 14.451 -2.489 -5.881 -8.371 -8.608 9.31 33.72 1.2001 46.05
18.73 14.622 -2.524 -5.895 -8.419 -8.608 9.31 33.72 1.2178 46.03
18.75 14.708 -2.590 -5.787 -8.376 -8.598 9.30 33.64 1.2330 46.03
18.77 14.751 -2.540 -5.846 -8.386 -8.598 9.30 33.64 1.2340 46.01
18.79 14.773 -2.547 -5.813 -8.360 -8.598 9.30 33.64 1.2380 46.00
18.81 14.783 -2.616 -5.832 -8.448 -8.584 9.30 33.56 1.2378 45.99
18.83 14.901 -2.586 -5.859 -8.444 -8.584 9.30 33.56 1.2491 45.98
18.85 14.961 -2.568 -5.913 -8.481 -8.584 9.30 33.56 1.2522 45.97
18.87 14.990 -2.560 -5.946 -8.506 -8.565 9.28 33.48 1.2532 45.95
18.89 15.005 -2.590 -5.940 -8.530 -8.565 9.28 33.48 1.2549 45.94
18.91 15.012 -2.593 -5.941 -8.534 -8.565 9.28 33.48 1.2553 45.93
18.93 15.018 -2.557 -6.006 -8.563 -8.544 9.27 33.38 1.2517 45.92
18.95 15.021 -2.611 -5.953 -8.564 -8.544 9.27 33.38 1.2549 45.91
18.97 15.022 -2.639 -5.876 -8.515 -8.544 9.27 33.38 1.2593 45.89
18.99 15.023 -2.671 -5.843 -8.514 -8.524 9.26 33.30 1.2609 45.88
19.01 15.024 -2.618 -5.864 -8.482 -8.524 9.26 33.30 1.2593 45.87
19.03 14.800 -2.641 -5.844 -8.485 -8.524 9.26 33.30 1.2352 45.86
19.05 14.689 -2.604 -5.866 -8.471 -8.511 9.25 33.22 1.2212 45.84
19.07 14.633 -2.589 -5.839 -8.429 -8.511 9.25 33.22 1.2162 45.83
19.09 14.605 -2.500 -5.928 -8.427 -8.511 9.25 33.22 1.2078 45.82
19.11 14.591 -2.406 -6.059 -8.465 -8.496 9.25 33.14 1.1985 45.81
19.13 14.714 -2.402 -6.045 -8.447 -8.496 9.25 33.14 1.2123 45.80
19.15 14.776 -2.383 -6.074 -8.457 -8.496 9.25 33.14 1.2170 45.79
19.17 14.807 -2.369 -6.068 -8.437 -8.476 9.24 33.05 1.2203 45.78
19.19 14.822 -2.370 -6.066 -8.437 -8.476 9.24 33.05 1.2218 45.77
19.21 14.830 -2.437 -5.976 -8.413 -8.476 9.24 33.05 1.2275 45.76
19.23 14.861 -2.388 -6.010 -8.399 -8.456 9.23 32.96 1.2286 45.74
19.25 14.877 -2.446 -5.941 -8.387 -8.456 9.23 32.96 1.2340 45.73
19.27 14.885 -2.434 -5.927 -8.360 -8.435 9.22 32.87 1.2354 45.72
19.29 14.889 -2.396 -5.948 -8.344 -8.435 9.22 32.87 1.2341 45.71
19.31 14.891 -2.357 -5.986 -8.343 -8.435 9.22 32.87 1.2317 45.70
19.33 14.966 -2.355 -6.041 -8.396 -8.412 9.20 32.78 1.2364 45.69
19.35 15.003 -2.357 -5.974 -8.330 -8.412 9.20 32.78 1.2441 45.68
19.37 15.022 -2.353 -5.961 -8.314 -8.412 9.20 32.78 1.2465 45.67
19.39 15.031 -2.435 -5.886 -8.321 -8.387 9.19 32.68 1.2517 45.66
19.41 15.036 -2.495 -5.785 -8.280 -8.387 9.19 32.68 1.2578 45.65
19.43 14.879 -2.499 -5.771 -8.270 -8.387 9.19 32.68 1.2405 45.64
19.45 14.800 -2.547 -5.687 -8.234 -8.372 9.17 32.61 1.2362 45.62
19.47 14.761 -2.580 -5.611 -8.191 -8.372 9.17 32.61 1.2358 45.62
19.49 14.741 -2.650 -5.552 -8.203 -8.372 9.17 32.61 1.2366 45.60
19.51 14.731 -2.640 -5.645 -8.285 -8.358 9.16 32.54 1.2298 45.59
19.53 14.727 -2.674 -5.697 -8.371 -8.358 9.16 32.54 1.2262 45.58
19.55 14.725 -2.645 -5.774 -8.419 -8.358 9.16 32.54 1.2212 45.57
19.57 14.724 -2.580 -5.761 -8.340 -8.342 9.15 32.46 1.2215 45.55
19.59 14.724 -2.506 -5.846 -8.352 -8.342 9.15 32.46 1.2161 45.55
19.61 14.724 -2.449 -5.887 -8.337 -8.342 9.15 32.46 1.2134 45.53
19.63 14.730 -2.410 -5.885 -8.294 -8.324 9.14 32.38 1.2139 45.53
19.65 14.733 -2.432 -5.818 -8.250 -8.324 9.14 32.38 1.2176 45.51
19.67 14.734 -2.436 -5.773 -8.209 -8.324 9.14 32.38 1.2200 45.50
19.69 14.735 -2.444 -5.767 -8.211 -8.308 9.13 32.31 1.2201 45.49
19.71 14.735 -2.383 -5.789 -8.172 -8.308 9.13 32.31 1.2186 45.49
19.73 14.793 -2.342 -5.851 -8.193 -8.308 9.13 32.31 1.2211 45.48
19.75 14.822 -2.389 -5.784 -8.173 -8.289 9.12 32.23 1.2279 45.47
19.77 14.837 -2.313 -5.817 -8.130 -8.289 9.12 32.23 1.2272 45.46
19.79 14.844 -2.340 -5.747 -8.087 -8.289 9.12 32.23 1.2318 45.45
19.81 14.848 -2.338 -5.705 -8.043 -8.270 9.10 32.15 1.2343 45.44
19.83 14.920 -2.292 -5.795 -8.087 -8.270 9.10 32.15 1.2367 45.43
19.85 14.955 -2.250 -5.817 -8.067 -8.270 9.10 32.15 1.2391 45.42
19.87 14.973 -2.228 -5.881 -8.109 -8.246 9.09 32.07 1.2371 45.42
19.89 14.982 -2.238 -5.846 -8.084 -8.246 9.09 32.07 1.2398 45.41
19.91 14.987 -2.236 -5.804 -8.040 -8.246 9.09 32.07 1.2424 45.39
19.93 14.919 -2.233 -5.809 -8.043 -8.225 9.07 31.99 1.2342 45.39
19.95 14.886 -2.246 -5.801 -8.047 -8.225 9.07 31.99 1.2305 45.37
19.97 14.869 -2.260 -5.736 -7.996 -8.205 9.05 31.91 1.2321 45.37
19.99 14.860 -2.300 -5.632 -7.932 -8.205 9.05 31.91 1.2368 45.36
20.01 14.856 -2.307 -5.680 -7.987 -8.205 9.05 31.91 1.2332 45.34
20.03 14.825 -2.320 -5.636 -7.956 -8.187 9.03 31.84 1.2320 45.33
20.05 14.810 -2.294 -5.653 -7.947 -8.187 9.03 31.84 1.2289 45.32
20.07 14.802 -2.275 -5.633 -7.909 -8.187 9.03 31.84 1.2288 45.31
20.09 14.798 -2.314 -5.562 -7.877 -8.170 9.02 31.77 1.2321 45.30
20.11 14.797 -2.276 -5.544 -7.820 -8.170 9.02 31.77 1.2325 45.29
20.13 14.756 -2.223 -5.660 -7.883 -8.170 9.02 31.77 1.2210 45.28
20.15 14.736 -2.173 -5.750 -7.923 -8.154 9.00 31.70 1.2133 45.26
20.17 14.726 -2.049 -5.926 -7.975 -8.154 9.00 31.70 1.2018 45.26
20.19 14.721 -2.043 -5.887 -7.929 -8.154 9.00 31.70 1.2031 45.25
20.21 14.946 -1.999 -5.950 -7.949 -8.129 8.98 31.61 1.2241 45.24
20.23 15.059 -2.058 -5.895 -7.953 -8.129 8.98 31.61 1.2396 45.23
20.25 15.115 -2.110 -5.807 -7.917 -8.129 8.98 31.61 1.2510 45.22
20.27 15.143 -2.102 -5.793 -7.896 -8.102 8.96 31.52 1.2547 45.21
20.29 15.157 -2.124 -5.704 -7.827 -8.102 8.96 31.52 1.2613 45.20
20.31 15.165 -2.160 -5.723 -7.883 -8.102 8.96 31.52 1.2606 45.19
20.33 14.895 -2.110 -5.741 -7.850 -8.081 8.94 31.45 1.2286 45.17
20.35 14.760 -2.150 -5.760 -7.909 -8.081 8.94 31.45 1.2121 45.16
20.37 14.693 -2.185 -5.713 -7.898 -8.066 8.93 31.38 1.2069 45.15
20.39 14.659 -2.200 -5.695 -7.894 -8.066 8.93 31.38 1.2039 45.14
20.41 14.642 -2.195 -5.690 -7.885 -8.066 8.93 31.38 1.2019 45.13
20.43 14.788 -2.207 -5.713 -7.920 -8.048 8.91 31.32 1.2166 45.12
20.45 14.861 -2.257 -5.672 -7.929 -8.048 8.91 31.32 1.2268 45.10
20.47 14.897 -2.267 -5.682 -7.950 -8.048 8.91 31.32 1.2301 45.09
20.49 14.916 -2.315 -5.632 -7.947 -8.029 8.89 31.25 1.2348 45.08
20.51 14.925 -2.332 -5.660 -7.992 -8.029 8.89 31.25 1.2338 45.07
20.53 14.858 -2.322 -5.744 -8.066 -8.029 8.89 31.25 1.2211 45.06
20.55 14.824 -2.366 -5.680 -8.045 -8.009 8.88 31.18 1.2208 45.05
20.57 14.808 -2.468 -5.556 -8.023 -8.009 8.88 31.18 1.2258 45.03
20.59 14.799 -2.436 -5.553 -7.989 -7.994 8.86 31.13 1.2247 45.03
20.61 14.795 -2.413 -5.573 -7.986 -7.994 8.86 31.13 1.2227 45.01
20.63 14.836 -2.450 -5.537 -7.987 -7.994 8.86 31.13 1.2292 45.00
20.65 14.857 -2.499 -5.465 -7.964 -7.978 8.84 31.08 1.2354 44.99
20.67 14.867 -2.460 -5.475 -7.935 -7.978 8.84 31.08 1.2357 44.98
20.69 14.872 -2.448 -5.435 -7.883 -7.978 8.84 31.08 1.2383 44.97
20.71 14.875 -2.431 -5.466 -7.897 -7.963 8.82 31.02 1.2366 44.96
20.73 14.890 -2.412 -5.534 -7.946 -7.963 8.82 31.02 1.2341 44.95
20.75 14.898 -2.415 -5.530 -7.945 -7.963 8.82 31.02 1.2351 44.94
20.77 14.902 -2.476 -5.503 -7.979 -7.946 8.80 30.97 1.2369 44.93
20.79 14.904 -2.460 -5.528 -7.988 -7.946 8.80 30.97 1.2353 44.92
20.81 14.905 -2.445 -5.516 -7.961 -7.946 8.80 30.97 1.2359 44.91
20.83 14.946 -2.478 -5.537 -8.015 -7.928 8.78 30.91 1.2392 44.90
20.85 14.967 -2.434 -5.548 -7.982 -7.928 8.78 30.91 1.2405 44.89
20.87 14.977 -2.433 -5.553 -7.986 -7.928 8.78 30.91 1.2412 44.88
20.89 14.982 -2.443 -5.518 -7.961 -7.909 8.76 30.86 1.2436 44.87
20.91 14.984 -2.492 -5.452 -7.943 -7.909 8.76 30.86 1.2476 44.86
20.93 15.097 -2.501 -5.512 -8.012 -7.909 8.76 30.86 1.2568 44.84
20.95 15.153 -2.593 -5.408 -8.001 -7.888 8.73 30.81 1.2694 44.84
20.97 15.181 -2.564 -5.427 -7.991 -7.888 8.73 30.81 1.2713 44.82
20.99 15.195 -2.537 -5.447 -7.984 -7.888 8.73 30.81 1.2715 44.81
21.01 15.202 -2.570 -5.464 -8.034 -7.864 8.70 30.75 1.2711 44.80
21.03 15.097 -2.557 -5.472 -8.028 -7.864 8.70 30.75 1.2582 44.79
21.05 15.045 -2.596 -5.428 -8.024 -7.864 8.70 30.75 1.2545 44.78
21.07 15.019 -2.603 -5.438 -8.041 -7.845 8.68 30.70 1.2506 44.77
21.09 15.006 -2.599 -5.435 -8.034 -7.845 8.68 30.70 1.2491 44.75
21.11 14.999 -2.550 -5.476 -8.027 -7.826 8.65 30.65 1.2456 44.74
21.13 14.920 -2.587 -5.478 -8.065 -7.826 8.65 30.65 1.2362 44.73
21.15 14.880 -2.630 -5.397 -8.028 -7.826 8.65 30.65 1.2361 44.72
21.17 14.860 -2.613 -5.423 -8.036 -7.811 8.63 30.61 1.2321 44.70
21.19 14.850 -2.709 -5.295 -8.004 -7.811 8.63 30.61 1.2382 44.69
21.21 14.845 -2.707 -5.293 -8.000 -7.811 8.63 30.61 1.2375 44.68
21.23 14.912 -2.682 -5.319 -8.001 -7.797 8.61 30.57 1.2435 44.67
21.25 14.946 -2.614 -5.338 -7.953 -7.797 8.61 30.57 1.2460 44.65
21.27 14.962 -2.557 -5.319 -7.876 -7.797 8.61 30.57 1.2489 44.64
21.29 14.971 -2.478 -5.402 -7.880 -7.780 8.58 30.53 1.2447 44.63
21.31 14.975 -2.434 -5.433 -7.867 -7.780 8.58 30.53 1.2432 44.62
21.33 15.072 -2.450 -5.371 -7.822 -7.780 8.58 30.53 1.2579 44.61
21.35 15.121 -2.457 -5.404 -7.861 -7.760 8.55 30.49 1.2615 44.60
21.37 15.146 -2.428 -5.414 -7.842 -7.760 8.55 30.49 1.2635 44.59
21.39 15.158 -2.337 -5.453 -7.790 -7.738 8.52 30.43 1.2624 44.58
21.41 15.164 -2.358 -5.446 -7.804 -7.738 8.52 30.43 1.2633 44.57
21.43 15.037 -2.316 -5.484 -7.800 -7.738 8.52 30.43 1.2461 44.56
21.45 14.974 -2.298 -5.501 -7.798 -7.720 8.50 30.39 1.2377 44.55
21.47 14.943 -2.330 -5.475 -7.805 -7.720 8.50 30.39 1.2353 44.54
21.49 14.927 -2.325 -5.435 -7.761 -7.720 8.50 30.39 1.2356 44.53
21.51 14.919 -2.330 -5.432 -7.761 -7.704 8.47 30.35 1.2347 44.52
21.53 14.985 -2.310 -5.456 -7.766 -7.704 8.47 30.35 1.2407 44.51
21.55 15.018 -2.285 -5.442 -7.728 -7.704 8.47 30.35 1.2451 44.50
