t V gam alpha th thsp Tcc Trc lf alt
0.01 14.646 0.704 -6.367 -5.663 -4.770 14.17 20.20 1.0132 51.40
0.03 14.626 0.665 -6.352 -5.687 -4.770 14.17 20.20 1.0118 51.40
0.05 14.891 0.634 -6.371 -5.737 -4.770 14.17 20.20 1.0390 51.40
0.07 15.023 0.610 -6.347 -5.738 -4.480 13.90 20.25 1.0547 51.40
0.10 15.089 0.538 -6.160 -5.622 -4.480 13.90 20.25 1.0732 51.41
0.12 15.122 0.523 -6.104 -5.581 -4.480 13.90 20.25 1.0803 51.41
0.14 15.139 0.505 -6.137 -5.632 -4.194 13.62 20.31 1.0803 51.40
0.16 14.966 0.515 -6.174 -5.658 -4.194 13.62 20.31 1.0590 51.40
0.18 14.879 0.500 -6.173 -5.672 -3.915 13.35 20.37 1.0497 51.40
0.20 14.836 0.480 -6.069 -5.589 -3.915 13.35 20.37 1.0513 51.40
0.22 14.815 0.485 -6.025 -5.540 -3.915 13.35 20.37 1.0516 51.40
0.24 14.804 0.483 -5.947 -5.464 -3.645 13.09 20.44 1.0551 51.40
0.26 14.882 0.427 -5.728 -5.301 -3.645 13.09 20.44 1.0768 51.39
0.28 14.921 0.458 -5.758 -5.300 -3.645 13.09 20.44 1.0797 51.39
0.30 14.940 0.482 -5.735 -5.253 -3.379 12.82 20.51 1.0835 51.39
0.32 14.950 0.452 -5.642 -5.190 -3.379 12.82 20.51 1.0904 51.39
0.34 14.955 0.509 -5.636 -5.127 -3.379 12.82 20.51 1.0916 51.39
0.36 14.857 0.607 -5.664 -5.058 -3.120 12.56 20.59 1.0792 51.38
0.38 14.807 0.597 -5.581 -4.984 -3.120 12.56 20.59 1.0788 51.38
0.40 14.783 0.683 -5.547 -4.863 -2.868 12.30 20.68 1.0784 51.38
0.42 14.771 0.700 -5.506 -4.805 -2.868 12.30 20.68 1.0798 51.38
0.44 14.765 0.733 -5.508 -4.775 -2.868 12.30 20.68 1.0793 51.38
0.46 14.785 0.730 -5.480 -4.750 -2.621 12.04 20.77 1.0836 51.38
0.48 14.795 0.751 -5.408 -4.657 -2.621 12.04 20.77 1.0894 51.38
0.50 14.800 0.853 -5.474 -4.622 -2.621 12.04 20.77 1.0866 51.38
0.52 14.803 0.885 -5.449 -4.563 -2.378 11.78 20.85 1.0887 51.39
0.54 14.804 0.910 -5.438 -4.527 -2.378 11.78 20.85 1.0900 51.39
0.56 14.773 0.931 -5.428 -4.496 -2.378 11.78 20.85 1.0874 51.39
0.58 14.757 0.981 -5.440 -4.459 -2.141 11.52 20.94 1.0853 51.40
0.60 14.749 0.997 -5.363 -4.366 -2.141 11.52 20.94 1.0893 51.40
0.62 14.745 1.039 -5.234 -4.196 -2.141 11.52 20.94 1.0967 51.40
0.64 14.743 1.018 -5.116 -4.098 -1.916 11.27 21.05 1.1037 51.41
0.66 14.894 1.033 -5.108 -4.075 -1.916 11.27 21.05 1.1222 51.41
0.68 14.969 1.008 -4.997 -3.989 -1.690 11.00 21.16 1.1380 51.41
0.70 15.007 0.979 -4.895 -3.915 -1.690 11.00 21.16 1.1491 51.42
0.72 15.026 1.067 -4.924 -3.858 -1.690 11.00 21.16 1.1501 51.42
0.74 15.035 1.035 -4.847 -3.812 -1.470 10.74 21.27 1.1563 51.42
0.76 14.889 1.039 -4.794 -3.755 -1.470 10.74 21.27 1.1425 51.43
0.78 14.816 1.100 -4.760 -3.660 -1.470 10.74 21.27 1.1363 51.43
0.80 14.779 1.256 -4.924 -3.668 -1.263 10.48 21.38 1.1230 51.44
0.82 14.761 1.292 -4.907 -3.616 -1.263 10.48 21.38 1.1224 51.44
0.84 14.752 1.400 -4.989 -3.589 -1.263 10.48 21.38 1.1173 51.45
0.86 14.734 1.530 -4.963 -3.433 -1.063 10.23 21.50 1.1174 51.45
0.88 14.725 1.673 -4.943 -3.270 -1.063 10.23 21.50 1.1181 51.46
0.90 14.721 1.697 -4.906 -3.209 -0.872 9.99 21.62 1.1203 51.47
0.92 14.719 1.752 -4.874 -3.121 -0.872 9.99 21.62 1.1226 51.47
0.94 14.718 1.761 -4.763 -3.003 -0.872 9.99 21.62 1.1294 51.48
0.96 14.642 1.805 -4.739 -2.934 -0.695 9.75 21.76 1.1223 51.49
0.98 14.604 1.916 -4.794 -2.878 -0.695 9.75 21.76 1.1156 51.50
1.00 14.585 1.971 -4.738 -2.767 -0.695 9.75 21.76 1.1172 51.51
1.02 14.576 2.013 -4.748 -2.735 -0.528 9.51 21.90 1.1161 51.51
1.04 14.571 2.056 -4.757 -2.700 -0.528 9.51 21.90 1.1158 51.52
1.06 14.574 2.112 -4.799 -2.687 -0.528 9.51 21.90 1.1145 51.53
1.08 14.575 2.142 -4.758 -2.615 -0.367 9.27 22.05 1.1176 51.54
1.10 14.576 2.219 -4.715 -2.496 -0.367 9.27 22.05 1.1208 51.55
1.12 14.576 2.277 -4.648 -2.371 -0.367 9.27 22.05 1.1253 51.56
1.14 14.576 2.400 -4.694 -2.295 -0.218 9.04 22.20 1.1236 51.57
1.16 14.547 2.477 -4.712 -2.235 -0.218 9.04 22.20 1.1200 51.58
1.18 14.533 2.508 -4.602 -2.094 -0.080 8.81 22.37 1.1250 51.59
1.20 14.525 2.574 -4.573 -1.998 -0.080 8.81 22.37 1.1267 51.61
1.22 14.522 2.552 -4.536 -1.985 -0.080 8.81 22.37 1.1290 51.62
1.24 14.520 2.612 -4.502 -1.890 0.049 8.58 22.54 1.1315 51.63
1.26 14.549 2.677 -4.545 -1.868 0.049 8.58 22.54 1.1336 51.65
1.28 14.564 2.775 -4.542 -1.766 0.171 8.35 22.72 1.1364 51.66
1.30 14.571 2.788 -4.546 -1.758 0.171 8.35 22.72 1.1380 51.67
1.32 14.575 2.780 -4.486 -1.705 0.171 8.35 22.72 1.1426 51.69
1.34 14.577 2.851 -4.473 -1.622 0.284 8.12 22.90 1.1444 51.70
1.36 14.587 2.871 -4.378 -1.507 0.284 8.12 22.90 1.1518 51.71
1.38 14.592 2.949 -4.442 -1.493 0.284 8.12 22.90 1.1497 51.72
1.40 14.594 2.963 -4.446 -1.483 0.390 7.89 23.08 1.1506 51.74
1.42 14.596 3.048 -4.502 -1.454 0.390 7.89 23.08 1.1486 51.76
1.44 14.596 3.053 -4.395 -1.342 0.390 7.89 23.08 1.1555 51.78
1.46 14.471 3.158 -4.409 -1.251 0.481 7.66 23.28 1.1408 51.80
1.48 14.408 3.194 -4.395 -1.201 0.481 7.66 23.28 1.1351 51.81
1.50 14.377 3.164 -4.300 -1.136 0.559 7.44 23.49 1.1374 51.82
1.52 14.361 3.178 -4.284 -1.105 0.559 7.44 23.49 1.1375 51.85
1.54 14.354 3.227 -4.265 -1.038 0.559 7.44 23.49 1.1385 51.86
1.56 14.337 3.253 -4.220 -0.967 0.626 7.22 23.70 1.1398 51.88
1.58 14.329 3.319 -4.233 -0.914 0.626 7.22 23.70 1.1393 51.90
1.60 14.325 3.416 -4.325 -0.909 0.626 7.22 23.70 1.1350 51.92
1.62 14.322 3.554 -4.419 -0.865 0.691 6.99 23.90 1.1309 51.94
1.64 14.321 3.640 -4.461 -0.821 0.691 6.99 23.90 1.1298 51.95
1.66 14.278 3.691 -4.397 -0.705 0.691 6.99 23.90 1.1290 51.97
1.68 14.256 3.631 -4.317 -0.685 0.748 6.77 24.10 1.1316 51.99
1.70 14.245 3.667 -4.274 -0.607 0.748 6.77 24.10 1.1337 52.02
1.72 14.240 3.760 -4.373 -0.613 0.799 6.54 24.30 1.1289 52.03
1.74 14.237 3.727 -4.249 -0.522 0.799 6.54 24.30 1.1361 52.05
1.76 14.189 3.707 -4.200 -0.493 0.799 6.54 24.30 1.1341 52.07
1.78 14.166 3.734 -4.244 -0.510 0.839 6.32 24.52 1.1299 52.09
1.80 14.154 3.770 -4.277 -0.506 0.839 6.32 24.52 1.1280 52.11
1.82 14.148 3.777 -4.206 -0.429 0.839 6.32 24.52 1.1320 52.13
1.84 14.145 3.838 -4.183 -0.346 0.873 6.09 24.73 1.1338 52.15
1.86 14.110 3.894 -4.234 -0.340 0.873 6.09 24.73 1.1283 52.17
1.88 14.093 3.849 -4.168 -0.319 0.873 6.09 24.73 1.1305 52.19
1.90 14.084 3.775 -4.116 -0.340 0.900 5.86 24.96 1.1330 52.20
1.92 14.080 3.760 -4.082 -0.322 0.900 5.86 24.96 1.1353 52.23
1.94 14.078 3.707 -4.040 -0.332 0.900 5.86 24.96 1.1382 52.25
1.96 14.041 3.717 -3.974 -0.257 0.919 5.63 25.19 1.1381 52.26
1.98 14.023 3.699 -3.884 -0.185 0.919 5.63 25.19 1.1416 52.28
2.00 14.013 3.678 -3.868 -0.190 0.919 5.63 25.19 1.1423 52.30
2.02 14.009 3.714 -3.868 -0.155 0.933 5.39 25.43 1.1427 52.32
2.04 14.006 3.635 -3.761 -0.126 0.933 5.39 25.43 1.1489 52.33
2.06 13.906 3.587 -3.693 -0.105 0.933 5.39 25.43 1.1414 52.35
2.08 13.856 3.530 -3.627 -0.097 0.933 5.15 25.70 1.1395 52.37
2.10 13.831 3.478 -3.603 -0.125 0.933 5.15 25.70 1.1389 52.38
2.12 13.819 3.467 -3.550 -0.083 0.933 5.15 25.70 1.1411 52.40
2.14 13.813 3.527 -3.596 -0.069 0.931 4.91 25.97 1.1391 52.41
2.16 13.683 3.491 -3.565 -0.075 0.931 4.91 25.97 1.1264 52.42
2.18 13.618 3.553 -3.689 -0.136 0.931 4.91 25.97 1.1140 52.44
2.20 13.585 3.467 -3.562 -0.095 0.921 4.67 26.26 1.1172 52.46
2.22 13.569 3.389 -3.440 -0.052 0.921 4.67 26.26 1.1223 52.47
2.24 13.561 3.446 -3.540 -0.094 0.921 4.67 26.26 1.1179 52.49
2.26 13.380 3.426 -3.499 -0.073 0.903 4.44 26.56 1.0997 52.50
2.28 13.290 3.503 -3.594 -0.092 0.903 4.44 26.56 1.0864 52.52
2.30 13.245 3.435 -3.542 -0.107 0.903 4.44 26.56 1.0848 52.53
2.32 13.222 3.401 -3.468 -0.067 0.882 4.21 26.87 1.0868 52.56
2.34 13.211 3.458 -3.498 -0.041 0.882 4.21 26.87 1.0856 52.57
2.36 13.560 3.466 -3.543 -0.077 0.882 4.21 26.87 1.1253 52.58
2.38 13.735 3.375 -3.498 -0.123 0.874 3.95 27.15 1.1494 52.60
2.40 13.822 3.421 -3.487 -0.066 0.874 3.95 27.15 1.1618 52.62
2.42 13.865 3.397 -3.423 -0.026 0.868 3.70 27.42 1.1714 52.63
2.44 13.887 3.370 -3.447 -0.077 0.868 3.70 27.42 1.1743 52.65
2.46 13.795 3.312 -3.364 -0.052 0.868 3.70 27.42 1.1684 52.66
2.48 13.748 3.349 -3.442 -0.093 0.859 3.44 27.70 1.1603 52.67
2.50 13.725 3.351 -3.467 -0.116 0.859 3.44 27.70 1.1578 52.69
2.52 13.714 3.344 -3.507 -0.163 0.859 3.44 27.70 1.1558 52.70
2.54 13.708 3.318 -3.425 -0.107 0.849 3.18 27.97 1.1602 52.72
2.56 13.438 3.370 -3.439 -0.068 0.849 3.18 27.97 1.1291 52.73
2.58 13.303 3.298 -3.389 -0.091 0.849 3.18 27.97 1.1168 52.75
2.60 13.235 3.324 -3.430 -0.106 0.827 2.94 28.28 1.1083 52.76
2.62 13.202 3.318 -3.453 -0.135 0.827 2.94 28.28 1.1048 52.78
2.64 13.185 3.365 -3.504 -0.138 0.827 2.94 28.28 1.1020 52.79
2.66 13.100 3.314 -3.445 -0.131 0.804 2.70 28.58 1.0963 52.81
2.68 13.057 3.258 -3.394 -0.135 0.804 2.70 28.58 1.0951 52.82
2.70 13.036 3.244 -3.386 -0.143 0.775 2.46 28.90 1.0942 52.84
2.72 13.026 3.254 -3.352 -0.098 0.775 2.46 28.90 1.0962 52.85
2.74 13.020 3.195 -3.339 -0.145 0.775 2.46 28.90 1.0975 52.86
2.76 13.094 3.141 -3.309 -0.168 0.744 2.22 29.22 1.1085 52.88
2.78 13.131 3.066 -3.212 -0.146 0.744 2.22 29.22 1.1185 52.89
2.80 13.149 2.974 -3.150 -0.176 0.744 2.22 29.22 1.1247 52.91
2.82 13.158 2.888 -3.137 -0.249 0.708 1.97 29.56 1.1276 52.92
2.84 13.163 2.876 -3.170 -0.294 0.708 1.97 29.56 1.1283 52.93
2.86 13.039 2.851 -3.131 -0.279 0.708 1.97 29.56 1.1171 52.95
2.88 12.977 2.777 -3.114 -0.337 0.667 1.73 29.91 1.1119 52.97
2.90 12.946 2.768 -3.136 -0.367 0.667 1.73 29.91 1.1091 52.98
2.92 12.931 2.706 -3.075 -0.369 0.667 1.73 29.91 1.1113 52.99
2.94 12.908 2.672 -3.072 -0.400 0.622 1.50 30.27 1.1101 53.00
2.96 12.897 2.540 -2.958 -0.419 0.622 1.50 30.27 1.1153 53.01
2.98 12.891 2.466 -2.834 -0.369 0.622 1.50 30.27 1.1213 53.03
3.00 12.888 2.459 -2.874 -0.415 0.568 1.27 30.66 1.1207 53.04
3.02 12.887 2.360 -2.751 -0.390 0.568 1.27 30.66 1.1274 53.05
3.04 12.886 2.407 -2.863 -0.455 0.568 1.27 30.66 1.1242 53.06
3.06 12.876 2.360 -2.815 -0.455 0.510 1.04 31.05 1.1266 53.08
3.08 12.870 2.366 -2.839 -0.473 0.510 1.04 31.05 1.1268 53.09
3.10 12.868 2.320 -2.785 -0.465 0.447 0.81 31.44 1.1303 53.10
3.12 12.866 2.355 -2.818 -0.462 0.447 0.81 31.44 1.1308 53.11
3.14 12.866 2.334 -2.789 -0.456 0.447 0.81 31.44 1.1337 53.12
3.16 12.516 2.350 -2.808 -0.458 0.376 0.60 31.86 1.0944 53.14
3.18 12.341 2.407 -2.906 -0.498 0.376 0.60 31.86 1.0730 53.15
3.20 12.253 2.394 -2.979 -0.585 0.376 0.60 31.86 1.0624 53.16
3.22 12.209 2.392 -3.020 -0.628 0.302 0.40 32.27 1.0576 53.17
3.24 12.232 2.268 -2.931 -0.663 0.302 0.40 32.27 1.0654 53.18
3.26 12.243 2.210 -2.906 -0.696 0.302 0.40 32.27 1.0693 53.19
3.28 12.249 2.141 -2.855 -0.714 0.219 0.20 32.70 1.0733 53.20
3.30 12.251 2.241 -2.962 -0.721 0.219 0.20 32.70 1.0717 53.22
3.32 12.253 2.135 -2.886 -0.751 0.219 0.20 32.70 1.0765 53.23
3.34 12.254 2.121 -2.859 -0.738 0.130 0.01 33.13 1.0791 53.24
3.36 12.263 2.091 -2.847 -0.756 0.130 0.01 33.13 1.0827 53.26
3.38 12.268 2.009 -2.773 -0.764 0.130 0.01 33.13 1.0878 53.26
3.40 12.270 2.106 -2.898 -0.792 0.036 0.00 33.56 1.0850 53.28
3.42 12.271 2.055 -2.920 -0.865 0.036 0.00 33.56 1.0863 53.28
3.44 12.272 2.011 -2.908 -0.897 0.036 0.00 33.56 1.0886 53.30
3.46 12.103 2.004 -2.934 -0.930 -0.065 0.00 34.01 1.0709 53.30
3.48 12.018 1.922 -2.883 -0.961 -0.065 0.00 34.01 1.0657 53.31
3.50 11.976 2.002 -2.962 -0.960 -0.065 0.00 34.01 1.0602 53.32
3.52 11.955 2.007 -3.026 -1.019 -0.173 0.00 34.46 1.0573 53.33
3.54 11.945 2.031 -3.088 -1.057 -0.173 0.00 34.46 1.0561 53.34
3.56 11.878 2.010 -3.140 -1.130 -0.173 0.00 34.46 1.0490 53.36
3.58 11.844 1.986 -3.147 -1.161 -0.286 0.00 34.91 1.0469 53.36
3.60 11.827 1.952 -3.138 -1.186 -0.286 0.00 34.91 1.0476 53.37
3.62 11.819 1.934 -3.170 -1.236 -0.286 0.00 34.91 1.0474 53.38
3.64 11.950 1.896 -3.184 -1.288 -0.404 0.00 35.36 1.0624 53.39
3.66 12.016 1.770 -3.107 -1.337 -0.404 0.00 35.36 1.0742 53.41
3.68 12.049 1.760 -3.050 -1.290 -0.404 0.00 35.36 1.0817 53.42
3.70 12.065 1.675 -2.957 -1.282 -0.536 0.00 35.83 1.0885 53.43
3.72 12.073 1.605 -2.938 -1.332 -0.536 0.00 35.83 1.0923 53.44
3.74 12.078 1.586 -2.955 -1.369 -0.536 0.00 35.83 1.0940 53.45
3.76 11.746 1.606 -3.012 -1.406 -0.678 0.00 36.32 1.0584 53.45
3.78 11.580 1.591 -3.056 -1.465 -0.678 0.00 36.32 1.0419 53.47
3.80 11.497 1.605 -3.070 -1.465 -0.678 0.00 36.32 1.0349 53.47
3.82 11.455 1.629 -3.097 -1.469 -0.830 0.00 36.82 1.0316 53.49
3.84 11.435 1.637 -3.155 -1.518 -0.830 0.00 36.82 1.0299 53.49
3.86 11.554 1.511 -3.081 -1.571 -0.830 0.00 36.82 1.0465 53.51
3.88 11.614 1.561 -3.140 -1.579 -0.988 0.00 37.33 1.0525 53.51
3.90 11.644 1.467 -3.089 -1.621 -0.988 0.00 37.33 1.0597 53.53
3.92 11.659 1.438 -3.090 -1.651 -0.988 0.00 37.33 1.0632 53.53
3.94 11.590 1.411 -3.098 -1.687 -1.157 0.00 37.84 1.0576 53.54
3.96 11.555 1.454 -3.214 -1.760 -1.157 0.00 37.84 1.0525 53.55
3.98 11.538 1.308 -3.071 -1.763 -1.157 0.00 37.84 1.0576 53.56
4.00 11.529 1.383 -3.188 -1.805 -1.334 0.00 38.36 1.0547 53.57
4.02 11.525 1.288 -3.149 -1.861 -1.334 0.00 38.36 1.0579 53.58
4.04 11.522 1.375 -3.251 -1.876 -1.334 0.00 38.36 1.0565 53.59
4.06 11.402 1.402 -3.268 -1.866 -1.519 0.00 38.89 1.0457 53.59
4.08 11.342 1.334 -3.268 -1.934 -1.519 0.00 38.89 1.0422 53.60
4.10 11.312 1.302 -3.350 -2.047 -1.519 0.00 38.89 1.0387 53.61
4.12 11.297 1.220 -3.382 -2.162 -1.710 0.00 39.42 1.0380 53.62
4.14 11.290 1.172 -3.364 -2.192 -1.710 0.00 39.42 1.0403 53.63
4.16 11.283 1.144 -3.415 -2.271 -1.710 0.00 39.42 1.0402 53.64
4.18 11.280 1.031 -3.389 -2.358 -1.909 0.00 39.96 1.0426 53.65
4.20 11.278 1.010 -3.393 -2.382 -1.909 0.00 39.96 1.0448 53.65
4.22 11.277 1.047 -3.458 -2.411 -1.909 0.00 39.96 1.0449 53.66
4.24 11.277 1.064 -3.531 -2.467 -2.114 0.00 40.50 1.0445 53.67
4.26 11.033 1.027 -3.530 -2.503 -2.114 0.00 40.50 1.0235 53.68
4.28 10.911 0.995 -3.496 -2.500 -2.114 0.00 40.50 1.0152 53.69
4.30 10.850 0.985 -3.459 -2.473 -2.337 0.02 41.08 1.0125 53.70
4.32 10.819 0.955 -3.418 -2.464 -2.337 0.02 41.08 1.0135 53.71
4.34 10.804 0.932 -3.425 -2.492 -2.337 0.02 41.08 1.0142 53.71
4.36 10.799 0.919 -3.494 -2.574 -2.571 0.06 41.67 1.0136 53.72
4.38 10.796 0.864 -3.541 -2.677 -2.571 0.06 41.67 1.0147 53.73
4.40 10.795 0.948 -3.644 -2.696 -2.571 0.06 41.67 1.0139 53.74
4.42 10.794 0.797 -3.550 -2.753 -2.810 0.11 42.26 1.0191 53.75
4.44 10.794 0.776 -3.615 -2.839 -2.810 0.11 42.26 1.0199 53.75
4.46 10.980 0.833 -3.701 -2.868 -2.810 0.11 42.26 1.0371 53.76
4.48 11.073 0.807 -3.723 -2.916 -3.051 0.18 42.84 1.0477 53.77
4.50 11.120 0.846 -3.835 -2.990 -3.051 0.18 42.84 1.0513 53.77
4.52 11.143 0.727 -3.774 -3.047 -3.295 0.25 43.42 1.0577 53.78
4.54 11.155 0.639 -3.772 -3.133 -3.295 0.25 43.42 1.0619 53.78
4.56 11.063 0.657 -3.864 -3.206 -3.295 0.25 43.42 1.0529 53.79
4.58 11.017 0.631 -3.892 -3.261 -3.542 0.34 44.01 1.0500 53.79
4.60 10.995 0.556 -3.907 -3.351 -3.542 0.34 44.01 1.0503 53.80
4.62 10.983 0.522 -3.987 -3.465 -3.542 0.34 44.01 1.0494 53.80
4.64 10.977 0.527 -4.032 -3.504 -3.792 0.44 44.60 1.0502 53.81
4.66 10.801 0.454 -4.015 -3.561 -3.792 0.44 44.60 1.0373 53.81
4.68 10.712 0.410 -4.078 -3.668 -4.049 0.56 45.20 1.0299 53.81
4.70 10.668 0.329 -4.036 -3.706 -4.049 0.56 45.20 1.0303 53.82
4.72 10.646 0.289 -4.084 -3.794 -4.049 0.56 45.20 1.0296 53.82
4.74 10.635 0.263 -4.113 -3.850 -4.308 0.69 45.81 1.0302 53.82
4.76 10.738 0.291 -4.220 -3.929 -4.308 0.69 45.81 1.0394 53.82
4.78 10.790 0.154 -4.132 -3.978 -4.308 0.69 45.81 1.0493 53.83
4.80 10.816 0.043 -4.129 -4.086 -4.567 0.83 46.43 1.0540 53.83
4.82 10.829 -0.051 -4.106 -4.156 -4.567 0.83 46.43 1.0589 53.83
4.84 10.836 0.048 -4.313 -4.265 -4.567 0.83 46.43 1.0559 53.83
4.86 10.773 -0.010 -4.338 -4.347 -4.820 0.97 47.03 1.0519 53.84
4.88 10.742 0.085 -4.538 -4.453 -4.820 0.97 47.03 1.0462 53.84
4.90 10.726 0.035 -4.523 -4.488 -4.820 0.97 47.03 1.0478 53.84
4.92 10.718 -0.064 -4.465 -4.529 -5.070 1.13 47.63 1.0516 53.84
4.94 10.714 -0.048 -4.545 -4.593 -5.070 1.13 47.63 1.0518 53.85
4.96 10.527 -0.052 -4.551 -4.604 -5.320 1.29 48.24 1.0379 53.85
4.98 10.433 -0.068 -4.639 -4.707 -5.320 1.29 48.24 1.0306 53.85
5.00 10.386 -0.044 -4.683 -4.727 -5.320 1.29 48.24 1.0282 53.85
5.02 10.363 -0.044 -4.760 -4.804 -5.563 1.46 48.83 1.0265 53.85
5.04 10.351 -0.049 -4.769 -4.818 -5.563 1.46 48.83 1.0283 53.85
5.06 10.515 -0.024 -4.857 -4.881 -5.563 1.46 48.83 1.0421 53.85
5.08 10.596 0.033 -4.965 -4.932 -5.790 1.62 49.40 1.0482 53.85
5.10 10.637 -0.000 -5.036 -5.036 -5.790 1.62 49.40 1.0525 53.85
5.12 10.657 -0.013 -5.093 -5.106 -5.790 1.62 49.40 1.0551 53.86
5.14 10.668 0.036 -5.258 -5.222 -6.000 1.78 49.93 1.0533 53.86
5.16 10.544 -0.014 -5.289 -5.303 -6.000 1.78 49.93 1.0450 53.86
5.18 10.483 -0.026 -5.315 -5.341 -6.000 1.78 49.93 1.0417 53.86
5.20 10.452 -0.156 -5.283 -5.439 -6.205 1.95 50.47 1.0422 53.86
5.22 10.437 -0.249 -5.241 -5.491 -6.205 1.95 50.47 1.0448 53.86
5.24 10.429 -0.368 -5.200 -5.569 -6.205 1.95 50.47 1.0477 53.86
5.26 10.361 -0.370 -5.237 -5.607 -6.403 2.11 51.00 1.0432 53.86
5.28 10.327 -0.384 -5.205 -5.589 -6.403 2.11 51.00 1.0440 53.86
5.30 10.310 -0.399 -5.224 -5.624 -6.403 2.11 51.00 1.0444 53.86
5.32 10.301 -0.463 -5.280 -5.743 -6.590 2.27 51.53 1.0442 53.86
5.34 10.297 -0.472 -5.418 -5.891 -6.590 2.27 51.53 1.0426 53.86
5.36 10.328 -0.555 -5.350 -5.905 -6.590 2.27 51.53 1.0493 53.86
5.38 10.344 -0.638 -5.346 -5.984 -6.762 2.42 52.03 1.0526 53.86
5.40 10.352 -0.705 -5.327 -6.031 -6.762 2.42 52.03 1.0563 53.86
5.42 10.356 -0.787 -5.344 -6.130 -6.762 2.42 52.03 1.0583 53.85
5.44 10.499 -0.843 -5.352 -6.195 -6.920 2.56 52.51 1.0716 53.85
5.46 10.570 -0.821 -5.411 -6.232 -6.920 2.56 52.51 1.0781 53.85
5.48 10.606 -0.858 -5.380 -6.238 -6.920 2.56 52.51 1.0841 53.85
5.50 10.624 -0.936 -5.365 -6.301 -7.062 2.70 52.96 1.0879 53.85
5.52 10.633 -0.928 -5.356 -6.284 -7.062 2.70 52.96 1.0912 53.85
5.54 10.638 -1.023 -5.309 -6.332 -7.062 2.70 52.96 1.0950 53.84
5.56 10.464 -1.161 -5.231 -6.392 -7.197 2.83 53.41 1.0848 53.84
5.58 10.377 -1.123 -5.276 -6.400 -7.197 2.83 53.41 1.0787 53.84
5.60 10.334 -1.169 -5.247 -6.416 -7.197 2.83 53.41 1.0781 53.84
5.62 10.312 -1.187 -5.238 -6.425 -7.320 2.95 53.84 1.0783 53.83
5.64 10.301 -1.255 -5.207 -6.462 -7.320 2.95 53.84 1.0805 53.83
5.66 10.363 -1.287 -5.175 -6.462 -7.320 2.95 53.84 1.0883 53.82
5.68 10.394 -1.338 -5.165 -6.504 -7.429 3.06 54.24 1.0931 53.82
5.70 10.410 -1.310 -5.158 -6.468 -7.429 3.06 54.24 1.0966 53.82
5.72 10.417 -1.395 -5.083 -6.478 -7.525 3.17 54.62 1.1012 53.81
5.74 10.421 -1.393 -5.064 -6.457 -7.525 3.17 54.62 1.1042 53.81
5.76 10.554 -1.371 -5.153 -6.524 -7.525 3.17 54.62 1.1144 53.80
5.78 10.620 -1.351 -5.250 -6.601 -7.602 3.25 54.96 1.1187 53.80
5.80 10.653 -1.506 -5.210 -6.716 -7.602 3.25 54.96 1.1247 53.80
5.82 10.670 -1.491 -5.258 -6.748 -7.602 3.25 54.96 1.1264 53.79
5.84 10.678 -1.492 -5.297 -6.789 -7.666 3.33 55.27 1.1276 53.79
5.86 10.474 -1.515 -5.249 -6.764 -7.666 3.33 55.27 1.1140 53.78
5.88 10.372 -1.499 -5.306 -6.804 -7.720 3.40 55.55 1.1056 53.78
5.90 10.321 -1.548 -5.319 -6.867 -7.720 3.40 55.55 1.1029 53.78
5.92 10.295 -1.682 -5.258 -6.940 -7.720 3.40 55.55 1.1042 53.77
5.94 10.282 -1.685 -5.257 -6.942 -7.765 3.47 55.82 1.1045 53.77
5.96 10.379 -1.695 -5.252 -6.946 -7.765 3.47 55.82 1.1140 53.77
5.98 10.427 -1.783 -5.220 -7.003 -7.765 3.47 55.82 1.1203 53.76
6.00 10.451 -1.774 -5.282 -7.056 -7.797 3.52 56.05 1.1217 53.75
6.02 10.463 -1.828 -5.313 -7.141 -7.797 3.52 56.05 1.1232 53.75
6.04 10.469 -1.898 -5.269 -7.166 -7.797 3.52 56.05 1.1263 53.74
6.06 10.391 -1.873 -5.280 -7.153 -7.819 3.57 56.26 1.1208 53.74
6.08 10.352 -1.862 -5.331 -7.192 -7.819 3.57 56.26 1.1175 53.73
6.10 10.333 -1.833 -5.422 -7.255 -7.819 3.57 56.26 1.1144 53.73
6.12 10.323 -1.887 -5.409 -7.296 -7.830 3.60 56.44 1.1150 53.72
6.14 10.318 -1.821 -5.492 -7.313 -7.830 3.60 56.44 1.1134 53.72
6.16 10.269 -1.749 -5.644 -7.394 -7.830 3.60 56.44 1.1061 53.71
6.18 10.245 -1.755 -5.588 -7.343 -7.831 3.63 56.58 1.1066 53.71
6.20 10.232 -1.764 -5.544 -7.308 -7.831 3.63 56.58 1.1079 53.71
6.22 10.226 -1.771 -5.538 -7.309 -7.831 3.63 56.58 1.1084 53.70
6.24 10.223 -1.828 -5.480 -7.308 -7.825 3.65 56.71 1.1106 53.70
6.26 10.374 -1.851 -5.421 -7.272 -7.825 3.65 56.71 1.1251 53.69
6.28 10.449 -1.846 -5.430 -7.276 -7.825 3.65 56.71 1.1316 53.69
6.30 10.487 -1.734 -5.521 -7.255 -7.808 3.67 56.81 1.1326 53.69
6.32 10.506 -1.834 -5.377 -7.211 -7.808 3.67 56.81 1.1391 53.68
6.34 10.309 -1.696 -5.476 -7.172 -7.808 3.67 56.81 1.1210 53.68
6.36 10.210 -1.646 -5.532 -7.179 -7.786 3.68 56.90 1.1122 53.68
6.38 10.161 -1.568 -5.592 -7.160 -7.786 3.68 56.90 1.1073 53.67
6.40 10.137 -1.632 -5.533 -7.164 -7.786 3.68 56.90 1.1076 53.67
6.42 10.124 -1.577 -5.608 -7.185 -7.758 3.68 56.97 1.1050 53.66
6.44 10.118 -1.514 -5.634 -7.148 -7.758 3.68 56.97 1.1043 53.66
6.46 10.126 -1.435 -5.706 -7.141 -7.758 3.68 56.97 1.1033 53.65
6.48 10.130 -1.460 -5.656 -7.116 -7.724 3.68 57.01 1.1054 53.65
6.50 10.132 -1.385 -5.768 -7.153 -7.724 3.68 57.01 1.1028 53.65
6.52 10.133 -1.408 -5.754 -7.162 -7.724 3.68 57.01 1.1037 53.64
6.54 10.133 -1.399 -5.706 -7.106 -7.683 3.67 57.04 1.1053 53.64
6.56 10.479 -1.362 -5.734 -7.096 -7.683 3.67 57.04 1.1317 53.64
6.58 10.651 -1.439 -5.673 -7.112 -7.683 3.67 57.04 1.1477 53.63
6.60 10.738 -1.442 -5.687 -7.129 -7.633 3.65 57.04 1.1545 53.63
6.62 10.781 -1.464 -5.674 -7.138 -7.633 3.65 57.04 1.1586 53.63
6.64 10.802 -1.449 -5.668 -7.116 -7.633 3.65 57.04 1.1608 53.63
6.66 10.485 -1.388 -5.735 -7.122 -7.581 3.63 57.03 1.1333 53.62
6.68 10.327 -1.274 -5.832 -7.106 -7.581 3.63 57.03 1.1181 53.62
6.70 10.247 -1.216 -5.890 -7.106 -7.581 3.63 57.03 1.1105 53.62
6.72 10.208 -1.166 -5.912 -7.078 -7.525 3.61 57.01 1.1069 53.62
6.74 10.188 -1.194 -5.901 -7.095 -7.525 3.61 57.01 1.1057 53.62
6.76 10.444 -1.159 -5.889 -7.048 -7.525 3.61 57.01 1.1259 53.62
6.78 10.573 -1.100 -5.922 -7.022 -7.462 3.58 56.97 1.1350 53.62
6.80 10.637 -1.158 -5.822 -6.980 -7.462 3.58 56.97 1.1431 53.62
6.82 10.669 -1.120 -5.855 -6.975 -7.462 3.58 56.97 1.1446 53.62
6.84 10.685 -1.138 -5.868 -7.006 -7.396 3.55 56.92 1.1455 53.62
6.86 10.643 -1.047 -5.927 -6.974 -7.396 3.55 56.92 1.1402 53.62
6.88 10.622 -0.952 -6.036 -6.988 -7.396 3.55 56.92 1.1352 53.62
6.90 10.612 -0.898 -6.054 -6.952 -7.326 3.51 56.85 1.1337 53.63
6.92 10.606 -0.768 -6.182 -6.949 -7.326 3.51 56.85 1.1292 53.63
6.94 10.574 -0.769 -6.225 -6.994 -7.326 3.51 56.85 1.1253 53.63
6.96 10.558 -0.791 -6.222 -7.013 -7.253 3.47 56.77 1.1240 53.63
6.98 10.550 -0.685 -6.356 -7.040 -7.253 3.47 56.77 1.1191 53.63
7.00 10.546 -0.756 -6.343 -7.100 -7.253 3.47 56.77 1.1190 53.63
7.02 10.544 -0.721 -6.367 -7.088 -7.176 3.43 56.69 1.1179 53.63
7.04 10.543 -0.752 -6.276 -7.029 -7.176 3.43 56.69 1.1203 53.63
7.06 10.723 -0.827 -6.112 -6.939 -7.176 3.43 56.69 1.1390 53.63
7.08 10.813 -0.829 -6.079 -6.907 -7.099 3.39 56.59 1.1470 53.63
7.10 10.858 -0.823 -6.095 -6.918 -7.099 3.39 56.59 1.1497 53.63
7.12 10.880 -0.751 -6.155 -6.906 -7.099 3.39 56.59 1.1493 53.63
7.14 10.892 -0.659 -6.204 -6.863 -7.018 3.34 56.49 1.1484 53.64
7.16 10.616 -0.683 -6.102 -6.785 -7.018 3.34 56.49 1.1293 53.64
7.18 10.478 -0.728 -5.989 -6.717 -7.018 3.34 56.49 1.1216 53.64
7.20 10.409 -0.687 -5.974 -6.662 -6.941 3.29 56.39 1.1163 53.64
7.22 10.374 -0.741 -5.872 -6.613 -6.941 3.29 56.39 1.1162 53.64
7.24 10.357 -0.664 -5.919 -6.584 -6.941 3.29 56.39 1.1131 53.64
7.26 10.391 -0.572 -5.917 -6.489 -6.862 3.25 56.29 1.1155 53.64
7.28 10.408 -0.480 -6.066 -6.546 -6.862 3.25 56.29 1.1120 53.65
7.30 10.416 -0.487 -5.985 -6.472 -6.862 3.25 56.29 1.1147 53.65
7.32 10.421 -0.424 -6.059 -6.483 -6.781 3.19 56.18 1.1125 53.65
7.34 10.423 -0.438 -6.005 -6.443 -6.781 3.19 56.18 1.1138 53.65
7.36 10.423 -0.449 -6.040 -6.489 -6.781 3.19 56.18 1.1124 53.66
7.38 10.423 -0.419 -6.012 -6.431 -6.700 3.14 56.07 1.1129 53.66
7.40 10.424 -0.337 -6.069 -6.406 -6.700 3.14 56.07 1.1108 53.66
7.42 10.424 -0.355 -5.991 -6.346 -6.700 3.14 56.07 1.1126 53.66
7.44 10.424 -0.273 -6.002 -6.275 -6.618 3.09 55.96 1.1120 53.66
7.46 10.574 -0.128 -6.161 -6.289 -6.618 3.09 55.96 1.1184 53.67
7.48 10.649 -0.122 -6.196 -6.318 -6.618 3.09 55.96 1.1227 53.67
7.50 10.686 -0.056 -6.279 -6.335 -6.531 3.03 55.83 1.1228 53.67
7.52 10.705 -0.023 -6.316 -6.339 -6.531 3.03 55.83 1.1226 53.68
7.54 10.714 0.035 -6.417 -6.383 -6.531 3.03 55.83 1.1198 53.68
7.56 10.720 0.115 -6.438 -6.323 -6.441 2.97 55.70 1.1192 53.69
7.58 10.723 0.090 -6.373 -6.283 -6.441 2.97 55.70 1.1208 53.70
7.60 10.725 0.102 -6.363 -6.262 -6.441 2.97 55.70 1.1208 53.70
7.62 10.725 0.197 -6.459 -6.261 -6.352 2.91 55.56 1.1175 53.71
7.64 10.726 0.127 -6.453 -6.326 -6.352 2.91 55.56 1.1171 53.71
7.66 10.669 0.249 -6.561 -6.312 -6.352 2.91 55.56 1.1089 53.72
7.68 10.640 0.174 -6.382 -6.208 -6.263 2.85 55.42 1.1117 53.73
7.70 10.626 0.105 -6.233 -6.128 -6.263 2.85 55.42 1.1145 53.74
7.72 10.619 0.155 -6.205 -6.050 -6.263 2.85 55.42 1.1143 53.74
7.74 10.615 0.180 -6.220 -6.040 -6.176 2.79 55.29 1.1131 53.75
7.76 10.745 0.143 -6.169 -6.026 -6.176 2.79 55.29 1.1241 53.76
7.78 10.810 0.076 -6.053 -5.977 -6.176 2.79 55.29 1.1323 53.76
7.80 10.842 0.106 -6.044 -5.939 -6.090 2.73 55.16 1.1347 53.77
7.82 10.858 0.089 -5.967 -5.878 -6.090 2.73 55.16 1.1378 53.77
7.84 10.770 0.104 -5.940 -5.836 -6.090 2.73 55.16 1.1310 53.78
7.86 10.726 0.090 -5.856 -5.765 -6.006 2.67 55.03 1.1296 53.78
7.88 10.703 -0.029 -5.753 -5.782 -6.006 2.67 55.03 1.1304 53.79
7.90 10.692 -0.027 -5.686 -5.713 -6.006 2.67 55.03 1.1310 53.79
7.92 10.687 0.143 -5.824 -5.680 -5.923 2.61 54.91 1.1259 53.80
7.94 10.684 0.210 -5.931 -5.721 -5.923 2.61 54.91 1.1219 53.80
7.96 10.736 0.247 -5.975 -5.728 -5.923 2.61 54.91 1.1242 53.81
7.98 10.762 0.276 -6.056 -5.781 -5.838 2.54 54.78 1.1233 53.81
8.00 10.776 0.304 -6.059 -5.755 -5.838 2.54 54.78 1.1237 53.82
8.02 10.782 0.311 -6.068 -5.757 -5.838 2.54 54.78 1.1234 53.82
8.04 10.785 0.454 -6.209 -5.755 -5.751 2.48 54.65 1.1189 53.83
8.06 10.674 0.389 -6.095 -5.706 -5.751 2.48 54.65 1.1131 53.83
8.08 10.619 0.390 -6.104 -5.715 -5.751 2.48 54.65 1.1079 53.84
8.10 10.591 0.287 -5.933 -5.646 -5.669 2.41 54.53 1.1104 53.84
8.12 10.577 0.277 -5.859 -5.582 -5.669 2.41 54.53 1.1109 53.85
8.14 10.571 0.271 -5.825 -5.554 -5.669 2.41 54.53 1.1108 53.85
8.16 10.706 0.310 -5.847 -5.537 -5.588 2.35 54.41 1.1204 53.86
8.18 10.773 0.326 -5.881 -5.555 -5.588 2.35 54.41 1.1243 53.86
8.20 10.807 0.399 -5.916 -5.517 -5.506 2.28 54.29 1.1254 53.87
8.22 10.824 0.462 -5.940 -5.478 -5.506 2.28 54.29 1.1254 53.87
8.24 10.832 0.510 -5.949 -5.439 -5.506 2.28 54.29 1.1253 53.88
8.26 10.765 0.543 -5.973 -5.430 -5.425 2.22 54.17 1.1187 53.88
8.28 10.731 0.509 -5.918 -5.409 -5.425 2.22 54.17 1.1171 53.89
8.30 10.714 0.560 -5.989 -5.429 -5.425 2.22 54.17 1.1131 53.90
8.32 10.706 0.564 -6.000 -5.436 -5.344 2.15 54.05 1.1116 53.91
8.34 10.702 0.590 -6.055 -5.464 -5.344 2.15 54.05 1.1091 53.91
8.36 10.564 0.697 -6.120 -5.422 -5.344 2.15 54.05 1.0958 53.92
8.38 10.495 0.719 -6.107 -5.388 -5.265 2.09 53.93 1.0904 53.93
8.40 10.460 0.847 -6.270 -5.424 -5.265 2.09 53.93 1.0825 53.94
8.42 10.443 0.851 -6.262 -5.411 -5.265 2.09 53.93 1.0809 53.95
8.44 10.560 0.872 -6.283 -5.411 -5.184 2.03 53.81 1.0888 53.95
8.46 10.618 0.857 -6.285 -5.428 -5.184 2.03 53.81 1.0927 53.96
8.48 10.648 0.897 -6.273 -5.376 -5.184 2.03 53.81 1.0949 53.96
8.50 10.662 0.860 -6.211 -5.350 -5.105 1.96 53.70 1.0975 53.97
8.52 10.669 0.873 -6.096 -5.223 -5.105 1.96 53.70 1.1010 53.98
8.54 10.673 0.837 -6.060 -5.223 -5.105 1.96 53.70 1.1018 53.99
8.56 10.755 0.817 -6.007 -5.190 -5.028 1.90 53.59 1.1095 54.00
8.58 10.796 0.792 -5.964 -5.172 -5.028 1.90 53.59 1.1136 54.00
8.60 10.816 0.834 -5.955 -5.121 -5.028 1.90 53.59 1.1150 54.01
8.62 10.826 0.871 -5.942 -5.071 -4.952 1.83 53.48 1.1159 54.02
8.64 10.832 0.835 -5.886 -5.051 -4.952 1.83 53.48 1.1175 54.03
8.66 10.820 0.904 -5.955 -5.051 -4.952 1.83 53.48 1.1140 54.03
8.68 10.814 0.906 -5.988 -5.083 -4.877 1.77 53.38 1.1120 54.04
8.70 10.811 0.901 -5.956 -5.055 -4.877 1.77 53.38 1.1123 54.05
8.72 10.809 0.972 -5.984 -5.012 -4.804 1.71 53.28 1.1109 54.05
8.74 10.809 0.992 -5.931 -4.939 -4.804 1.71 53.28 1.1120 54.06
8.76 10.641 1.019 -5.941 -4.922 -4.804 1.71 53.28 1.0979 54.07
8.78 10.558 1.048 -5.980 -4.932 -4.733 1.65 53.19 1.0897 54.08
8.80 10.516 1.011 -5.935 -4.924 -4.733 1.65 53.19 1.0873 54.09
8.82 10.495 1.077 -5.992 -4.915 -4.733 1.65 53.19 1.0836 54.10
8.84 10.485 1.145 -6.012 -4.866 -4.664 1.59 53.11 1.0818 54.11
8.86 10.635 1.153 -6.003 -4.849 -4.664 1.59 53.11 1.0934 54.12
8.88 10.710 1.140 -5.997 -4.858 -4.664 1.59 53.11 1.0992 54.12
8.90 10.748 1.098 -5.950 -4.852 -4.595 1.52 53.02 1.1032 54.13
8.92 10.767 1.132 -5.980 -4.847 -4.595 1.52 53.02 1.1034 54.14
8.94 10.776 1.098 -5.871 -4.773 -4.595 1.52 53.02 1.1071 54.16
8.96 10.598 1.088 -5.859 -4.771 -4.530 1.47 52.95 1.0929 54.16
8.98 10.508 0.990 -5.766 -4.776 -4.530 1.47 52.95 1.0881 54.17
9.00 10.464 1.014 -5.804 -4.790 -4.530 1.47 52.95 1.0831 54.18
9.02 10.441 1.023 -5.799 -4.776 -4.468 1.41 52.88 1.0812 54.18
9.04 10.430 0.978 -5.769 -4.792 -4.468 1.41 52.88 1.0808 54.19
9.06 10.477 0.998 -5.799 -4.802 -4.468 1.41 52.88 1.0834 54.20
9.08 10.501 0.984 -5.818 -4.834 -4.407 1.35 52.82 1.0844 54.21
9.10 10.513 1.043 -5.923 -4.880 -4.407 1.35 52.82 1.0820 54.21
9.12 10.519 1.017 -5.852 -4.835 -4.407 1.35 52.82 1.0842 54.22
9.14 10.522 1.058 -5.791 -4.733 -4.347 1.30 52.76 1.0859 54.23
9.16 10.511 1.017 -5.740 -4.722 -4.347 1.30 52.76 1.0862 54.24
9.18 10.505 1.054 -5.797 -4.743 -4.290 1.24 52.71 1.0839 54.24
9.20 10.503 1.066 -5.807 -4.741 -4.290 1.24 52.71 1.0831 54.25
9.22 10.501 1.155 -5.966 -4.811 -4.290 1.24 52.71 1.0782 54.26
9.24 10.501 1.229 -6.012 -4.784 -4.232 1.19 52.65 1.0765 54.27
9.26 10.508 1.108 -5.794 -4.686 -4.232 1.19 52.65 1.0831 54.28
9.28 10.511 1.080 -5.801 -4.720 -4.232 1.19 52.65 1.0830 54.28
9.30 10.513 1.002 -5.643 -4.641 -4.179 1.14 52.61 1.0874 54.29
9.32 10.514 0.952 -5.603 -4.651 -4.179 1.14 52.61 1.0884 54.29
9.34 10.515 0.934 -5.572 -4.638 -4.129 1.09 52.58 1.0891 54.30
9.36 10.354 1.022 -5.614 -4.593 -4.129 1.09 52.58 1.0749 54.31
9.38 10.274 1.067 -5.631 -4.565 -4.129 1.09 52.58 1.0680 54.31
9.40 10.234 1.119 -5.671 -4.553 -4.082 1.04 52.56 1.0636 54.32
9.42 10.214 1.188 -5.757 -4.569 -4.082 1.04 52.56 1.0595 54.33
9.44 10.204 1.250 -5.841 -4.592 -4.082 1.04 52.56 1.0563 54.34
9.46 10.354 1.355 -5.874 -4.519 -4.032 0.99 52.53 1.0669 54.34
9.48 10.430 1.399 -5.852 -4.453 -4.032 0.99 52.53 1.0733 54.35
9.50 10.467 1.393 -5.818 -4.425 -4.032 0.99 52.53 1.0771 54.36
9.52 10.486 1.323 -5.753 -4.430 -3.985 0.95 52.51 1.0803 54.37
9.54 10.496 1.254 -5.683 -4.429 -3.985 0.95 52.51 1.0829 54.38
9.56 10.450 1.253 -5.674 -4.421 -3.985 0.95 52.51 1.0794 54.39
9.58 10.427 1.214 -5.646 -4.432 -3.941 0.90 52.49 1.0783 54.40
9.60 10.416 1.296 -5.663 -4.367 -3.941 0.90 52.49 1.0769 54.41
9.62 10.410 1.371 -5.707 -4.336 -3.941 0.90 52.49 1.0751 54.42
9.64 9.907 1.403 -5.729 -4.327 -3.900 0.86 52.49 1.0357 54.43
9.66 9.823 1.488 -5.779 -4.291 -3.900 0.86 52.49 1.0282 54.44
9.68 9.781 1.452 -5.717 -4.265 -3.900 0.86 52.49 1.0265 54.45
9.70 9.760 1.438 -5.643 -4.206 -3.864 0.82 52.50 1.0268 54.46
9.72 9.749 1.353 -5.507 -4.154 -3.864 0.82 52.50 1.0294 54.48
9.75 10.092 1.444 -5.630 -4.185 -3.828 0.78 52.51 1.0522 54.49
9.76 10.264 1.417 -5.589 -4.173 -3.828 0.78 52.51 1.0666 54.50
9.78 10.349 1.423 -5.608 -4.186 -3.828 0.78 52.51 1.0728 54.51
9.80 10.392 1.404 -5.643 -4.240 -3.792 0.74 52.52 1.0752 54.52
9.82 10.248 1.351 -5.583 -4.232 -3.792 0.74 52.52 1.0655 54.53
9.84 10.176 1.355 -5.640 -4.285 -3.792 0.74 52.52 1.0584 54.54
9.86 10.140 1.373 -5.680 -4.307 -3.759 0.71 52.54 1.0546 54.55
9.88 10.122 1.419 -5.721 -4.302 -3.759 0.71 52.54 1.0522 54.56
9.90 10.113 1.360 -5.676 -4.316 -3.759 0.71 52.54 1.0527 54.56
9.92 10.108 1.294 -5.618 -4.324 -3.729 0.68 52.57 1.0539 54.57
9.94 10.118 1.243 -5.539 -4.296 -3.729 0.68 52.57 1.0569 54.58
9.97 10.123 1.160 -5.445 -4.285 -3.703 0.64 52.61 1.0598 54.60
9.98 10.126 1.174 -5.510 -4.336 -3.703 0.64 52.61 1.0584 54.60
10.00 10.127 1.135 -5.466 -4.331 -3.703 0.64 52.61 1.0598 54.61
10.02 10.128 1.187 -5.569 -4.382 -3.678 0.61 52.64 1.0572 54.62
10.04 10.139 1.129 -5.437 -4.309 -3.678 0.61 52.64 1.0618 54.62
10.06 10.145 1.098 -5.386 -4.288 -3.678 0.61 52.64 1.0637 54.63
10.08 10.148 1.030 -5.266 -4.236 -3.659 0.59 52.70 1.0673 54.64
10.10 10.149 0.923 -5.175 -4.252 -3.659 0.59 52.70 1.0700 54.64
10.13 10.171 1.076 -5.290 -4.214 -3.641 0.56 52.76 1.0688 54.65
10.14 10.181 1.039 -5.260 -4.221 -3.641 0.56 52.76 1.0707 54.66
10.16 10.187 1.053 -5.290 -4.237 -3.641 0.56 52.76 1.0706 54.66
10.18 10.189 1.006 -5.242 -4.236 -3.624 0.53 52.83 1.0723 54.67
10.20 10.191 0.965 -5.183 -4.218 -3.624 0.53 52.83 1.0742 54.68
10.22 10.191 1.002 -5.255 -4.253 -3.624 0.53 52.83 1.0726 54.69
10.24 10.082 0.924 -5.178 -4.254 -3.611 0.51 52.90 1.0662 54.69
10.26 10.027 0.898 -5.166 -4.267 -3.611 0.51 52.90 1.0625 54.70
10.28 10.000 0.885 -5.160 -4.275 -3.611 0.51 52.90 1.0608 54.71
10.30 9.987 0.848 -5.071 -4.223 -3.601 0.49 52.98 1.0623 54.72
10.32 9.980 0.881 -5.110 -4.229 -3.601 0.49 52.98 1.0611 54.73
10.34 10.008 0.868 -5.100 -4.232 -3.601 0.49 52.98 1.0638 54.74
10.36 10.021 0.954 -5.153 -4.199 -3.591 0.47 53.06 1.0639 54.75
10.38 10.028 0.943 -5.149 -4.206 -3.591 0.47 53.06 1.0649 54.76
10.40 10.032 0.956 -5.099 -4.143 -3.591 0.47 53.06 1.0668 54.77
10.42 10.034 0.948 -5.089 -4.141 -3.584 0.45 53.15 1.0675 54.78
10.44 9.990 0.840 -4.974 -4.134 -3.584 0.45 53.15 1.0674 54.79
10.46 9.969 0.782 -4.881 -4.099 -3.584 0.45 53.15 1.0684 54.79
10.48 9.958 0.832 -4.936 -4.104 -3.581 0.43 53.25 1.0665 54.80
10.50 9.952 0.840 -4.916 -4.076 -3.581 0.43 53.25 1.0670 54.81
10.52 9.950 0.791 -4.796 -4.006 -3.581 0.43 53.25 1.0702 54.82
10.54 9.935 0.741 -4.726 -3.985 -3.583 0.41 53.37 1.0712 54.83
10.56 9.928 0.736 -4.671 -3.936 -3.583 0.41 53.37 1.0725 54.84
10.58 9.924 0.797 -4.691 -3.894 -3.583 0.41 53.37 1.0721 54.85
10.60 9.922 0.745 -4.626 -3.881 -3.587 0.40 53.49 1.0740 54.85
10.62 9.921 0.659 -4.546 -3.887 -3.587 0.40 53.49 1.0764 54.86
10.64 9.882 0.607 -4.502 -3.896 -3.587 0.40 53.49 1.0748 54.87
10.66 9.863 0.627 -4.533 -3.906 -3.593 0.38 53.62 1.0729 54.88
10.68 9.853 0.682 -4.578 -3.897 -3.593 0.38 53.62 1.0716 54.89
10.70 9.848 0.704 -4.561 -3.857 -3.593 0.38 53.62 1.0721 54.89
10.72 9.846 0.734 -4.638 -3.904 -3.599 0.37 53.74 1.0704 54.90
10.74 9.822 0.736 -4.661 -3.925 -3.599 0.37 53.74 1.0685 54.91
10.76 9.810 0.828 -4.716 -3.889 -3.605 0.36 53.87 1.0667 54.92
10.78 9.805 0.842 -4.767 -3.924 -3.605 0.36 53.87 1.0656 54.92
10.80 9.802 0.803 -4.807 -4.004 -3.605 0.36 53.87 1.0649 54.93
10.82 9.800 0.780 -4.792 -4.012 -3.610 0.35 53.99 1.0656 54.94
10.84 9.788 0.751 -4.819 -4.068 -3.610 0.35 53.99 1.0645 54.95
10.86 9.781 0.702 -4.763 -4.061 -3.610 0.35 53.99 1.0659 54.95
10.88 9.778 0.635 -4.716 -4.080 -3.617 0.34 54.12 1.0673 54.96
10.90 9.776 0.532 -4.644 -4.112 -3.617 0.34 54.12 1.0696 54.97
10.92 9.776 0.532 -4.723 -4.191 -3.617 0.34 54.12 1.0681 54.97
10.94 9.841 0.546 -4.839 -4.292 -3.623 0.33 54.25 1.0709 54.98
10.96 9.874 0.484 -4.768 -4.284 -3.623 0.33 54.25 1.0759 54.99
10.98 9.890 0.557 -4.827 -4.271 -3.623 0.33 54.25 1.0762 54.99
11.00 9.899 0.519 -4.730 -4.211 -3.630 0.32 54.37 1.0799 55.00
11.02 9.903 0.521 -4.739 -4.218 -3.630 0.32 54.37 1.0806 55.00
11.04 9.847 0.378 -4.604 -4.225 -3.630 0.32 54.37 1.0800 55.01
11.06 9.819 0.350 -4.577 -4.227 -3.639 0.31 54.50 1.0790 55.01
11.08 9.805 0.444 -4.674 -4.230 -3.639 0.31 54.50 1.0761 55.02
11.10 9.798 0.454 -4.679 -4.225 -3.639 0.31 54.50 1.0760 55.02
11.12 9.795 0.321 -4.545 -4.225 -3.650 0.30 54.64 1.0796 55.03
11.14 9.812 0.362 -4.591 -4.229 -3.650 0.30 54.64 1.0804 55.03
11.17 9.821 0.435 -4.554 -4.119 -3.660 0.29 54.77 1.0825 55.04
11.18 9.825 0.395 -4.505 -4.110 -3.660 0.29 54.77 1.0848 55.04
11.20 9.827 0.382 -4.443 -4.061 -3.660 0.29 54.77 1.0871 55.05
11.22 9.828 0.316 -4.379 -4.063 -3.672 0.28 54.92 1.0893 55.05
11.24 9.569 0.314 -4.367 -4.053 -3.672 0.28 54.92 1.0696 55.06
11.26 9.440 0.334 -4.386 -4.052 -3.672 0.28 54.92 1.0596 55.06
11.28 9.375 0.351 -4.379 -4.029 -3.687 0.28 55.07 1.0554 55.07
11.30 9.342 0.269 -4.208 -3.939 -3.687 0.28 55.07 1.0575 55.07
11.32 9.326 0.233 -4.222 -3.989 -3.687 0.28 55.07 1.0565 55.08
11.34 9.376 0.377 -4.395 -4.018 -3.704 0.27 55.22 1.0571 55.08
11.36 9.401 0.425 -4.425 -4.000 -3.704 0.27 55.22 1.0590 55.09
11.39 9.414 0.324 -4.387 -4.062 -3.720 0.27 55.37 1.0615 55.09
11.40 9.420 0.346 -4.437 -4.091 -3.720 0.27 55.37 1.0616 55.10
11.42 9.423 0.418 -4.449 -4.031 -3.720 0.27 55.37 1.0622 55.11
11.44 9.442 0.519 -4.532 -4.014 -3.731 0.26 55.51 1.0623 55.11
11.46 9.451 0.437 -4.468 -4.031 -3.731 0.26 55.51 1.0653 55.12
11.48 9.456 0.370 -4.402 -4.032 -3.731 0.26 55.51 1.0678 55.12
11.50 9.459 0.481 -4.489 -4.008 -3.744 0.25 55.65 1.0666 55.13
11.52 9.460 0.595 -4.557 -3.962 -3.744 0.25 55.65 1.0659 55.14
11.54 9.291 0.529 -4.459 -3.930 -3.756 0.25 55.79 1.0558 55.15
11.56 9.207 0.481 -4.423 -3.942 -3.756 0.25 55.79 1.0510 55.15
11.58 9.164 0.476 -4.450 -3.974 -3.756 0.25 55.79 1.0479 55.16
11.60 9.143 0.411 -4.381 -3.971 -3.771 0.24 55.94 1.0483 55.16
11.62 9.133 0.315 -4.257 -3.943 -3.771 0.24 55.94 1.0510 55.17
11.64 9.302 0.211 -4.160 -3.949 -3.771 0.24 55.94 1.0668 55.17
11.66 9.387 0.230 -4.191 -3.961 -3.785 0.24 56.09 1.0732 55.18
11.68 9.430 0.316 -4.295 -3.979 -3.785 0.24 56.09 1.0749 55.18
11.70 9.451 0.450 -4.497 -4.047 -3.785 0.24 56.09 1.0725 55.19
11.72 9.461 0.539 -4.654 -4.115 -3.793 0.23 56.21 1.0704 55.20
11.74 9.322 0.630 -4.754 -4.124 -3.793 0.23 56.21 1.0582 55.20
11.76 9.252 0.611 -4.765 -4.154 -3.793 0.23 56.21 1.0534 55.21
11.78 9.218 0.622 -4.776 -4.154 -3.798 0.22 56.33 1.0511 55.21
11.80 9.200 0.680 -4.827 -4.148 -3.798 0.22 56.33 1.0494 55.22
11.82 9.191 0.729 -4.916 -4.186 -3.801 0.21 56.44 1.0473 55.23
11.84 9.325 0.722 -4.910 -4.189 -3.801 0.21 56.44 1.0580 55.23
11.86 9.392 0.775 -4.962 -4.187 -3.801 0.21 56.44 1.0623 55.24
11.88 9.425 0.748 -5.001 -4.253 -3.798 0.20 56.53 1.0645 55.25
11.90 9.442 0.740 -5.040 -4.300 -3.798 0.20 56.53 1.0654 55.25
11.92 9.574 0.744 -4.991 -4.246 -3.798 0.20 56.53 1.0770 55.26
11.94 9.640 0.719 -4.992 -4.273 -3.795 0.19 56.62 1.0825 55.27
11.96 9.673 0.773 -5.088 -4.314 -3.795 0.19 56.62 1.0833 55.27
11.98 9.673 0.647 -4.991 -4.344 -3.790 0.17 56.71 1.0861 55.28
12.00 9.698 0.615 -4.990 -4.375 -3.790 0.17 56.71 1.0885 55.29
12.02 9.702 0.481 -4.909 -4.428 -3.790 0.17 56.71 1.0913 55.29
12.04 9.487 0.491 -4.859 -4.368 -3.787 0.16 56.80 1.0764 55.30
12.06 9.380 0.549 -4.853 -4.303 -3.787 0.16 56.80 1.0690 55.31
12.08 9.326 0.587 -4.819 -4.232 -3.787 0.16 56.80 1.0662 55.32
12.10 9.300 0.614 -4.717 -4.103 -3.786 0.15 56.90 1.0670 55.32
12.12 9.286 0.611 -4.703 -4.092 -3.786 0.15 56.90 1.0668 55.33
12.14 9.251 0.603 -4.664 -4.061 -3.786 0.13 57.00 1.0655 55.34
12.16 9.233 0.748 -4.806 -4.059 -3.786 0.13 57.00 1.0616 55.35
12.18 9.225 0.849 -4.820 -3.972 -3.786 0.13 57.00 1.0611 55.36
12.20 9.220 0.861 -4.823 -3.962 -3.782 0.12 57.10 1.0612 55.37
12.22 9.218 0.952 -4.960 -4.008 -3.782 0.12 57.10 1.0585 55.37
12.24 9.196 0.949 -4.977 -4.028 -3.782 0.12 57.10 1.0570 55.38
12.26 9.185 0.834 -4.893 -4.059 -3.777 0.10 57.18 1.0585 55.39
12.28 9.180 0.883 -4.914 -4.032 -3.777 0.10 57.18 1.0581 55.40
12.30 9.177 0.944 -4.937 -3.993 -3.777 0.10 57.18 1.0578 55.41
12.32 9.175 1.025 -4.990 -3.965 -3.769 0.09 57.26 1.0570 55.42
12.34 9.139 1.056 -5.072 -4.016 -3.769 0.09 57.26 1.0530 55.42
12.36 9.120 1.050 -5.012 -3.962 -3.769 0.09 57.26 1.0533 55.43
12.38 9.111 1.071 -5.002 -3.931 -3.761 0.07 57.33 1.0533 55.44
12.40 9.107 0.971 -4.990 -4.019 -3.761 0.07 57.33 1.0536 55.45
12.42 9.104 0.964 -5.032 -4.068 -3.761 0.07 57.33 1.0528 55.46
12.44 9.019 1.023 -5.126 -4.102 -3.753 0.05 57.41 1.0451 55.47
12.46 8.976 1.149 -5.248 -4.100 -3.753 0.05 57.41 1.0399 55.47
12.48 8.955 1.214 -5.328 -4.114 -3.753 0.05 57.41 1.0371 55.48
12.50 8.944 1.303 -5.435 -4.132 -3.740 0.04 57.47 1.0345 55.49
12.52 8.939 1.236 -5.365 -4.129 -3.740 0.04 57.47 1.0359 55.50
12.54 8.999 1.204 -5.318 -4.114 -3.740 0.04 57.47 1.0413 55.51
12.56 9.028 1.223 -5.309 -4.086 -3.727 0.02 57.53 1.0440 55.52
12.58 9.043 1.214 -5.300 -4.086 -3.727 0.02 57.53 1.0455 55.52
12.60 9.051 1.223 -5.328 -4.105 -3.714 0.00 57.59 1.0457 55.53
12.62 9.055 1.272 -5.417 -4.145 -3.714 0.00 57.59 1.0444 55.54
12.64 9.000 1.250 -5.492 -4.242 -3.714 0.00 57.59 1.0393 55.55
12.66 8.972 1.153 -5.407 -4.253 -3.700 0.00 57.65 1.0394 55.55
12.68 8.958 1.117 -5.358 -4.240 -3.700 0.00 57.65 1.0398 55.56
12.70 8.951 1.134 -5.385 -4.251 -3.700 0.00 57.65 1.0391 55.57
12.72 8.948 1.116 -5.337 -4.221 -3.686 0.00 57.70 1.0401 55.57
12.74 9.122 1.077 -5.315 -4.238 -3.686 0.00 57.70 1.0531 55.58
12.76 9.209 1.052 -5.276 -4.224 -3.686 0.00 57.70 1.0604 55.58
12.78 9.253 1.142 -5.305 -4.163 -3.670 0.00 57.76 1.0632 55.59
12.80 9.274 1.007 -5.132 -4.125 -3.670 0.00 57.76 1.0689 55.60
12.82 9.285 1.084 -5.246 -4.162 -3.670 0.00 57.76 1.0674 55.60
12.84 9.139 1.183 -5.339 -4.157 -3.653 0.00 57.80 1.0551 55.61
12.86 9.066 1.197 -5.369 -4.173 -3.653 0.00 57.80 1.0496 55.61
12.88 9.030 1.228 -5.349 -4.121 -3.637 0.00 57.86 1.0477 55.62
12.91 9.011 1.378 -5.476 -4.098 -3.637 0.00 57.86 1.0441 55.62
12.92 9.002 1.317 -5.396 -4.079 -3.637 0.00 57.86 1.0454 55.63
12.94 8.965 1.496 -5.522 -4.025 -3.620 0.00 57.90 1.0404 55.63
12.96 8.946 1.565 -5.595 -4.031 -3.620 0.00 57.90 1.0379 55.64
12.98 8.937 1.487 -5.493 -4.006 -3.620 0.00 57.90 1.0396 55.64
13.00 8.932 1.400 -5.382 -3.982 -3.602 0.00 57.95 1.0418 55.65
13.02 8.930 1.386 -5.360 -3.974 -3.602 0.00 57.95 1.0423 55.66
13.04 8.888 1.404 -5.369 -3.965 -3.602 0.00 57.95 1.0395 55.67
13.06 8.867 1.326 -5.302 -3.976 -3.586 0.00 58.00 1.0396 55.67
13.08 8.857 1.312 -5.281 -3.969 -3.586 0.00 58.00 1.0396 55.68
13.10 8.852 1.297 -5.224 -3.927 -3.586 0.00 58.00 1.0406 55.69
13.12 8.849 1.233 -5.089 -3.857 -3.572 0.00 58.05 1.0434 55.69
13.14 8.935 1.228 -5.056 -3.828 -3.572 0.00 58.05 1.0503 55.70
13.16 8.978 1.291 -5.075 -3.784 -3.572 0.00 58.05 1.0532 55.71
13.18 8.999 1.347 -5.124 -3.777 -3.557 0.00 58.11 1.0539 55.72
13.20 9.010 1.296 -5.095 -3.799 -3.557 0.00 58.11 1.0555 55.73
13.22 9.015 1.286 -5.082 -3.796 -3.557 0.00 58.11 1.0564 55.73
13.24 8.898 1.125 -4.965 -3.839 -3.544 0.00 58.17 1.0507 55.74
13.26 8.839 1.165 -5.010 -3.845 -3.544 0.00 58.17 1.0459 55.75
13.28 8.810 1.113 -4.963 -3.850 -3.532 0.00 58.23 1.0450 55.76
13.30 8.795 1.086 -4.955 -3.870 -3.532 0.00 58.23 1.0444 55.76
13.32 8.788 1.174 -5.049 -3.876 -3.532 0.00 58.23 1.0423 55.77
13.34 9.049 1.131 -5.006 -3.875 -3.517 0.00 58.28 1.0618 55.78
13.36 9.179 1.087 -5.104 -4.017 -3.517 0.00 58.28 1.0694 55.78
13.38 9.245 1.049 -5.165 -4.116 -3.517 0.00 58.28 1.0730 55.79
13.40 9.277 0.951 -5.054 -4.103 -3.500 0.00 58.33 1.0781 55.80
13.42 9.294 0.965 -5.036 -4.070 -3.500 0.00 58.33 1.0799 55.81
13.44 8.818 0.997 -5.056 -4.059 -3.500 0.00 58.33 1.0457 55.82
13.46 8.580 1.057 -5.131 -4.074 -3.485 0.00 58.38 1.0282 55.83
13.48 8.461 0.951 -5.015 -4.064 -3.485 0.00 58.38 1.0226 55.83
13.50 8.401 0.806 -4.849 -4.042 -3.485 0.00 58.38 1.0219 55.84
13.52 8.372 0.799 -4.801 -4.002 -3.478 0.00 58.46 1.0211 55.85
13.54 8.512 0.791 -4.774 -3.983 -3.478 0.00 58.46 1.0314 55.86
13.56 8.582 0.718 -4.616 -3.897 -3.472 0.00 58.54 1.0395 55.87
13.58 8.617 0.786 -4.637 -3.851 -3.472 0.00 58.54 1.0419 55.88
13.60 8.635 0.769 -4.588 -3.818 -3.472 0.00 58.54 1.0444 55.88
13.62 8.643 0.728 -4.499 -3.771 -3.467 0.00 58.62 1.0470 55.89
13.64 8.720 0.751 -4.564 -3.813 -3.467 0.00 58.62 1.0515 55.90
13.66 8.758 0.637 -4.443 -3.805 -3.467 0.00 58.62 1.0569 55.90
13.68 8.777 0.633 -4.448 -3.815 -3.461 0.00 58.71 1.0585 55.91
13.70 8.786 0.750 -4.569 -3.818 -3.461 0.00 58.71 1.0571 55.91
13.72 8.791 0.774 -4.563 -3.789 -3.461 0.00 58.71 1.0579 55.92
13.74 8.801 0.919 -4.740 -3.820 -3.451 0.00 58.77 1.0555 55.93
13.76 8.807 0.881 -4.653 -3.772 -3.451 0.00 58.77 1.0579 55.93
13.78 8.809 0.784 -4.508 -3.724 -3.451 0.00 58.77 1.0613 55.94
13.80 8.811 0.678 -4.415 -3.737 -3.444 0.00 58.85 1.0636 55.95
13.82 8.811 0.606 -4.347 -3.741 -3.444 0.00 58.85 1.0654 55.95
13.84 8.714 0.601 -4.407 -3.805 -3.438 0.00 58.93 1.0575 55.96
13.86 8.665 0.620 -4.439 -3.818 -3.438 0.00 58.93 1.0538 55.96
13.88 8.641 0.701 -4.473 -3.772 -3.438 0.00 58.93 1.0517 55.97
13.90 8.629 0.796 -4.577 -3.781 -3.431 0.00 59.01 1.0492 55.98
13.92 8.623 0.684 -4.397 -3.713 -3.431 0.00 59.01 1.0527 55.98
13.94 8.625 0.846 -4.541 -3.695 -3.431 0.00 59.01 1.0503 55.99
13.96 8.625 0.881 -4.568 -3.688 -3.423 0.00 59.08 1.0502 55.99
13.98 8.626 0.896 -4.567 -3.671 -3.423 0.00 59.08 1.0506 56.00
14.00 8.626 0.817 -4.500 -3.683 -3.416 0.00 59.15 1.0522 56.00
14.02 8.626 0.794 -4.480 -3.686 -3.416 0.00 59.15 1.0530 56.01
14.04 8.697 0.822 -4.462 -3.640 -3.416 0.00 59.15 1.0588 56.02
14.06 8.733 0.844 -4.455 -3.611 -3.408 0.00 59.22 1.0617 56.02
14.08 8.750 0.810 -4.439 -3.629 -3.408 0.00 59.22 1.0637 56.03
14.10 8.759 0.712 -4.378 -3.666 -3.408 0.00 59.22 1.0659 56.04
14.12 8.764 0.684 -4.386 -3.702 -3.400 0.00 59.29 1.0663 56.04
14.14 8.759 0.621 -4.323 -3.702 -3.400 0.00 59.29 1.0676 56.05
14.16 8.756 0.599 -4.342 -3.742 -3.392 0.00 59.37 1.0674 56.05
14.18 8.755 0.661 -4.401 -3.740 -3.392 0.00 59.37 1.0665 56.06
14.20 8.754 0.412 -4.103 -3.691 -3.392 0.00 59.37 1.0727 56.06
14.22 8.754 0.308 -3.997 -3.689 -3.389 0.00 59.46 1.0751 56.06
14.24 8.807 0.212 -3.884 -3.671 -3.389 0.00 59.46 1.0817 56.07
14.26 8.833 0.315 -3.956 -3.640 -3.389 0.00 59.46 1.0826 56.07
14.28 8.847 0.306 -3.976 -3.670 -3.385 0.00 59.54 1.0835 56.08
14.30 8.853 0.354 -4.007 -3.653 -3.385 0.00 59.54 1.0838 56.08
14.32 8.856 0.308 -3.977 -3.669 -3.380 0.00 59.62 1.0850 56.08
14.34 8.710 0.289 -3.966 -3.678 -3.380 0.00 59.62 1.0748 56.09
14.36 8.636 0.317 -3.935 -3.617 -3.380 0.00 59.62 1.0704 56.09
14.38 8.600 0.315 -3.947 -3.632 -3.376 0.00 59.71 1.0678 56.10
14.40 8.581 0.267 -3.947 -3.679 -3.376 0.00 59.71 1.0669 56.10
14.42 8.572 0.238 -3.888 -3.651 -3.376 0.00 59.71 1.0677 56.11
14.44 8.736 0.176 -3.836 -3.660 -3.372 0.00 59.80 1.0811 56.11
14.46 8.819 0.120 -3.790 -3.670 -3.372 0.00 59.80 1.0886 56.12
14.48 8.860 0.209 -3.853 -3.643 -3.372 0.00 59.80 1.0908 56.12
14.50 8.880 0.378 -4.003 -3.625 -3.364 0.00 59.87 1.0897 56.13
14.52 8.890 0.552 -4.175 -3.623 -3.364 0.00 59.87 1.0873 56.13
14.54 8.794 0.554 -4.161 -3.607 -3.364 0.00 59.87 1.0808 56.14
14.56 8.745 0.657 -4.236 -3.579 -3.352 0.00 59.93 1.0762 56.15
14.58 8.721 0.569 -4.117 -3.548 -3.352 0.00 59.93 1.0771 56.15
14.60 8.709 0.780 -4.327 -3.547 -3.352 0.00 59.93 1.0724 56.16
14.62 8.703 0.815 -4.413 -3.598 -3.337 0.00 59.98 1.0706 56.16
14.64 8.642 0.774 -4.430 -3.656 -3.337 0.00 59.98 1.0662 56.17
14.66 8.612 0.703 -4.431 -3.727 -3.337 0.00 59.98 1.0643 56.17
14.68 8.596 0.732 -4.500 -3.768 -3.321 0.00 60.02 1.0622 56.18
14.70 8.589 0.826 -4.602 -3.775 -3.321 0.00 60.02 1.0600 56.18
14.72 8.585 0.684 -4.439 -3.755 -3.321 0.00 60.02 1.0631 56.19
14.74 8.650 0.711 -4.433 -3.721 -3.305 0.00 60.07 1.0680 56.19
14.76 8.682 0.825 -4.519 -3.694 -3.305 0.00 60.07 1.0689 56.20
14.78 8.698 0.903 -4.594 -3.691 -3.305 0.00 60.07 1.0688 56.21
14.80 8.706 0.743 -4.466 -3.723 -3.287 0.00 60.11 1.0721 56.21
14.82 8.710 0.782 -4.472 -3.690 -3.287 0.00 60.11 1.0725 56.22
14.84 8.461 0.730 -4.443 -3.713 -3.270 0.00 60.15 1.0557 56.23
14.86 8.337 0.683 -4.432 -3.749 -3.270 0.00 60.15 1.0476 56.23
14.88 8.274 0.880 -4.607 -3.727 -3.270 0.00 60.15 1.0404 56.24
14.90 8.243 0.889 -4.606 -3.718 -3.253 0.00 60.19 1.0385 56.24
14.92 8.228 0.864 -4.540 -3.676 -3.253 0.00 60.19 1.0389 56.25
14.94 8.201 0.869 -4.492 -3.623 -3.253 0.00 60.19 1.0382 56.25
14.96 8.188 0.781 -4.393 -3.612 -3.239 0.00 60.24 1.0392 56.26
14.98 8.181 0.781 -4.451 -3.670 -3.239 0.00 60.24 1.0379 56.26
15.00 8.178 0.755 -4.327 -3.571 -3.239 0.00 60.24 1.0401 56.27
15.02 8.176 0.967 -4.417 -3.450 -3.224 0.00 60.28 1.0386 56.28
15.04 8.314 1.143 -4.613 -3.470 -3.224 0.00 60.28 1.0447 56.28
15.06 8.383 1.131 -4.469 -3.338 -3.224 0.00 60.28 1.0522 56.29
15.08 8.417 1.044 -4.349 -3.305 -3.208 0.00 60.32 1.0569 56.29
15.10 8.435 0.979 -4.336 -3.357 -3.208 0.00 60.32 1.0585 56.30
15.12 8.443 1.056 -4.384 -3.328 -3.208 0.00 60.32 1.0585 56.31
15.14 8.515 1.006 -4.301 -3.295 -3.191 0.00 60.36 1.0653 56.31
15.16 8.551 1.043 -4.397 -3.354 -3.191 0.00 60.36 1.0662 56.32
15.18 8.569 1.151 -4.543 -3.393 -3.191 0.00 60.36 1.0648 56.33
15.20 8.578 1.048 -4.444 -3.397 -3.171 0.00 60.39 1.0675 56.34
15.22 8.583 1.102 -4.557 -3.455 -3.171 0.00 60.39 1.0659 56.34
15.24 8.325 1.190 -4.610 -3.420 -3.171 0.00 60.39 1.0473 56.35
15.26 8.196 1.178 -4.618 -3.440 -3.151 0.00 60.42 1.0387 56.36
15.28 8.131 1.062 -4.513 -3.451 -3.151 0.00 60.42 1.0364 56.37
15.30 8.099 1.137 -4.610 -3.474 -3.151 0.00 60.42 1.0327 56.37
15.32 8.099 1.116 -4.608 -3.492 -3.133 0.00 60.45 1.0329 56.38
15.35 8.537 1.073 -4.600 -3.527 -3.133 0.00 60.45 1.0627 56.39
15.36 8.610 1.039 -4.589 -3.549 -3.133 0.00 60.45 1.0681 56.40
15.38 8.646 1.091 -4.590 -3.500 -3.110 0.00 60.47 1.0708 56.40
15.40 8.664 0.983 -4.476 -3.492 -3.110 0.00 60.47 1.0744 56.41
15.42 8.449 1.010 -4.434 -3.424 -3.089 0.00 60.49 1.0603 56.42
15.44 8.341 1.080 -4.480 -3.400 -3.089 0.00 60.49 1.0522 56.42
15.46 8.287 1.093 -4.561 -3.469 -3.089 0.00 60.49 1.0471 56.43
15.48 8.260 1.363 -4.829 -3.466 -3.066 0.00 60.51 1.0407 56.43
15.50 8.247 1.299 -4.824 -3.526 -3.066 0.00 60.51 1.0400 56.44
15.52 8.240 1.336 -4.888 -3.552 -3.066 0.00 60.51 1.0385 56.45
15.54 8.300 1.438 -4.952 -3.515 -3.041 0.00 60.51 1.0414 56.45
15.56 8.330 1.504 -5.036 -3.532 -3.041 0.00 60.51 1.0420 56.46
15.58 8.345 1.472 -5.023 -3.551 -3.041 0.00 60.51 1.0432 56.47
15.60 8.352 1.513 -5.072 -3.560 -3.013 0.00 60.51 1.0429 56.48
15.62 8.356 1.423 -4.954 -3.530 -3.013 0.00 60.51 1.0454 56.48
15.64 8.169 1.351 -4.841 -3.489 -3.013 0.00 60.51 1.0351 56.49
15.66 8.076 1.279 -4.797 -3.518 -2.991 0.00 60.52 1.0298 56.50
15.68 8.029 1.332 -4.788 -3.456 -2.991 0.00 60.52 1.0270 56.51
15.70 8.006 1.345 -4.794 -3.449 -2.991 0.00 60.52 1.0255 56.52
15.72 8.226 1.448 -4.929 -3.482 -2.968 0.00 60.53 1.0375 56.53
15.74 8.336 1.460 -4.994 -3.534 -2.968 0.00 60.53 1.0436 56.53
15.76 8.390 1.556 -5.044 -3.487 -2.940 0.00 60.53 1.0464 56.54
15.78 8.418 1.497 -4.952 -3.455 -2.940 0.00 60.53 1.0500 56.56
15.80 8.432 1.556 -5.026 -3.471 -2.940 0.00 60.53 1.0495 56.56
15.82 8.439 1.642 -5.153 -3.511 -2.911 0.00 60.52 1.0477 56.57
15.84 8.141 1.633 -5.068 -3.435 -2.911 0.00 60.52 1.0298 56.58
15.86 7.992 1.737 -5.116 -3.380 -2.911 0.00 60.52 1.0196 56.59
15.88 7.918 1.750 -5.063 -3.313 -2.886 0.00 60.52 1.0158 56.60
15.90 7.881 1.732 -5.073 -3.341 -2.886 0.00 60.52 1.0133 56.61
15.92 8.120 1.745 -5.046 -3.301 -2.886 0.00 60.52 1.0289 56.62
15.94 8.240 1.699 -4.961 -3.262 -2.862 0.00 60.52 1.0382 56.63
15.96 8.300 1.652 -4.872 -3.220 -2.862 0.00 60.52 1.0437 56.64
15.98 8.330 1.511 -4.722 -3.211 -2.839 0.00 60.53 1.0484 56.65
16.00 8.345 1.550 -4.761 -3.210 -2.839 0.00 60.53 1.0487 56.66
16.02 8.352 1.577 -4.787 -3.210 -2.839 0.00 60.53 1.0488 56.67
16.04 8.424 1.721 -4.956 -3.235 -2.812 0.00 60.52 1.0505 56.68
16.06 8.460 1.870 -5.106 -3.237 -2.812 0.00 60.52 1.0502 56.69
16.08 8.478 1.855 -5.056 -3.200 -2.812 0.00 60.52 1.0523 56.70
16.10 8.487 1.955 -5.120 -3.165 -2.784 0.00 60.51 1.0518 56.71
16.12 8.492 1.916 -5.089 -3.173 -2.784 0.00 60.51 1.0526 56.72
16.14 8.330 1.890 -5.007 -3.118 -2.784 0.00 60.51 1.0434 56.73
16.16 8.249 2.066 -5.151 -3.085 -2.758 0.00 60.50 1.0356 56.74
16.18 8.209 2.065 -5.165 -3.100 -2.758 0.00 60.50 1.0327 56.75
16.20 8.188 1.970 -5.072 -3.103 -2.758 0.00 60.50 1.0330 56.76
16.22 8.178 2.012 -5.079 -3.066 -2.732 0.00 60.50 1.0322 56.77
16.24 8.136 2.150 -5.227 -3.078 -2.732 0.00 60.50 1.0269 56.79
16.26 8.114 2.222 -5.314 -3.093 -2.732 0.00 60.50 1.0240 56.79
16.28 8.114 2.179 -5.315 -3.137 -2.706 0.00 60.49 1.0240 56.81
16.30 8.098 2.249 -5.403 -3.154 -2.706 0.00 60.49 1.0214 56.82
16.32 8.096 2.377 -5.536 -3.159 -2.706 0.00 60.49 1.0190 56.83
16.34 8.215 2.440 -5.590 -3.149 -2.678 0.00 60.46 1.0255 56.84
16.36 8.275 2.448 -5.583 -3.136 -2.678 0.00 60.46 1.0294 56.85
16.38 8.305 2.482 -5.597 -3.115 -2.648 0.00 60.44 1.0310 56.86
16.40 8.320 2.605 -5.712 -3.107 -2.648 0.00 60.44 1.0298 56.87
16.42 8.328 2.551 -5.680 -3.129 -2.648 0.00 60.44 1.0308 56.88
16.44 8.254 2.569 -5.641 -3.072 -2.619 0.00 60.41 1.0268 56.89
16.46 8.217 2.515 -5.582 -3.067 -2.619 0.00 60.41 1.0254 56.90
16.48 8.199 2.527 -5.590 -3.063 -2.619 0.00 60.41 1.0240 56.92
16.51 8.190 2.433 -5.540 -3.107 -2.592 0.00 60.39 1.0242 56.93
16.52 8.185 2.439 -5.557 -3.118 -2.592 0.00 60.39 1.0235 56.94
16.54 8.241 2.572 -5.710 -3.138 -2.592 0.00 60.39 1.0243 56.94
16.56 8.269 2.548 -5.702 -3.153 -2.564 0.00 60.36 1.0261 56.96
16.58 8.283 2.425 -5.610 -3.185 -2.564 0.00 60.36 1.0284 56.96
16.60 8.290 2.503 -5.674 -3.171 -2.564 0.00 60.36 1.0277 56.97
16.62 8.294 2.583 -5.768 -3.185 -2.536 0.00 60.34 1.0261 56.98
16.64 8.117 2.499 -5.691 -3.192 -2.536 0.00 60.34 1.0164 56.99
16.66 8.029 2.478 -5.651 -3.173 -2.536 0.00 60.34 1.0116 57.00
16.68 7.985 2.449 -5.554 -3.105 -2.513 0.00 60.32 1.0104 57.01
16.70 7.963 2.513 -5.627 -3.114 -2.513 0.00 60.32 1.0078 57.02
16.72 7.952 2.348 -5.435 -3.088 -2.513 0.00 60.32 1.0102 57.03
16.74 8.062 2.471 -5.520 -3.049 -2.492 0.00 60.32 1.0155 57.04
16.76 8.117 2.423 -5.319 -2.897 -2.492 0.00 60.32 1.0224 57.05
16.78 8.145 2.475 -5.338 -2.863 -2.492 0.00 60.32 1.0238 57.06
16.80 8.159 2.498 -5.275 -2.777 -2.472 0.00 60.32 1.0257 57.07
16.82 8.166 2.513 -5.257 -2.744 -2.472 0.00 60.32 1.0265 57.08
16.84 8.199 2.560 -5.294 -2.734 -2.472 0.00 60.32 1.0279 57.09
16.86 8.216 2.651 -5.370 -2.719 -2.450 0.00 60.31 1.0277 57.10
16.88 8.225 2.556 -5.284 -2.727 -2.450 0.00 60.31 1.0297 57.11
16.90 8.229 2.569 -5.239 -2.670 -2.450 0.00 60.31 1.0307 57.12
16.92 8.231 2.527 -5.183 -2.657 -2.431 0.00 60.31 1.0318 57.13
16.94 8.223 2.493 -5.159 -2.666 -2.431 0.00 60.31 1.0316 57.14
16.96 8.218 2.547 -5.186 -2.639 -2.431 0.00 60.31 1.0309 57.15
16.98 8.216 2.534 -5.114 -2.580 -2.414 0.00 60.32 1.0320 57.16
17.00 8.215 2.549 -5.104 -2.555 -2.414 0.00 60.32 1.0321 57.17
17.02 8.215 2.497 -5.054 -2.557 -2.414 0.00 60.32 1.0329 57.18
17.04 8.037 2.734 -5.311 -2.578 -2.396 0.00 60.32 1.0172 57.19
17.06 7.947 2.724 -5.339 -2.615 -2.396 0.00 60.32 1.0112 57.20
17.08 7.903 2.708 -5.314 -2.606 -2.396 0.00 60.32 1.0089 57.21
17.10 7.881 2.713 -5.306 -2.593 -2.381 0.00 60.33 1.0076 57.22
17.12 7.910 2.741 -5.328 -2.587 -2.381 0.00 60.33 1.0091 57.23
17.14 7.925 2.560 -5.176 -2.616 -2.381 0.00 60.33 1.0125 57.24
17.16 7.933 2.578 -5.236 -2.658 -2.368 0.00 60.34 1.0120 57.25
17.18 7.936 2.617 -5.359 -2.741 -2.368 0.00 60.34 1.0102 57.25
17.20 7.938 2.585 -5.408 -2.822 -2.368 0.00 60.34 1.0095 57.27
17.22 7.939 2.551 -5.399 -2.849 -2.354 0.00 60.35 1.0097 57.27
17.24 7.959 2.676 -5.549 -2.873 -2.354 0.00 60.35 1.0084 57.28
17.26 7.968 2.636 -5.496 -2.860 -2.354 0.00 60.35 1.0099 57.29
17.28 7.973 2.563 -5.408 -2.845 -2.340 0.00 60.35 1.0117 57.30
17.30 7.976 2.518 -5.370 -2.853 -2.340 0.00 60.35 1.0125 57.31
17.32 7.977 2.402 -5.312 -2.910 -2.340 0.00 60.35 1.0135 57.32
17.34 7.921 2.364 -5.293 -2.930 -2.330 0.00 60.37 1.0104 57.33
17.36 7.893 2.325 -5.270 -2.945 -2.330 0.00 60.37 1.0091 57.34
17.38 7.879 2.303 -5.260 -2.957 -2.330 0.00 60.37 1.0084 57.35
17.41 7.872 2.304 -5.300 -2.997 -2.321 0.00 60.39 1.0074 57.36
17.42 7.869 2.272 -5.262 -2.990 -2.321 0.00 60.39 1.0078 57.36
17.44 7.904 2.250 -5.179 -2.929 -2.321 0.00 60.39 1.0114 57.37
17.46 7.922 2.135 -5.090 -2.955 -2.314 0.00 60.42 1.0140 57.38
17.48 7.931 2.064 -5.019 -2.955 -2.314 0.00 60.42 1.0158 57.38
17.50 7.935 1.875 -4.861 -2.986 -2.312 0.00 60.47 1.0187 57.39
17.52 7.937 1.803 -4.796 -2.993 -2.312 0.00 60.47 1.0200 57.40
17.54 7.774 1.624 -4.632 -3.008 -2.312 0.00 60.47 1.0124 57.40
17.56 7.692 1.469 -4.454 -2.985 -2.317 0.00 60.53 1.0101 57.41
17.58 7.651 1.386 -4.308 -2.922 -2.317 0.00 60.53 1.0100 57.41
17.60 7.631 1.418 -4.312 -2.894 -2.317 0.00 60.53 1.0088 57.41
17.62 7.620 1.415 -4.226 -2.811 -2.328 0.00 60.62 1.0097 57.42
17.64 8.082 1.316 -4.087 -2.771 -2.328 0.00 60.62 1.0424 57.42
17.66 8.313 1.393 -4.095 -2.702 -2.328 0.00 60.62 1.0584 57.43
17.68 8.428 1.511 -4.229 -2.718 -2.334 0.00 60.69 1.0643 57.43
17.70 8.486 1.544 -4.229 -2.686 -2.334 0.00 60.69 1.0686 57.44
17.72 8.515 1.371 -4.073 -2.701 -2.334 0.00 60.69 1.0738 57.44
17.74 7.958 1.387 -4.045 -2.658 -2.340 0.00 60.76 1.0360 57.45
17.76 7.679 1.343 -3.957 -2.614 -2.340 0.00 60.76 1.0194 57.45
17.78 7.539 1.477 -4.072 -2.595 -2.340 0.00 60.76 1.0090 57.46
17.81 7.470 1.569 -4.194 -2.625 -2.353 0.00 60.85 1.0032 57.47
17.82 7.435 1.704 -4.300 -2.596 -2.353 0.00 60.85 0.9998 57.47
17.84 7.727 1.776 -4.363 -2.587 -2.353 0.00 60.85 1.0175 57.47
17.86 7.872 1.760 -4.341 -2.580 -2.362 0.00 60.93 1.0275 57.48
17.88 7.945 1.747 -4.324 -2.576 -2.362 0.00 60.93 1.0329 57.49
17.90 7.982 1.714 -4.296 -2.582 -2.362 0.00 60.93 1.0360 57.49
17.92 8.000 1.743 -4.334 -2.590 -2.370 0.00 61.00 1.0369 57.49
17.94 7.898 1.807 -4.406 -2.598 -2.370 0.00 61.00 1.0294 57.50
17.96 7.847 1.844 -4.520 -2.676 -2.376 0.00 61.07 1.0246 57.50
17.98 7.822 1.734 -4.427 -2.693 -2.376 0.00 61.07 1.0248 57.50
18.00 7.809 1.768 -4.481 -2.714 -2.376 0.00 61.07 1.0234 57.51
18.02 7.803 1.889 -4.629 -2.740 -2.382 0.00 61.12 1.0209 57.51
18.04 7.664 1.665 -4.352 -2.687 -2.382 0.00 61.12 1.0168 57.52
18.06 7.595 1.784 -4.519 -2.734 -2.382 0.00 61.12 1.0102 57.52
18.08 7.560 1.910 -4.679 -2.769 -2.390 0.00 61.19 1.0060 57.53
18.10 7.543 2.027 -4.854 -2.827 -2.390 0.00 61.19 1.0027 57.53
18.12 7.534 2.132 -4.952 -2.819 -2.394 0.00 61.24 1.0010 57.54
18.14 7.325 2.111 -4.934 -2.822 -2.394 0.00 61.24 0.9892 57.55
18.16 7.220 2.243 -5.064 -2.822 -2.394 0.00 61.24 0.9816 57.55
18.18 7.168 2.050 -4.904 -2.854 -2.402 0.00 61.30 0.9810 57.56
18.20 7.142 2.108 -4.970 -2.862 -2.402 0.00 61.30 0.9790 57.56
18.22 7.129 1.918 -4.810 -2.893 -2.402 0.00 61.30 0.9806 57.57
18.24 7.417 2.063 -4.921 -2.857 -2.411 0.00 61.36 0.9961 57.58
18.26 7.561 2.344 -5.185 -2.841 -2.411 0.00 61.36 1.0012 57.58
18.28 7.633 2.487 -5.319 -2.832 -2.411 0.00 61.36 1.0037 57.59
18.30 7.670 2.372 -5.207 -2.836 -2.413 0.00 61.39 1.0078 57.60
18.32 7.688 2.306 -5.110 -2.804 -2.413 0.00 61.39 1.0106 57.61
18.34 7.396 2.238 -5.027 -2.789 -2.413 0.00 61.39 0.9947 57.62
18.36 7.251 2.269 -5.046 -2.777 -2.420 0.00 61.44 0.9863 57.62
18.38 7.178 2.231 -5.041 -2.810 -2.420 0.00 61.44 0.9824 57.63
18.40 7.141 2.090 -4.901 -2.811 -2.420 0.00 61.44 0.9824 57.64
18.42 7.123 2.115 -4.916 -2.802 -2.431 0.00 61.50 0.9814 57.64
18.44 7.325 2.283 -5.132 -2.849 -2.431 0.00 61.50 0.9903 57.65
18.46 7.426 2.329 -5.175 -2.846 -2.431 0.00 61.50 0.9957 57.65
18.48 7.476 2.289 -5.186 -2.897 -2.437 0.00 61.55 0.9987 57.66
18.50 7.502 2.273 -5.134 -2.861 -2.437 0.00 61.55 1.0012 57.66
18.52 7.514 2.485 -5.308 -2.824 -2.437 0.00 61.55 0.9996 57.67
18.54 7.503 2.500 -5.288 -2.788 -2.440 0.00 61.58 0.9995 57.68
18.56 7.498 2.537 -5.299 -2.762 -2.440 0.00 61.58 0.9993 57.68
18.58 7.495 2.336 -5.070 -2.734 -2.440 0.00 61.58 1.0026 57.69
18.60 7.494 2.305 -5.054 -2.749 -2.446 0.00 61.62 1.0029 57.69
18.62 7.493 2.422 -5.190 -2.768 -2.446 0.00 61.62 1.0011 57.70
18.64 7.388 2.305 -5.048 -2.742 -2.446 0.00 61.62 0.9972 57.71
18.66 7.336 2.220 -4.930 -2.710 -2.455 0.00 61.67 0.9960 57.71
18.68 7.309 2.058 -4.726 -2.668 -2.455 0.00 61.67 0.9975 57.72
18.70 7.296 1.965 -4.661 -2.696 -2.455 0.00 61.67 0.9978 57.72
18.72 7.290 1.894 -4.667 -2.773 -2.468 0.00 61.74 0.9975 57.73
18.74 7.559 1.845 -4.608 -2.763 -2.468 0.00 61.74 1.0148 57.73
18.76 7.694 1.596 -4.359 -2.763 -2.468 0.00 61.74 1.0272 57.74
18.78 7.762 1.720 -4.454 -2.734 -2.482 0.00 61.81 1.0303 57.74
18.80 7.795 1.855 -4.599 -2.744 -2.482 0.00 61.81 1.0304 57.74
18.82 7.812 1.924 -4.661 -2.737 -2.491 0.00 61.87 1.0307 57.75
18.84 7.761 1.936 -4.738 -2.802 -2.491 0.00 61.87 1.0266 57.76
18.86 7.736 1.786 -4.623 -2.837 -2.491 0.00 61.87 1.0270 57.76
18.88 7.723 1.706 -4.498 -2.792 -2.503 0.00 61.94 1.0284 57.76
18.90 7.716 1.816 -4.604 -2.788 -2.503 0.00 61.94 1.0267 57.77
18.92 7.713 1.799 -4.558 -2.759 -2.503 0.00 61.94 1.0275 57.77
18.94 7.614 1.632 -4.393 -2.761 -2.517 0.00 62.01 1.0240 57.78
18.96 7.565 1.484 -4.279 -2.795 -2.517 0.00 62.01 1.0229 57.78
18.98 7.540 1.450 -4.296 -2.845 -2.517 0.00 62.01 1.0214 57.78
19.00 7.528 1.541 -4.409 -2.868 -2.532 0.00 62.08 1.0192 57.79
19.02 7.522 1.516 -4.364 -2.848 -2.532 0.00 62.08 1.0198 57.79
19.04 7.502 1.586 -4.425 -2.840 -2.532 0.00 62.08 1.0180 57.79
19.06 7.491 1.405 -4.247 -2.841 -2.548 0.00 62.16 1.0203 57.80
19.08 7.486 1.476 -4.310 -2.834 -2.548 0.00 62.16 1.0194 57.80
19.10 7.484 1.386 -4.196 -2.811 -2.566 0.00 62.24 1.0211 57.80
19.12 7.435 1.446 -4.281 -2.835 -2.566 0.00 62.24 1.0173 57.81
19.14 7.411 1.505 -4.358 -2.853 -2.566 0.00 62.24 1.0150 57.81
19.16 7.399 1.465 -4.314 -2.848 -2.582 0.00 62.32 1.0152 57.81
19.18 7.393 1.411 -4.244 -2.833 -2.582 0.00 62.32 1.0162 57.82
19.20 7.390 1.476 -4.332 -2.857 -2.582 0.00 62.32 1.0151 57.82
19.22 7.388 1.436 -4.246 -2.810 -2.599 0.00 62.40 1.0166 57.82
19.24 7.317 1.388 -4.185 -2.797 -2.599 0.00 62.40 1.0135 57.82
19.26 7.281 1.301 -4.088 -2.787 -2.599 0.00 62.40 1.0130 57.83
19.28 7.264 1.223 -3.993 -2.770 -2.619 0.00 62.49 1.0136 57.83
19.30 7.255 1.059 -3.899 -2.840 -2.619 0.00 62.49 1.0147 57.83
19.32 7.250 1.032 -3.820 -2.788 -2.643 0.00 62.59 1.0158 57.83
19.34 7.393 0.971 -3.747 -2.777 -2.643 0.00 62.59 1.0262 57.83
19.36 7.465 0.934 -3.683 -2.749 -2.643 0.00 62.59 1.0321 57.83
19.38 7.500 1.006 -3.686 -2.681 -2.665 0.00 62.70 1.0347 57.83
19.40 7.518 0.901 -3.684 -2.783 -2.665 0.00 62.70 1.0364 57.83
19.42 7.527 0.775 -3.585 -2.811 -2.665 0.00 62.70 1.0388 57.83
19.44 7.536 0.703 -3.540 -2.837 -2.690 0.00 62.81 1.0405 57.83
19.46 7.540 0.719 -3.614 -2.895 -2.690 0.00 62.81 1.0401 57.83
19.48 7.542 0.717 -3.612 -2.895 -2.690 0.00 62.81 1.0407 57.83
19.50 7.543 0.702 -3.557 -2.855 -2.714 0.00 62.92 1.0421 57.83
19.52 7.544 0.683 -3.509 -2.826 -2.714 0.00 62.92 1.0433 57.84
19.54 7.452 0.725 -3.532 -2.807 -2.714 0.00 62.92 1.0374 57.84
19.56 7.405 0.890 -3.643 -2.754 -2.736 0.00 63.02 1.0333 57.84
19.58 7.382 1.058 -3.820 -2.762 -2.736 0.00 63.02 1.0298 57.85
19.60 7.371 1.358 -4.114 -2.756 -2.736 0.00 63.02 1.0254 57.85
19.62 7.365 1.335 -4.119 -2.785 -2.750 0.00 63.09 1.0254 57.85
19.64 7.479 1.413 -4.203 -2.790 -2.750 0.00 63.09 1.0316 57.86
19.66 7.536 1.450 -4.220 -2.770 -2.750 0.00 63.09 1.0353 57.86
19.68 7.564 1.278 -4.072 -2.794 -2.761 0.00 63.15 1.0397 57.87
19.70 7.579 1.356 -4.171 -2.814 -2.761 0.00 63.15 1.0395 57.87
19.72 7.586 1.381 -4.205 -2.824 -2.761 0.00 63.15 1.0397 57.88
19.74 7.530 1.334 -4.114 -2.780 -2.770 0.00 63.21 1.0379 57.88
19.76 7.502 1.406 -4.148 -2.742 -2.770 0.00 63.21 1.0360 57.89
19.78 7.488 1.255 -4.072 -2.817 -2.770 0.00 63.21 1.0365 57.90
19.80 7.481 1.177 -4.020 -2.843 -2.781 0.00 63.27 1.0371 57.90
19.82 7.478 1.174 -4.064 -2.889 -2.781 0.00 63.27 1.0366 57.91
19.84 7.379 1.256 -4.081 -2.825 -2.781 0.00 63.27 1.0305 57.91
19.86 7.330 1.313 -4.134 -2.821 -2.790 0.00 63.33 1.0271 57.92
19.88 7.306 1.208 -4.099 -2.891 -2.790 0.00 63.33 1.0263 57.92
19.90 7.293 1.320 -4.266 -2.946 -2.790 0.00 63.33 1.0235 57.93
19.92 7.287 1.293 -4.228 -2.935 -2.799 0.00 63.39 1.0239 57.93
19.94 7.293 1.302 -4.231 -2.929 -2.799 0.00 63.39 1.0245 57.94
19.96 7.296 1.360 -4.285 -2.924 -2.799 0.00 63.39 1.0242 57.94
19.98 7.297 1.289 -4.257 -2.968 -2.805 0.00 63.44 1.0249 57.95
20.00 7.298 1.375 -4.351 -2.975 -2.805 0.00 63.44 1.0239 57.95
20.02 7.298 1.352 -4.353 -3.001 -2.805 0.00 63.44 1.0241 57.96
20.04 7.240 1.262 -4.214 -2.952 -2.810 0.00 63.48 1.0228 57.96
20.06 7.211 1.258 -4.244 -2.986 -2.810 0.00 63.48 1.0209 57.97
20.08 7.196 1.200 -4.144 -2.944 -2.810 0.00 63.48 1.0216 57.97
20.10 7.189 1.167 -4.140 -2.973 -2.815 0.00 63.53 1.0214 57.98
20.12 7.185 1.147 -4.178 -3.031 -2.815 0.00 63.53 1.0209 57.98
20.14 7.280 1.435 -4.453 -3.019 -2.815 0.00 63.53 1.0230 57.99
20.16 7.327 1.452 -4.570 -3.118 -2.816 0.00 63.56 1.0243 57.99
20.18 7.350 1.572 -4.703 -3.131 -2.816 0.00 63.56 1.0241 58.00
20.20 7.362 1.663 -4.747 -3.084 -2.816 0.00 63.56 1.0243 58.00
20.22 7.368 1.448 -4.505 -3.057 -2.814 0.00 63.58 1.0283 58.01
20.24 7.302 1.316 -4.389 -3.074 -2.814 0.00 63.58 1.0261 58.02
20.26 7.269 1.299 -4.405 -3.106 -2.814 0.00 63.58 1.0240 58.02
20.28 7.252 1.282 -4.414 -3.133 -2.812 0.00 63.61 1.0231 58.02
20.30 7.244 1.131 -4.271 -3.140 -2.812 0.00 63.61 1.0247 58.03
20.32 7.240 1.149 -4.250 -3.101 -2.812 0.00 63.61 1.0249 58.04
20.34 7.122 1.111 -4.198 -3.087 -2.813 0.00 63.65 1.0187 58.04
20.36 7.063 1.115 -4.177 -3.062 -2.813 0.00 63.65 1.0157 58.04
20.38 7.033 1.134 -4.233 -3.098 -2.813 0.00 63.65 1.0133 58.05
20.40 7.019 1.178 -4.268 -3.091 -2.816 0.00 63.69 1.0122 58.06
20.42 7.011 1.224 -4.267 -3.043 -2.816 0.00 63.69 1.0119 58.06
20.44 7.231 1.097 -4.112 -3.016 -2.817 0.00 63.73 1.0272 58.07
20.46 7.341 1.120 -4.118 -2.998 -2.817 0.00 63.73 1.0340 58.07
20.48 7.396 1.134 -4.067 -2.933 -2.817 0.00 63.73 1.0383 58.08
20.50 7.423 1.183 -4.132 -2.950 -2.816 0.00 63.76 1.0392 58.08
20.52 7.437 1.247 -4.107 -2.860 -2.816 0.00 63.76 1.0406 58.09
20.54 7.348 1.278 -4.096 -2.818 -2.816 0.00 63.76 1.0355 58.09
20.56 7.303 1.335 -4.116 -2.781 -2.815 0.00 63.80 1.0326 58.10
20.58 7.281 1.475 -4.192 -2.717 -2.815 0.00 63.80 1.0304 58.11
20.60 7.270 1.533 -4.236 -2.703 -2.815 0.00 63.80 1.0293 58.11
20.62 7.264 1.538 -4.224 -2.685 -2.811 0.00 63.82 1.0293 58.12
20.64 7.516 1.596 -4.265 -2.669 -2.811 0.00 63.82 1.0443 58.13
20.66 7.516 1.607 -4.218 -2.611 -2.811 0.00 63.82 1.0451 58.13
20.68 7.704 1.610 -4.206 -2.596 -2.803 0.00 63.83 1.0573 58.14
20.70 7.736 1.617 -4.219 -2.602 -2.803 0.00 63.83 1.0593 58.14
20.72 7.751 1.540 -4.168 -2.628 -2.803 0.00 63.83 1.0612 58.15
20.74 7.551 1.654 -4.354 -2.700 -2.793 0.00 63.83 1.0457 58.15
20.76 7.451 1.745 -4.493 -2.747 -2.793 0.00 63.83 1.0376 58.16
20.78 7.401 1.687 -4.428 -2.741 -2.793 0.00 63.83 1.0356 58.17
20.80 7.376 1.609 -4.400 -2.791 -2.784 0.00 63.84 1.0345 58.17
20.82 7.364 1.640 -4.510 -2.870 -2.784 0.00 63.84 1.0322 58.18
20.84 7.150 1.826 -4.755 -2.929 -2.784 0.00 63.84 1.0163 58.19
20.86 7.043 1.996 -4.946 -2.951 -2.772 0.00 63.82 1.0078 58.20
20.88 6.990 2.053 -5.041 -2.989 -2.772 0.00 63.82 1.0036 58.20
20.90 6.963 2.068 -5.030 -2.962 -2.772 0.00 63.82 1.0023 58.21
20.92 6.950 2.030 -5.005 -2.975 -2.759 0.00 63.81 1.0018 58.22
20.95 6.949 2.150 -5.191 -3.042 -2.759 0.00 63.81 0.9994 58.23
20.96 6.949 2.139 -5.237 -3.098 -2.759 0.00 63.81 0.9988 58.23
20.98 6.949 1.992 -5.099 -3.107 -2.744 0.00 63.78 1.0005 58.24
21.00 6.949 1.915 -5.012 -3.097 -2.744 0.00 63.78 1.0015 58.25
21.02 6.949 1.913 -4.985 -3.071 -2.744 0.00 63.78 1.0019 58.26
21.04 7.195 2.121 -5.135 -3.015 -2.731 0.00 63.76 1.0136 58.26
21.06 7.317 2.175 -5.195 -3.020 -2.731 0.00 63.76 1.0197 58.27
21.08 7.379 2.169 -5.270 -3.101 -2.711 0.00 63.72 1.0221 58.28
21.10 7.409 2.109 -5.199 -3.090 -2.711 0.00 63.72 1.0247 58.28
21.12 7.425 2.012 -5.104 -3.091 -2.711 0.00 63.72 1.0269 58.29
21.14 7.403 1.992 -5.042 -3.050 -2.692 0.00 63.69 1.0264 58.29
21.16 7.392 2.074 -5.081 -3.007 -2.692 0.00 63.69 1.0252 58.30
21.18 7.387 1.961 -4.894 -2.933 -2.692 0.00 63.69 1.0274 58.30
21.20 7.384 1.864 -4.753 -2.890 -2.676 0.00 63.67 1.0292 58.31
21.22 7.383 1.825 -4.711 -2.886 -2.676 0.00 63.67 1.0296 58.31
21.24 7.409 1.771 -4.691 -2.921 -2.676 0.00 63.67 1.0314 58.32
21.26 7.423 1.751 -4.681 -2.930 -2.659 0.00 63.66 1.0322 58.32
21.28 7.429 1.701 -4.570 -2.868 -2.659 0.00 63.66 1.0341 58.33
21.30 7.433 1.401 -4.236 -2.834 -2.659 0.00 63.66 1.0391 58.33
21.32 7.434 1.403 -4.248 -2.844 -2.648 0.00 63.66 1.0389 58.33
21.34 7.315 1.309 -4.153 -2.844 -2.648 0.00 63.66 1.0329 58.34
21.36 7.255 1.303 -4.060 -2.757 -2.640 0.00 63.68 1.0305 58.34
21.38 7.225 1.355 -4.065 -2.710 -2.640 0.00 63.68 1.0286 58.34
21.40 7.210 1.388 -4.018 -2.631 -2.640 0.00 63.68 1.0284 58.35
21.43 7.112 1.212 -3.723 -2.510 -2.637 0.00 63.72 1.0264 58.35
21.44 7.063 1.243 -3.749 -2.506 -2.637 0.00 63.72 1.0231 58.35
21.46 7.039 1.247 -3.799 -2.552 -2.637 0.00 63.72 1.0210 58.36
21.48 7.026 1.247 -3.783 -2.536 -2.634 0.00 63.75 1.0205 58.36
21.50 7.020 1.212 -3.765 -2.552 -2.634 0.00 63.75 1.0205 58.37
21.52 7.017 1.153 -3.716 -2.563 -2.634 0.00 63.75 1.0210 58.37
21.54 7.090 1.096 -3.724 -2.628 -2.634 0.00 63.79 1.0254 58.37
21.56 7.127 0.969 -3.609 -2.640 -2.634 0.00 63.79 1.0292 58.38
21.58 7.145 1.051 -3.760 -2.709 -2.634 0.00 63.79 1.0284 58.38
21.60 7.154 0.975 -3.690 -2.715 -2.633 0.00 63.83 1.0300 58.38
21.62 7.158 1.116 -3.833 -2.717 -2.633 0.00 63.83 1.0285 58.39
21.64 7.100 1.253 -3.963 -2.710 -2.633 0.00 63.83 1.0234 58.39
21.66 7.071 1.198 -3.977 -2.779 -2.628 0.00 63.86 1.0216 58.40
21.68 7.057 1.233 -3.985 -2.752 -2.628 0.00 63.86 1.0208 58.40
21.70 7.050 1.242 -3.993 -2.750 -2.628 0.00 63.86 1.0204 58.40
21.72 7.046 1.308 -4.018 -2.711 -2.623 0.00 63.88 1.0199 58.40
21.74 7.227 1.475 -4.206 -2.731 -2.623 0.00 63.88 1.0284 58.41
21.76 7.317 1.525 -4.257 -2.732 -2.623 0.00 63.88 1.0332 58.41
21.78 7.363 1.424 -4.238 -2.814 -2.614 0.00 63.89 1.0363 58.42
21.80 7.385 1.342 -4.196 -2.855 -2.614 0.00 63.89 1.0384 58.42
21.82 7.397 1.252 -4.080 -2.828 -2.614 0.00 63.89 1.0408 58.43
21.84 7.175 1.176 -4.025 -2.849 -2.606 0.00 63.90 1.0281 58.43
21.86 7.064 1.205 -4.095 -2.890 -2.606 0.00 63.90 1.0206 58.44
21.88 7.009 1.153 -3.996 -2.843 -2.606 0.00 63.90 1.0187 58.44
21.90 6.981 1.185 -3.986 -2.801 -2.601 0.00 63.92 1.0173 58.44
21.92 6.967 1.227 -4.018 -2.791 -2.601 0.00 63.92 1.0162 58.45
21.94 7.170 1.401 -4.175 -2.774 -2.601 0.00 63.92 1.0262 58.45
21.96 7.271 1.473 -4.201 -2.728 -2.593 0.00 63.93 1.0320 58.45
21.98 7.322 1.295 -4.034 -2.739 -2.593 0.00 63.93 1.0375 58.46
22.00 7.347 1.415 -4.121 -2.705 -2.593 0.00 63.93 1.0379 58.46
22.02 7.360 1.463 -4.183 -2.720 -2.585 0.00 63.94 1.0379 58.46
22.04 7.212 1.483 -4.201 -2.718 -2.585 0.00 63.94 1.0287 58.47
22.06 7.138 1.595 -4.313 -2.718 -2.576 0.00 63.94 1.0229 58.47
22.08 7.101 1.506 -4.247 -2.740 -2.576 0.00 63.94 1.0216 58.48
22.10 7.082 1.480 -4.159 -2.679 -2.576 0.00 63.94 1.0217 58.48
22.12 7.073 1.382 -3.993 -2.611 -2.571 0.00 63.96 1.0234 58.48
22.14 7.242 1.335 -3.964 -2.629 -2.571 0.00 63.96 1.0341 58.49
22.16 7.327 1.124 -3.754 -2.630 -2.571 0.00 63.96 1.0422 58.50
22.18 7.369 1.142 -3.747 -2.605 -2.568 0.00 63.99 1.0451 58.51
22.20 7.390 1.032 -3.600 -2.567 -2.568 0.00 63.99 1.0486 58.51
22.22 7.401 1.286 -3.852 -2.566 -2.562 0.00 64.01 1.0458 58.52
22.24 7.190 1.301 -3.856 -2.556 -2.562 0.00 64.01 1.0328 58.52
22.26 7.084 1.355 -3.933 -2.579 -2.562 0.00 64.01 1.0254 58.53
22.28 7.032 1.356 -3.924 -2.568 -2.558 0.00 64.03 1.0225 58.53
22.30 7.005 1.245 -3.834 -2.590 -2.558 0.00 64.03 1.0222 58.54
22.32 6.992 1.174 -3.778 -2.604 -2.558 0.00 64.03 1.0222 58.54
22.34 7.102 1.175 -3.837 -2.663 -2.556 0.00 64.06 1.0281 58.55
22.36 7.157 1.096 -3.788 -2.692 -2.556 0.00 64.06 1.0322 58.55
22.38 7.185 1.064 -3.792 -2.727 -2.556 0.00 64.06 1.0339 58.56
22.40 7.199 1.148 -3.879 -2.731 -2.554 0.00 64.09 1.0337 58.56
22.42 7.206 1.092 -3.831 -2.740 -2.554 0.00 64.09 1.0349 58.57
22.44 7.104 1.054 -3.778 -2.724 -2.552 0.00 64.12 1.0295 58.57
22.46 7.053 1.063 -3.794 -2.730 -2.552 0.00 64.12 1.0264 58.58
22.48 7.028 1.185 -3.953 -2.768 -2.552 0.00 64.12 1.0229 58.59
22.50 7.015 1.231 -3.989 -2.758 -2.549 0.00 64.15 1.0218 58.59
22.52 7.009 1.126 -3.871 -2.746 -2.549 0.00 64.15 1.0231 58.60
22.54 7.121 1.132 -3.888 -2.756 -2.549 0.00 64.15 1.0297 58.61
22.56 7.177 1.249 -4.028 -2.779 -2.546 0.00 64.17 1.0313 58.61
22.58 7.205 1.410 -4.214 -2.804 -2.546 0.00 64.17 1.0306 58.62
22.60 7.220 1.254 -4.045 -2.791 -2.546 0.00 64.17 1.0339 58.63
22.62 7.227 1.217 -4.023 -2.806 -2.543 0.00 64.19 1.0347 58.64
22.64 7.051 1.211 -4.047 -2.836 -2.543 0.00 64.19 1.0239 58.64
22.66 6.963 1.382 -4.268 -2.886 -2.538 0.00 64.20 1.0160 58.65
22.68 6.919 1.247 -4.077 -2.830 -2.538 0.00 64.20 1.0160 58.66
22.70 6.897 1.259 -4.118 -2.860 -2.538 0.00 64.20 1.0143 58.66
22.72 7.033 1.592 -4.405 -2.813 -2.531 0.00 64.20 1.0186 58.67
22.74 7.101 1.621 -4.381 -2.760 -2.531 0.00 64.20 1.0230 58.68
22.76 7.135 1.675 -4.454 -2.779 -2.531 0.00 64.20 1.0240 58.68
22.78 7.152 1.573 -4.303 -2.730 -2.524 0.00 64.20 1.0271 58.69
22.80 7.160 1.774 -4.475 -2.700 -2.524 0.00 64.20 1.0254 58.70
22.82 7.164 1.840 -4.519 -2.679 -2.524 0.00 64.20 1.0251 58.71
22.84 7.011 1.801 -4.484 -2.683 -2.517 0.00 64.19 1.0167 58.72
22.86 6.934 1.892 -4.564 -2.673 -2.517 0.00 64.19 1.0114 58.72
22.88 6.896 1.799 -4.487 -2.688 -2.517 0.00 64.19 1.0102 58.73
22.90 6.877 1.734 -4.400 -2.666 -2.512 0.00 64.20 1.0102 58.74
22.92 6.867 1.640 -4.243 -2.603 -2.512 0.00 64.20 1.0116 58.75
22.94 6.906 1.563 -4.171 -2.608 -2.510 0.00 64.21 1.0148 58.75
22.96 6.926 1.534 -4.128 -2.594 -2.510 0.00 64.21 1.0165 58.76
22.98 6.935 1.396 -4.009 -2.613 -2.510 0.00 64.21 1.0186 58.76
23.00 6.940 1.368 -3.950 -2.582 -2.511 0.00 64.24 1.0196 58.77
23.02 6.943 1.443 -3.984 -2.541 -2.511 0.00 64.24 1.0194 58.77
23.04 7.028 1.482 -3.988 -2.507 -2.511 0.00 64.24 1.0245 58.78
23.06 7.071 1.598 -4.067 -2.469 -2.510 0.00 64.25 1.0261 58.79
23.08 7.092 1.661 -4.121 -2.460 -2.510 0.00 64.25 1.0267 58.79
23.10 7.103 1.760 -4.211 -2.451 -2.510 0.00 64.25 1.0262 58.80
23.12 7.108 1.734 -4.238 -2.504 -2.508 0.00 64.26 1.0262 58.80
23.14 7.050 1.800 -4.373 -2.573 -2.508 0.00 64.26 1.0211 58.81
23.16 7.021 2.046 -4.631 -2.585 -2.502 0.00 64.25 1.0161 58.82
23.18 7.006 2.084 -4.638 -2.554 -2.502 0.00 64.25 1.0153 58.83
23.20 6.999 1.978 -4.569 -2.591 -2.502 0.00 64.25 1.0157 58.84
23.22 6.996 2.038 -4.653 -2.615 -2.495 0.00 64.23 1.0144 58.85
23.24 6.919 2.114 -4.751 -2.637 -2.495 0.00 64.23 1.0089 58.85
23.27 6.881 2.084 -4.796 -2.713 -2.495 0.00 64.23 1.0062 58.86
23.28 6.862 2.011 -4.732 -2.721 -2.488 0.00 64.22 1.0059 58.87
23.30 6.852 2.059 -4.767 -2.708 -2.488 0.00 64.22 1.0049 58.88
23.32 6.847 2.183 -4.810 -2.627 -2.480 0.00 64.20 1.0042 58.88
23.34 6.896 2.314 -4.911 -2.597 -2.480 0.00 64.20 1.0055 58.89
23.36 6.920 2.192 -4.789 -2.597 -2.480 0.00 64.20 1.0083 58.90
23.38 6.932 2.151 -4.746 -2.594 -2.473 0.00 64.18 1.0095 58.91
23.40 6.938 2.268 -4.836 -2.568 -2.473 0.00 64.18 1.0087 58.92
23.42 6.941 2.360 -4.875 -2.515 -2.473 0.00 64.18 1.0083 58.93
23.44 6.884 2.281 -4.786 -2.505 -2.465 0.00 64.16 1.0062 58.94
23.46 6.855 2.442 -5.000 -2.559 -2.465 0.00 64.16 1.0019 58.95
23.48 6.841 2.489 -5.065 -2.577 -2.465 0.00 64.16 1.0003 58.95
23.50 6.834 2.636 -5.202 -2.566 -2.454 0.00 64.13 0.9982 58.96
23.52 6.830 2.742 -5.344 -2.601 -2.454 0.00 64.13 0.9962 58.98
23.54 6.946 2.752 -5.391 -2.639 -2.454 0.00 64.13 1.0017 58.98
23.56 7.004 2.789 -5.440 -2.651 -2.442 0.00 64.09 1.0040 58.99
23.58 7.033 2.724 -5.355 -2.632 -2.442 0.00 64.09 1.0066 59.00
23.60 7.048 2.642 -5.272 -2.630 -2.429 0.00 64.05 1.0083 59.01
23.62 7.055 2.487 -5.122 -2.635 -2.429 0.00 64.05 1.0105 59.02
23.64 6.909 2.496 -5.115 -2.619 -2.429 0.00 64.05 1.0025 59.03
23.66 6.836 2.478 -5.100 -2.622 -2.420 0.00 64.02 0.9986 59.04
23.68 6.800 2.516 -5.129 -2.612 -2.420 0.00 64.02 0.9961 59.05
23.70 6.782 2.497 -5.075 -2.578 -2.420 0.00 64.02 0.9957 59.05
23.72 6.773 2.428 -5.023 -2.595 -2.413 0.00 64.00 0.9957 59.06
23.74 6.843 2.552 -5.130 -2.577 -2.413 0.00 64.00 0.9980 59.07
23.76 6.878 2.383 -4.933 -2.550 -2.413 0.00 64.00 1.0022 59.08
23.78 6.895 2.488 -5.030 -2.542 -2.406 0.00 63.97 1.0019 59.09
23.80 6.904 2.536 -5.091 -2.554 -2.406 0.00 63.97 1.0015 59.09
23.82 6.909 2.419 -4.932 -2.513 -2.406 0.00 63.97 1.0036 59.10
23.84 6.832 2.490 -4.989 -2.499 -2.399 0.00 63.95 0.9986 59.11
23.86 6.793 2.494 -4.939 -2.445 -2.399 0.00 63.95 0.9971 59.11
23.88 6.793 2.382 -4.770 -2.388 -2.396 0.00 63.95 0.9990 59.12
23.90 6.765 2.492 -4.928 -2.436 -2.396 0.00 63.95 0.9955 59.13
23.92 6.760 2.400 -4.819 -2.419 -2.396 0.00 63.95 0.9964 59.13
23.94 6.825 2.388 -4.807 -2.419 -2.393 0.00 63.94 1.0000 59.14
23.96 6.857 2.195 -4.657 -2.462 -2.393 0.00 63.94 1.0035 59.15
23.98 6.874 2.235 -4.686 -2.451 -2.393 0.00 63.94 1.0040 59.15
24.00 6.882 2.038 -4.456 -2.418 -2.392 0.00 63.94 1.0072 59.16
24.02 6.703 2.064 -4.487 -2.424 -2.392 0.00 63.94 0.9969 59.16
24.04 6.614 2.044 -4.491 -2.447 -2.392 0.00 63.94 0.9919 59.17
24.06 6.569 2.049 -4.551 -2.502 -2.395 0.00 63.96 0.9888 59.17
24.08 6.546 2.098 -4.562 -2.463 -2.395 0.00 63.96 0.9875 59.18
24.10 6.535 2.139 -4.624 -2.484 -2.395 0.00 63.96 0.9861 59.18
24.12 6.530 1.948 -4.376 -2.429 -2.400 0.00 63.97 0.9886 59.18
24.14 6.818 1.925 -4.393 -2.469 -2.400 0.00 63.97 1.0043 59.19
24.16 6.962 1.827 -4.352 -2.525 -2.400 0.00 63.97 1.0129 59.19
24.18 7.034 1.700 -4.211 -2.511 -2.406 0.00 64.00 1.0189 59.19
24.20 7.070 1.667 -4.221 -2.554 -2.406 0.00 64.00 1.0209 59.20
24.22 7.088 1.769 -4.317 -2.548 -2.410 0.00 64.02 1.0208 59.20
24.24 6.933 1.718 -4.285 -2.567 -2.410 0.00 64.02 1.0123 59.20
24.26 6.856 1.598 -4.131 -2.533 -2.410 0.00 64.02 1.0099 59.21
24.28 6.818 1.601 -4.200 -2.599 -2.419 0.00 64.06 1.0069 59.21
24.30 6.798 1.660 -4.265 -2.605 -2.419 0.00 64.06 1.0051 59.21
24.32 6.789 1.712 -4.360 -2.647 -2.419 0.00 64.06 1.0035 59.22
24.34 6.761 1.768 -4.436 -2.668 -2.424 0.00 64.08 1.0011 59.22
24.36 6.747 1.697 -4.360 -2.663 -2.424 0.00 64.08 1.0014 59.22
24.38 6.740 1.756 -4.360 -2.604 -2.433 0.00 64.11 1.0011 59.23
24.40 6.736 1.712 -4.352 -2.640 -2.433 0.00 64.11 1.0011 59.23
24.42 6.735 1.778 -4.385 -2.606 -2.433 0.00 64.11 1.0008 59.24
24.44 6.754 1.876 -4.473 -2.597 -2.440 0.00 64.14 1.0009 59.24
24.46 6.763 1.881 -4.446 -2.565 -2.440 0.00 64.14 1.0019 59.24
24.48 6.768 1.966 -4.537 -2.571 -2.440 0.00 64.14 1.0011 59.25
24.50 6.770 1.871 -4.430 -2.559 -2.448 0.00 64.16 1.0027 59.25
24.52 6.772 1.930 -4.454 -2.524 -2.448 0.00 64.16 1.0026 59.26
24.54 6.827 1.921 -4.449 -2.529 -2.448 0.00 64.16 1.0058 59.26
24.56 6.854 1.895 -4.443 -2.548 -2.456 0.00 64.19 1.0076 59.27
24.58 6.868 1.775 -4.333 -2.558 -2.456 0.00 64.19 1.0098 59.28
24.60 6.875 1.865 -4.375 -2.510 -2.456 0.00 64.19 1.0098 59.28
24.62 6.879 1.866 -4.371 -2.505 -2.466 0.00 64.22 1.0102 59.29
24.64 6.883 1.686 -4.197 -2.511 -2.466 0.00 64.22 1.0127 59.29
24.66 6.885 1.624 -4.153 -2.529 -2.466 0.00 64.22 1.0135 59.29
24.68 6.886 1.663 -4.154 -2.491 -2.476 0.00 64.25 1.0137 59.30
24.70 6.887 1.416 -3.924 -2.508 -2.476 0.00 64.25 1.0166 59.30
24.72 6.887 1.579 -4.065 -2.486 -2.476 0.00 64.25 1.0151 59.31
24.74 6.703 1.633 -4.134 -2.501 -2.489 0.00 64.30 1.0039 59.31
24.76 6.611 1.706 -4.164 -2.458 -2.489 0.00 64.30 0.9986 59.31
24.78 6.564 1.615 -4.127 -2.512 -2.489 0.00 64.30 0.9966 59.32
24.80 6.541 1.636 -4.208 -2.571 -2.503 0.00 64.35 0.9946 59.32
24.82 6.530 1.574 -4.201 -2.627 -2.503 0.00 64.35 0.9942 59.32
24.84 6.556 1.680 -4.298 -2.618 -2.503 0.00 64.35 0.9947 59.33
24.86 6.570 1.669 -4.245 -2.576 -2.517 0.00 64.39 0.9962 59.33
24.88 6.576 1.567 -4.174 -2.606 -2.517 0.00 64.39 0.9975 59.33
24.90 6.580 1.467 -4.168 -2.701 -2.532 0.00 64.44 0.9979 59.34
24.92 6.581 1.425 -4.121 -2.697 -2.532 0.00 64.44 0.9987 59.34
24.94 6.624 1.414 -4.114 -2.701 -2.532 0.00 64.44 1.0013 59.35
24.96 6.645 1.292 -3.999 -2.708 -2.550 0.00 64.50 1.0040 59.35
24.98 6.656 1.191 -3.948 -2.757 -2.550 0.00 64.50 1.0054 59.35
25.00 6.661 1.260 -4.007 -2.747 -2.550 0.00 64.50 1.0053 59.35
25.02 6.663 1.273 -3.964 -2.691 -2.568 0.00 64.56 1.0062 59.36
25.04 6.797 1.219 -3.916 -2.697 -2.568 0.00 64.56 1.0146 59.36
25.06 6.864 1.285 -3.938 -2.653 -2.568 0.00 64.56 1.0184 59.36
25.08 6.897 1.357 -4.037 -2.680 -2.584 0.00 64.62 1.0193 59.36
25.10 6.914 1.294 -3.960 -2.666 -2.584 0.00 64.62 1.0215 59.37
25.12 6.922 1.318 -3.950 -2.631 -2.584 0.00 64.62 1.0224 59.37
25.14 6.893 1.331 -3.905 -2.573 -2.600 0.00 64.68 1.0215 59.37
25.16 6.879 1.258 -3.815 -2.557 -2.600 0.00 64.68 1.0221 59.38
25.18 6.872 1.269 -3.842 -2.573 -2.600 0.00 64.68 1.0215 59.38
25.20 6.868 1.251 -3.833 -2.582 -2.617 0.00 64.74 1.0217 59.39
25.22 6.866 1.333 -3.931 -2.598 -2.617 0.00 64.74 1.0206 59.39
25.24 6.914 1.179 -3.775 -2.596 -2.634 0.00 64.80 1.0256 59.40
25.26 6.939 1.093 -3.752 -2.659 -2.634 0.00 64.80 1.0276 59.40
25.28 6.951 1.021 -3.678 -2.657 -2.634 0.00 64.80 1.0295 59.41
25.30 6.957 1.172 -3.828 -2.656 -2.651 0.00 64.86 1.0282 59.41
25.32 6.960 1.292 -3.896 -2.604 -2.651 0.00 64.86 1.0278 59.42
25.34 6.848 1.207 -3.806 -2.598 -2.651 0.00 64.86 1.0227 59.42
25.36 6.792 1.266 -3.848 -2.582 -2.668 0.00 64.92 1.0192 59.43
25.39 6.764 1.137 -3.752 -2.615 -2.668 0.00 64.92 1.0190 59.43
25.40 6.750 1.241 -3.864 -2.622 -2.668 0.00 64.92 1.0171 59.44
25.42 6.743 1.332 -3.963 -2.631 -2.684 0.00 64.97 1.0158 59.44
25.44 6.917 1.414 -4.102 -2.688 -2.684 0.00 64.97 1.0243 59.45
25.46 7.005 1.501 -4.263 -2.761 -2.684 0.00 64.97 1.0276 59.45
25.48 7.048 1.598 -4.389 -2.791 -2.692 0.00 65.00 1.0287 59.46
25.50 7.070 1.567 -4.388 -2.821 -2.692 0.00 65.00 1.0302 59.46
25.52 7.081 1.525 -4.361 -2.836 -2.692 0.00 65.00 1.0314 59.47
25.54 6.974 1.298 -4.083 -2.785 -2.700 0.00 65.02 1.0289 59.48
25.56 6.920 1.306 -4.084 -2.777 -2.700 0.00 65.02 1.0259 59.48
25.58 6.893 1.389 -4.180 -2.790 -2.709 0.00 65.05 1.0233 59.49
25.60 6.880 1.503 -4.293 -2.790 -2.709 0.00 65.05 1.0213 59.49
25.62 6.873 1.367 -4.195 -2.828 -2.709 0.00 65.05 1.0223 59.50
25.64 6.722 1.260 -4.141 -2.881 -2.718 0.00 65.08 1.0146 59.50
25.66 6.646 1.211 -4.083 -2.871 -2.718 0.00 65.08 1.0112 59.51
25.68 6.608 1.131 -4.008 -2.877 -2.718 0.00 65.08 1.0101 59.51
25.70 6.590 1.182 -4.062 -2.881 -2.730 0.00 65.13 1.0086 59.51
25.72 6.580 1.115 -3.957 -2.842 -2.730 0.00 65.13 1.0095 59.52
25.74 6.714 1.221 -4.018 -2.797 -2.730 0.00 65.13 1.0165 59.52
25.76 6.782 1.068 -3.866 -2.798 -2.741 0.00 65.17 1.0223 59.52
25.78 6.815 0.919 -3.754 -2.834 -2.741 0.00 65.17 1.0257 59.52
25.80 6.832 0.996 -3.795 -2.799 -2.741 0.00 65.17 1.0264 59.53
25.82 6.840 0.957 -3.760 -2.803 -2.754 0.00 65.22 1.0275 59.53
25.84 6.890 1.107 -3.887 -2.780 -2.754 0.00 65.22 1.0290 59.53
25.86 6.914 1.136 -3.886 -2.750 -2.754 0.00 65.22 1.0306 59.53
25.88 6.927 1.120 -3.868 -2.748 -2.764 0.00 65.26 1.0317 59.53
25.90 6.933 1.346 -4.116 -2.770 -2.764 0.00 65.26 1.0292 59.54
25.92 6.936 1.308 -4.081 -2.774 -2.768 0.00 65.28 1.0300 59.54
25.94 6.783 1.353 -4.109 -2.756 -2.768 0.00 65.28 1.0210 59.54
25.96 6.706 1.271 -4.014 -2.743 -2.768 0.00 65.28 1.0180 59.54
25.98 6.668 1.235 -3.904 -2.669 -2.776 0.00 65.31 1.0173 59.55
26.01 6.649 1.241 -3.951 -2.710 -2.776 0.00 65.31 1.0159 59.55
26.02 6.640 1.318 -3.998 -2.679 -2.776 0.00 65.31 1.0149 59.55
26.04 6.655 1.396 -4.106 -2.710 -2.782 0.00 65.34 1.0147 59.56
26.06 6.663 1.298 -4.045 -2.747 -2.782 0.00 65.34 1.0160 59.56
26.08 6.667 1.440 -4.105 -2.664 -2.786 0.00 65.36 1.0157 59.56
26.10 6.669 1.444 -4.151 -2.707 -2.786 0.00 65.36 1.0154 59.57
26.12 6.670 1.436 -4.214 -2.778 -2.786 0.00 65.36 1.0148 59.57
26.14 6.649 1.501 -4.294 -2.793 -2.789 0.00 65.37 1.0128 59.58
26.16 6.638 1.560 -4.330 -2.770 -2.789 0.00 65.37 1.0119 59.58
26.18 6.633 1.566 -4.371 -2.805 -2.789 0.00 65.37 1.0113 59.58
26.20 6.631 1.530 -4.316 -2.786 -2.791 0.00 65.38 1.0119 59.59
26.22 6.629 1.374 -4.152 -2.777 -2.791 0.00 65.38 1.0138 59.59
26.24 6.757 1.371 -4.138 -2.767 -2.791 0.00 65.38 1.0212 59.59
26.26 6.821 1.389 -4.181 -2.792 -2.792 0.00 65.39 1.0243 59.60
26.28 6.853 1.447 -4.239 -2.792 -2.792 0.00 65.39 1.0255 59.60
26.30 6.869 1.321 -4.066 -2.746 -2.792 0.00 65.39 1.0287 59.61
26.32 6.877 1.461 -4.204 -2.743 -2.792 0.00 65.40 1.0275 59.61
26.34 6.841 1.547 -4.314 -2.767 -2.792 0.00 65.40 1.0241 59.61
26.36 6.823 1.612 -4.410 -2.798 -2.792 0.00 65.40 1.0220 59.62
26.38 6.813 1.768 -4.588 -2.820 -2.788 0.00 65.39 1.0193 59.62
26.40 6.809 1.745 -4.620 -2.875 -2.788 0.00 65.39 1.0187 59.63
26.42 6.807 1.883 -4.756 -2.873 -2.788 0.00 65.39 1.0169 59.63
26.44 6.630 2.023 -4.881 -2.858 -2.780 0.00 65.37 1.0060 59.64
26.46 6.542 1.973 -4.799 -2.826 -2.780 0.00 65.37 1.0023 59.65
26.48 6.498 1.991 -4.793 -2.802 -2.780 0.00 65.37 1.0000 59.65
26.50 6.476 2.150 -4.983 -2.833 -2.773 0.00 65.34 0.9967 59.66
26.52 6.465 2.205 -5.031 -2.827 -2.773 0.00 65.34 0.9956 59.67
26.54 6.864 2.164 -5.008 -2.844 -2.762 0.00 65.30 1.0169 59.68
26.56 7.064 2.264 -5.048 -2.785 -2.762 0.00 65.30 1.0273 59.69
26.58 7.164 2.119 -4.925 -2.807 -2.762 0.00 65.30 1.0345 59.70
26.60 7.213 2.269 -5.074 -2.805 -2.746 0.00 65.25 1.0352 59.71
26.62 7.238 2.161 -4.974 -2.813 -2.746 0.00 65.25 1.0379 59.71
26.64 7.113 2.227 -5.001 -2.775 -2.746 0.00 65.25 1.0302 59.72
26.66 7.050 2.438 -5.185 -2.746 -2.728 0.00 65.20 1.0242 59.73
26.68 7.018 2.459 -5.213 -2.754 -2.728 0.00 65.20 1.0219 59.74
26.70 7.003 2.519 -5.286 -2.767 -2.728 0.00 65.20 1.0200 59.75
26.72 6.995 2.549 -5.227 -2.677 -2.710 0.00 65.14 1.0202 59.76
26.74 6.799 2.572 -5.253 -2.680 -2.710 0.00 65.14 1.0091 59.77
26.76 6.701 2.698 -5.379 -2.680 -2.710 0.00 65.14 1.0023 59.78
26.78 6.652 2.802 -5.494 -2.692 -2.692 0.00 65.08 0.9982 59.79
26.80 6.628 2.848 -5.613 -2.765 -2.692 0.00 65.08 0.9953 59.80
26.82 6.661 3.058 -5.839 -2.780 -2.670 0.00 65.00 0.9942 59.81
26.84 6.677 3.084 -5.887 -2.803 -2.670 0.00 65.00 0.9941 59.82
26.86 6.685 3.139 -5.946 -2.807 -2.670 0.00 65.00 0.9935 59.83
26.88 6.689 3.021 -5.873 -2.852 -2.648 0.00 64.92 0.9943 59.84
26.90 6.691 3.024 -5.825 -2.801 -2.648 0.00 64.92 0.9947 59.85
26.92 6.692 2.823 -5.655 -2.831 -2.648 0.00 64.92 0.9964 59.86
26.94 6.619 2.894 -5.722 -2.828 -2.626 0.00 64.85 0.9916 59.87
26.96 6.582 2.851 -5.620 -2.769 -2.626 0.00 64.85 0.9907 59.88
26.98 6.563 2.670 -5.431 -2.761 -2.608 0.00 64.79 0.9916 59.89
27.00 6.554 2.853 -5.632 -2.780 -2.608 0.00 64.79 0.9885 59.89
27.02 6.550 2.587 -5.380 -2.792 -2.608 0.00 64.79 0.9908 59.90
27.04 6.675 2.548 -5.349 -2.801 -2.589 0.00 64.73 0.9973 59.91
27.06 6.738 2.392 -5.231 -2.839 -2.589 0.00 64.73 1.0016 59.91
27.08 6.769 2.467 -5.202 -2.735 -2.589 0.00 64.73 1.0034 59.92
27.10 6.785 2.456 -5.184 -2.728 -2.572 0.00 64.69 1.0042 59.92
27.12 6.792 2.608 -5.382 -2.774 -2.572 0.00 64.69 1.0019 59.93
27.14 6.760 2.605 -5.344 -2.739 -2.554 0.00 64.63 1.0005 59.94
27.16 6.744 2.544 -5.266 -2.722 -2.554 0.00 64.63 1.0003 59.94
27.18 6.736 2.556 -5.332 -2.776 -2.554 0.00 64.63 0.9988 59.95
27.20 6.732 2.576 -5.301 -2.725 -2.536 0.00 64.58 0.9987 59.95
27.22 6.730 2.812 -5.473 -2.661 -2.536 0.00 64.58 0.9964 59.96
27.24 6.692 2.815 -5.389 -2.573 -2.536 0.00 64.58 0.9952 59.97
27.26 6.673 2.720 -5.289 -2.570 -2.519 0.00 64.53 0.9951 59.98
27.28 6.664 2.764 -5.342 -2.578 -2.519 0.00 64.53 0.9938 59.98
27.30 6.659 2.592 -5.216 -2.624 -2.519 0.00 64.53 0.9947 59.99
27.32 6.656 2.526 -5.139 -2.613 -2.505 0.00 64.49 0.9952 60.00
27.34 6.690 2.523 -5.154 -2.632 -2.505 0.00 64.49 0.9966 60.00
27.36 6.706 2.424 -5.057 -2.634 -2.492 0.00 64.46 0.9984 60.01
27.38 6.715 2.292 -4.887 -2.595 -2.492 0.00 64.46 1.0006 60.02
27.40 6.719 2.227 -4.830 -2.603 -2.492 0.00 64.46 1.0013 60.02
27.42 6.719 2.291 -4.967 -2.676 -2.481 0.00 64.43 0.9994 60.03
27.45 6.708 2.306 -4.980 -2.675 -2.481 0.00 64.43 0.9985 60.03
27.46 6.706 2.299 -4.962 -2.663 -2.481 0.00 64.43 0.9984 60.04
27.48 6.705 2.324 -4.974 -2.650 -2.471 0.00 64.41 0.9981 60.05
27.50 6.705 2.343 -4.967 -2.623 -2.471 0.00 64.41 0.9980 60.05
27.52 6.705 2.518 -5.145 -2.627 -2.471 0.00 64.41 0.9958 60.06
27.54 6.735 2.637 -5.239 -2.602 -2.459 0.00 64.37 0.9961 60.07
27.56 6.750 2.611 -5.241 -2.631 -2.459 0.00 64.37 0.9967 60.07
27.58 6.757 2.525 -5.160 -2.635 -2.459 0.00 64.37 0.9979 60.08
27.60 6.761 2.474 -5.130 -2.656 -2.447 0.00 64.34 0.9983 60.09
27.62 6.763 2.388 -5.062 -2.674 -2.447 0.00 64.34 0.9990 60.10
27.64 6.846 2.289 -4.943 -2.654 -2.447 0.00 64.34 1.0048 60.10
27.66 6.887 2.301 -4.918 -2.618 -2.439 0.00 64.33 1.0073 60.11
27.68 6.908 2.315 -4.955 -2.640 -2.439 0.00 64.33 1.0078 60.11
27.70 6.919 2.364 -5.048 -2.684 -2.439 0.00 64.33 1.0071 60.12
27.72 6.924 2.363 -5.049 -2.686 -2.430 0.00 64.30 1.0072 60.12
27.74 6.844 2.311 -5.035 -2.724 -2.430 0.00 64.30 1.0029 60.13
27.76 6.804 2.149 -4.889 -2.739 -2.430 0.00 64.30 1.0024 60.13
27.78 6.784 2.109 -4.798 -2.688 -2.424 0.00 64.30 1.0024 60.14
27.80 6.774 2.037 -4.716 -2.679 -2.424 0.00 64.30 1.0027 60.14
27.82 6.769 2.129 -4.781 -2.652 -2.420 0.00 64.29 1.0016 60.15
27.84 6.799 1.952 -4.620 -2.668 -2.420 0.00 64.29 1.0051 60.15
27.86 6.799 1.954 -4.593 -2.639 -2.420 0.00 64.29 1.0054 60.15
27.88 6.822 1.960 -4.562 -2.601 -2.418 0.00 64.30 1.0070 60.16
27.90 6.826 1.932 -4.517 -2.585 -2.418 0.00 64.30 1.0077 60.16
27.92 6.828 1.860 -4.493 -2.633 -2.418 0.00 64.30 1.0080 60.16
27.94 6.981 1.693 -4.317 -2.625 -2.419 0.00 64.32 1.0189 60.16
27.96 7.058 1.614 -4.245 -2.632 -2.419 0.00 64.32 1.0243 60.17
27.98 7.097 1.568 -4.204 -2.636 -2.419 0.00 64.32 1.0271 60.17
28.00 7.116 1.352 -3.950 -2.599 -2.423 0.00 64.35 1.0316 60.17
28.02 7.126 1.384 -4.016 -2.632 -2.423 0.00 64.35 1.0314 60.17
28.04 6.929 1.374 -3.966 -2.591 -2.423 0.00 64.35 1.0205 60.17
28.06 6.831 1.524 -4.084 -2.561 -2.429 0.00 64.39 1.0134 60.17
28.08 6.782 1.563 -4.118 -2.555 -2.429 0.00 64.39 1.0103 60.17
28.10 6.758 1.474 -4.025 -2.551 -2.429 0.00 64.39 1.0101 60.18
28.12 6.746 1.472 -4.033 -2.561 -2.436 0.00 64.43 1.0094 60.18
28.14 6.816 1.467 -4.017 -2.550 -2.436 0.00 64.43 1.0137 60.18
28.16 6.851 1.492 -4.012 -2.520 -2.443 0.00 64.47 1.0159 60.18
28.18 6.868 1.473 -4.022 -2.549 -2.443 0.00 64.47 1.0170 60.18
28.20 6.877 1.468 -4.018 -2.550 -2.443 0.00 64.47 1.0177 60.18
28.22 6.881 1.593 -4.083 -2.490 -2.450 0.00 64.51 1.0173 60.18
28.24 6.879 1.673 -4.155 -2.482 -2.450 0.00 64.51 1.0165 60.19
28.26 6.878 1.405 -3.889 -2.484 -2.450 0.00 64.51 1.0198 60.19
28.28 6.878 1.297 -3.763 -2.466 -2.459 0.00 64.56 1.0215 60.19
28.30 6.878 1.328 -3.842 -2.514 -2.459 0.00 64.56 1.0207 60.19
28.32 6.877 1.259 -3.777 -2.518 -2.459 0.00 64.56 1.0216 60.19
28.34 6.801 1.075 -3.651 -2.576 -2.472 0.00 64.62 1.0189 60.20
28.36 6.763 1.011 -3.563 -2.552 -2.472 0.00 64.62 1.0179 60.20
28.38 6.744 1.071 -3.564 -2.493 -2.472 0.00 64.62 1.0170 60.20
28.40 6.734 0.946 -3.452 -2.505 -2.489 0.00 64.70 1.0180 60.20
28.42 6.729 1.024 -3.511 -2.487 -2.489 0.00 64.70 1.0173 60.20
28.44 6.713 1.181 -3.712 -2.531 -2.489 0.00 64.70 1.0142 60.21
28.46 6.705 1.280 -3.795 -2.515 -2.503 0.00 64.76 1.0130 60.21
28.48 6.700 1.306 -3.838 -2.532 -2.503 0.00 64.76 1.0125 60.21
28.50 6.698 1.243 -3.788 -2.545 -2.503 0.00 64.76 1.0132 60.22
28.52 6.697 1.160 -3.708 -2.548 -2.518 0.00 64.82 1.0143 60.22
28.54 6.638 1.270 -3.891 -2.620 -2.518 0.00 64.82 1.0091 60.22
28.56 6.609 1.380 -4.037 -2.657 -2.518 0.00 64.82 1.0060 60.23
28.58 6.594 1.394 -4.064 -2.670 -2.529 0.00 64.87 1.0051 60.23
28.60 6.587 1.358 -4.057 -2.699 -2.529 0.00 64.87 1.0050 60.24
28.62 6.583 1.465 -4.188 -2.722 -2.529 0.00 64.87 1.0035 60.24
28.64 6.724 1.494 -4.214 -2.720 -2.539 0.00 64.90 1.0112 60.24
28.66 6.794 1.552 -4.249 -2.697 -2.539 0.00 64.90 1.0150 60.25
28.68 6.829 1.321 -4.003 -2.682 -2.539 0.00 64.90 1.0201 60.25
28.71 6.847 1.213 -3.912 -2.699 -2.549 0.00 64.95 1.0225 60.26
28.72 6.855 1.203 -3.883 -2.680 -2.549 0.00 64.95 1.0236 60.26
28.74 6.741 1.170 -3.850 -2.680 -2.549 0.00 64.95 1.0175 60.26
28.76 6.683 1.095 -3.773 -2.678 -2.561 0.00 65.00 1.0154 60.27
28.78 6.655 1.123 -3.843 -2.720 -2.561 0.00 65.00 1.0131 60.27
28.80 6.640 1.156 -3.869 -2.714 -2.561 0.00 65.00 1.0122 60.27
28.82 6.746 0.985 -3.640 -2.655 -2.575 0.00 65.05 1.0212 60.28
28.84 6.799 0.908 -3.599 -2.691 -2.575 0.00 65.05 1.0249 60.28
28.86 6.825 0.976 -3.640 -2.664 -2.589 0.00 65.11 1.0262 60.28
28.88 6.839 0.935 -3.652 -2.717 -2.589 0.00 65.11 1.0271 60.29
28.90 6.845 0.878 -3.552 -2.674 -2.589 0.00 65.11 1.0289 60.29
28.92 6.849 0.931 -3.600 -2.669 -2.603 0.00 65.17 1.0287 60.29
28.94 6.749 0.851 -3.582 -2.731 -2.603 0.00 65.17 1.0234 60.29
28.96 6.700 0.706 -3.416 -2.710 -2.603 0.00 65.17 1.0227 60.29
28.98 6.675 0.735 -3.455 -2.720 -2.620 0.00 65.24 1.0211 60.30
29.00 6.663 0.616 -3.274 -2.658 -2.620 0.00 65.24 1.0228 60.30
29.02 6.657 0.839 -3.518 -2.679 -2.620 0.00 65.24 1.0198 60.30
29.04 6.659 0.927 -3.619 -2.692 -2.635 0.00 65.29 1.0190 60.30
29.06 6.660 0.629 -3.303 -2.673 -2.635 0.00 65.29 1.0230 60.30
29.08 6.660 0.552 -3.241 -2.690 -2.635 0.00 65.29 1.0240 60.31
29.11 6.661 0.642 -3.316 -2.674 -2.655 0.00 65.37 1.0235 60.31
29.13 6.661 0.782 -3.459 -2.677 -2.655 0.00 65.37 1.0221 60.31
29.15 6.457 0.961 -3.652 -2.690 -2.671 0.00 65.43 1.0087 60.31
29.17 6.356 1.014 -3.767 -2.753 -2.671 0.00 65.43 1.0021 60.32
29.19 6.305 1.027 -3.726 -2.699 -2.671 0.00 65.43 1.0001 60.32
29.21 6.280 1.176 -3.875 -2.699 -2.687 0.00 65.48 0.9975 60.32
29.23 6.267 1.353 -4.067 -2.713 -2.687 0.00 65.48 0.9951 60.33
29.25 6.537 1.337 -4.070 -2.732 -2.697 0.00 65.51 1.0098 60.33
29.27 6.672 1.359 -4.106 -2.747 -2.697 0.00 65.51 1.0171 60.34
29.29 6.739 1.244 -4.036 -2.791 -2.697 0.00 65.51 1.0220 60.35
29.31 6.773 1.213 -3.981 -2.768 -2.705 0.00 65.54 1.0248 60.35
29.33 6.790 1.172 -4.031 -2.859 -2.705 0.00 65.54 1.0253 60.36
29.35 6.686 1.243 -4.073 -2.830 -2.705 0.00 65.54 1.0192 60.36
29.37 6.634 1.560 -4.338 -2.778 -2.712 0.00 65.56 1.0134 60.37
29.39 6.608 1.748 -4.533 -2.785 -2.712 0.00 65.56 1.0100 60.37
29.41 6.595 1.741 -4.543 -2.802 -2.712 0.00 65.56 1.0093 60.38
29.43 6.589 1.855 -4.683 -2.828 -2.713 0.00 65.55 1.0075 60.38
29.45 6.552 1.922 -4.732 -2.811 -2.713 0.00 65.55 1.0051 60.39
29.47 6.533 1.764 -4.535 -2.771 -2.713 0.00 65.55 1.0064 60.39
29.49 6.524 1.713 -4.477 -2.765 -2.717 0.00 65.56 1.0067 60.40
29.51 6.519 1.713 -4.451 -2.738 -2.717 0.00 65.56 1.0068 60.41
29.53 6.517 1.733 -4.433 -2.699 -2.717 0.00 65.56 1.0070 60.41
29.55 6.589 1.820 -4.490 -2.671 -2.720 0.00 65.56 1.0103 60.41
29.57 6.626 1.670 -4.339 -2.669 -2.720 0.00 65.56 1.0140 60.42
29.59 6.644 1.674 -4.361 -2.687 -2.720 0.00 65.56 1.0148 60.43
29.61 6.653 1.581 -4.239 -2.658 -2.725 0.00 65.57 1.0168 60.43
29.63 6.657 1.625 -4.294 -2.669 -2.725 0.00 65.57 1.0165 60.44
29.65 6.616 1.508 -4.183 -2.674 -2.725 0.00 65.57 1.0155 60.44
29.67 6.595 1.347 -4.001 -2.654 -2.731 0.00 65.58 1.0165 60.44
29.69 6.585 1.556 -4.223 -2.667 -2.731 0.00 65.58 1.0134 60.45
29.71 6.579 1.580 -4.244 -2.665 -2.736 0.00 65.59 1.0130 60.45
29.73 6.577 1.537 -4.155 -2.618 -2.736 0.00 65.59 1.0139 60.46
29.75 6.578 1.475 -4.040 -2.564 -2.736 0.00 65.59 1.0154 60.46
29.77 6.579 1.443 -4.086 -2.643 -2.742 0.00 65.61 1.0149 60.47
29.79 6.579 1.554 -4.294 -2.740 -2.742 0.00 65.61 1.0126 60.47
29.81 6.579 1.673 -4.469 -2.796 -2.742 0.00 65.61 1.0106 60.47
29.83 6.580 1.578 -4.487 -2.909 -2.745 0.00 65.61 1.0104 60.48
29.85 6.565 1.546 -4.522 -2.975 -2.745 0.00 65.61 1.0093 60.48
29.87 6.558 1.572 -4.560 -2.987 -2.745 0.00 65.61 1.0085 60.48
29.89 6.554 1.584 -4.551 -2.967 -2.747 0.00 65.61 1.0084 60.49
29.91 6.552 1.729 -4.680 -2.951 -2.747 0.00 65.61 1.0069 60.49
29.93 6.551 1.748 -4.756 -3.008 -2.747 0.00 65.61 1.0060 60.50
29.95 6.617 1.592 -4.625 -3.033 -2.746 0.00 65.59 1.0109 60.50
29.97 6.649 1.440 -4.468 -3.028 -2.746 0.00 65.59 1.0145 60.50
29.99 6.666 1.351 -4.320 -2.969 -2.746 0.00 65.59 1.0172 60.51
