it n time energy barrier aux reached lf_min al_max
0 60 2.9109 0.2965 2.5714 0.2682 0.094 0.552 11.94
1 60 2.9474 0.2888 2.8593 0.2453 0.094 0.528 14.73
2 61 2.9450 0.2744 3.1444 0.2476 0.091 0.530 14.90
3 61 3.0196 0.2562 3.5636 0.2579 0.084 0.546 14.98
4 62 3.0128 0.3449 3.7690 0.2459 0.081 0.562 11.20
5 62 3.0971 0.3040 3.9038 0.2489 0.072 0.568 11.83
6 63 3.1333 0.3332 4.0772 0.2644 0.066 0.507 13.22
7 63 3.1448 0.3224 4.3381 0.2603 0.056 0.494 14.99
8 64 3.1938 0.3074 4.5886 0.2482 0.047 0.565 14.05
9 64 3.2000 0.3378 4.6844 0.2670 0.038 0.510 9.97
10 65 3.2500 0.3716 4.5709 0.2864 0.028 0.667 9.84
11 65 3.2370 0.3033 4.3749 0.2686 0.019 0.651 14.99
12 66 3.2089 0.3146 4.1130 0.2807 0.019 0.450 9.31
13 66 3.2739 0.2909 3.7757 0.2569 0.022 0.673 14.58
14 67 3.3325 0.3619 3.5808 0.2696 0.016 0.647 14.99
15 67 3.3256 0.3442 3.3500 0.2563 0.019 0.650 9.49
16 68 3.3035 0.3241 3.1043 0.2957 0.022 0.610 9.48
17 68 3.3888 0.3232 2.9818 0.2745 0.025 0.618 14.99
18 69 3.4266 0.2984 2.7336 0.2815 0.028 0.617 14.05
19 69 3.4338 0.3337 2.7892 0.3094 0.031 0.597 8.12
20 70 3.4769 0.3902 2.9207 0.2893 0.031 0.607 14.97
21 70 3.4860 0.3351 2.8683 0.2758 0.034 0.680 14.99
22 71 3.4165 0.4098 2.9111 0.3066 0.037 0.690 6.62
23 71 3.4839 0.4299 2.8766 0.3156 0.041 0.658 9.24
24 72 3.5470 0.3937 3.1310 0.2988 0.044 0.588 14.94
25 72 3.5855 0.3919 3.1680 0.2779 0.044 0.677 5.15
26 73 3.5686 0.4300 3.2261 0.2862 0.047 0.703 7.29
27 73 3.6151 0.4044 3.2129 0.3337 0.047 0.627 13.46
28 74 3.6663 0.4379 3.1241 0.3108 0.050 0.702 8.24
29 74 3.6465 0.4145 2.9274 0.2928 0.053 0.665 4.99
30 75 3.5761 0.4445 2.7603 0.3085 0.069 0.762 3.14
31 75 3.6675 0.4151 2.8327 0.2719 0.072 0.575 6.23
32 76 3.7909 0.4496 2.8178 0.3355 0.066 0.641 5.48
33 76 3.7545 0.4643 2.8871 0.3346 0.062 0.478 4.95
34 77 3.8121 0.4921 2.5159 0.3528 0.066 0.642 4.86
35 77 3.8127 0.4071 2.6943 0.3430 0.069 0.585 6.02
36 78 3.8496 0.4684 2.8694 0.3283 0.069 0.607 5.83
37 78 3.8474 0.4597 2.9166 0.3181 0.078 0.546 14.76
38 79 3.8667 0.5300 3.0332 0.3495 0.084 0.754 15.00
39 79 3.8754 0.4663 3.1070 0.3146 0.091 0.657 6.06
40 80 3.9918 0.5396 3.4001 0.3352 0.078 0.444 4.52
41 80 3.9997 0.5403 3.2986 0.3359 0.072 0.580 5.77
42 81 4.0123 0.4588 3.4369 0.3343 0.075 0.530 4.95
43 81 3.9583 0.4985 3.3003 0.3381 0.078 0.624 7.03
44 82 3.9675 0.4780 3.5313 0.3330 0.088 0.639 5.33
45 82 4.0749 0.5179 3.5720 0.3667 0.091 0.542 10.28
46 83 4.1023 0.5280 3.6497 0.3425 0.091 0.588 6.61
47 83 4.0811 0.5046 3.4767 0.3297 0.094 0.459 3.68
48 84 3.9955 0.5059 3.6232 0.3632 0.097 0.545 5.00
49 84 4.0726 0.5088 3.8082 0.3405 0.100 0.557 5.19
50 85 4.1743 0.5299 3.7516 0.3377 0.113 0.619 6.41
51 85 4.2320 0.5041 4.2141 0.3891 0.119 0.473 7.10
52 86 4.2181 0.4987 4.1751 0.3334 0.128 0.552 4.04
53 86 4.2491 0.5687 4.3302 0.3297 0.122 0.547 3.46
54 87 4.3073 0.4818 4.2076 0.3530 0.119 0.745 13.91
55 87 4.1775 0.5568 3.9909 0.3688 0.119 0.713 3.94
56 88 4.3625 0.5841 3.7949 0.3843 0.122 0.527 3.96
57 88 4.1824 0.5282 3.6666 0.3659 0.131 0.731 7.19
58 89 4.3864 0.5734 3.5739 0.3783 0.131 0.684 7.01
59 89 4.2025 0.4883 3.3351 0.4231 0.138 0.697 3.39
60 90 4.4454 0.4549 3.4208 0.3520 0.134 0.624 5.90
61 90 4.3957 0.5500 3.1316 0.3890 0.134 0.555 7.41
62 91 4.4827 0.5751 2.9807 0.3782 0.134 0.651 5.87
63 91 4.4707 0.5604 3.1667 0.3673 0.141 0.493 5.25
64 92 4.5398 0.5200 3.6218 0.3844 0.138 0.438 8.08
65 92 4.4696 0.5493 3.7402 0.3825 0.150 0.576 9.68
66 93 4.5992 0.5737 3.8741 0.3816 0.150 0.442 5.49
67 93 4.6309 0.5191 4.0907 0.3766 0.131 0.697 7.26
68 94 4.6643 0.5918 4.1409 0.3825 0.128 0.577 4.99
69 94 4.5156 0.5748 4.3719 0.3939 0.122 0.524 6.10
70 95 4.6129 0.5152 4.2585 0.4120 0.128 0.587 5.62
71 95 4.6881 0.6066 3.9715 0.4052 0.131 0.684 8.98
72 96 4.7088 0.5009 4.4146 0.4186 0.138 0.531 14.96
73 96 4.6077 0.5031 4.3004 0.3851 0.147 0.547 11.17
74 97 4.7873 0.5538 4.2265 0.3880 0.156 0.481 9.50
75 97 4.7806 0.5789 4.4333 0.3938 0.150 0.579 10.95
76 98 4.8816 0.5674 4.6586 0.3999 0.144 0.486 4.16
77 98 4.8720 0.5903 4.5575 0.4014 0.147 0.536 6.62
78 99 4.9155 0.5565 4.4688 0.3899 0.141 0.662 5.84
79 99 4.8508 0.6089 4.2363 0.3689 0.147 0.563 3.47
80 100 4.9412 0.5784 4.3265 0.4134 0.138 0.513 6.69
81 100 4.9125 0.6037 4.4362 0.4965 0.141 0.737 7.37
82 101 4.9766 0.5404 4.1566 0.4348 0.141 0.608 6.00
83 101 4.9347 0.5248 4.4053 0.3883 0.138 0.535 14.95
84 102 4.9987 0.5568 4.2840 0.4058 0.144 0.631 5.92
85 102 5.0372 0.6216 4.2150 0.3944 0.141 0.602 6.50
86 103 5.0420 0.5845 4.0804 0.4226 0.159 0.541 14.97
87 103 5.0466 0.5887 4.6424 0.4476 0.172 0.298 3.81
88 104 5.0828 0.5835 4.9749 0.4613 0.191 0.559 14.96
89 104 5.1394 0.6654 5.0413 0.4503 0.184 0.634 5.95
90 105 5.1339 0.5948 4.9229 0.3887 0.197 0.626 5.49
91 105 5.1521 0.6353 5.0615 0.4418 0.194 0.699 4.63
92 106 5.1965 0.6453 5.0658 0.4409 0.188 0.566 11.24
93 106 5.1693 0.6706 4.8917 0.4073 0.194 0.438 3.60
94 107 5.3035 0.5815 5.0181 0.3935 0.178 0.470 3.22
95 107 5.2411 0.6622 5.3259 0.4223 0.181 0.588 8.19
96 108 5.3045 0.5933 5.5961 0.4592 0.163 0.324 10.29
97 108 5.2486 0.6523 5.2583 0.4052 0.163 0.615 4.99
98 109 5.3351 0.6694 5.0789 0.4726 0.153 0.498 5.87
99 109 5.2518 0.6709 5.6423 0.4538 0.156 0.541 14.11
100 110 5.4297 0.6046 6.0276 0.4313 0.150 0.613 6.50
101 110 5.4526 0.6787 6.3750 0.4347 0.150 0.465 9.53
102 111 5.4244 0.6193 6.5339 0.4527 0.144 0.602 4.21
103 111 5.4180 0.5716 6.6852 0.4453 0.141 0.654 11.02
104 112 5.4572 0.6509 6.4649 0.4199 0.150 0.633 4.01
105 112 5.5024 0.6385 6.2453 0.4782 0.153 0.596 9.12
106 113 5.5775 0.6648 6.1969 0.4982 0.166 0.460 6.21
107 113 5.5332 0.6514 6.2888 0.5000 0.169 0.582 6.95
108 114 5.6477 0.7131 6.4438 0.4788 0.163 0.659 14.90
109 114 5.5127 0.6412 6.5156 0.4733 0.166 0.499 4.23
110 115 5.5760 0.7411 6.4580 0.4503 0.169 0.639 8.81
111 115 5.6339 0.6309 6.4334 0.4798 0.188 0.550 14.93
112 116 5.6181 0.7416 6.3046 0.5230 0.203 0.516 4.02
113 116 5.6762 0.6495 6.2213 0.5160 0.206 0.371 3.60
114 117 5.7430 0.7102 6.2250 0.4551 0.203 0.580 2.59
115 117 5.7727 0.6921 6.7286 0.4767 0.197 0.593 7.95
116 118 5.6839 0.7632 6.5305 0.4721 0.200 0.680 14.06
117 118 5.7933 0.6538 6.4459 0.4622 0.194 0.682 6.63
118 119 5.8382 0.6705 6.8916 0.4949 0.209 0.618 14.54
119 119 5.8480 0.8149 6.9099 0.4602 0.197 0.356 9.43
120 120 5.8390 0.6296 6.5824 0.4879 0.209 0.626 4.48
121 120 5.8995 0.7076 6.4233 0.5340 0.209 0.633 4.30
122 121 5.9908 0.7040 6.4088 0.4762 0.197 0.694 7.19
123 121 5.9499 0.6320 6.8787 0.5069 0.194 0.567 12.26
124 122 5.9874 0.6518 6.9748 0.5040 0.197 0.482 4.00
125 122 5.9604 0.7215 6.3716 0.4976 0.200 0.560 4.90
126 123 5.9975 0.6208 6.4835 0.5381 0.203 0.656 5.17
127 123 5.9651 0.6580 7.1433 0.5486 0.206 0.373 10.07
128 124 6.0023 0.6653 6.7897 0.5680 0.216 0.343 4.71
129 124 6.0333 0.7155 6.6917 0.5578 0.231 0.380 7.92
130 125 6.1809 0.6986 7.0518 0.4998 0.216 0.538 3.97
131 125 6.0623 0.6563 7.1263 0.5066 0.203 0.613 12.62
132 126 6.0773 0.6740 7.4064 0.5488 0.225 0.570 8.22
133 126 6.2350 0.6735 7.2222 0.5456 0.222 0.678 14.79
134 127 6.2697 0.8104 7.1781 0.4966 0.222 0.663 9.00
135 127 6.2118 0.6731 7.6733 0.5023 0.241 0.593 11.99
136 128 6.3120 0.7917 8.2771 0.5361 0.231 0.551 10.79
137 128 6.2561 0.7133 7.9084 0.5498 0.237 0.598 5.34
138 129 6.3119 0.6841 7.7409 0.5711 0.234 0.689 5.84
139 129 6.2787 0.7226 7.8695 0.5582 0.241 0.591 15.00
140 130 6.4515 0.7452 8.2402 0.5823 0.234 0.536 13.27
141 130 6.3741 0.7808 8.5433 0.5039 0.241 0.535 14.41
142 131 6.4376 0.7263 8.6705 0.5633 0.234 0.503 14.88
143 131 6.4809 0.7936 8.8544 0.5816 0.231 0.568 10.63
144 132 6.5168 0.7434 8.6918 0.5228 0.231 0.598 4.42
145 132 6.5150 0.8249 8.2449 0.5610 0.213 0.614 5.85
146 133 6.4497 0.7487 7.6268 0.5630 0.228 0.581 3.73
147 133 6.5112 0.7673 7.5813 0.5348 0.225 0.628 14.97
148 134 6.4372 0.7575 8.1384 0.5558 0.231 0.594 9.47
149 134 6.3739 0.7420 7.8695 0.5882 0.231 0.632 13.22
150 135 6.5819 0.7877 8.0402 0.5978 0.247 0.463 14.36
151 135 6.5480 0.8120 7.6191 0.5913 0.244 0.578 3.94
152 136 6.6352 0.7498 7.4274 0.5410 0.244 0.541 13.94
153 136 6.7269 0.8532 7.0697 0.5942 0.244 0.705 9.52
154 137 6.7288 0.8038 8.2046 0.5697 0.253 0.388 14.97
155 137 6.6195 0.7767 8.2385 0.5729 0.272 0.556 9.04
156 138 6.5637 0.8097 8.4305 0.5903 0.266 0.654 2.65
157 138 6.5667 0.8512 8.6476 0.5590 0.278 0.502 6.41
158 139 6.8118 0.8036 8.4728 0.5237 0.269 0.593 5.75
159 139 6.7812 0.8087 9.3188 0.5611 0.269 0.404 11.65
160 140 6.8452 0.8357 9.1673 0.6017 0.272 0.461 12.61
161 140 6.8990 0.8571 9.7498 0.6116 0.272 0.592 6.82
162 141 6.8796 0.8122 9.6335 0.6069 0.278 0.702 4.53
163 141 6.9131 0.8576 9.6646 0.5859 0.294 0.587 4.41
164 142 6.8182 0.9393 8.8805 0.6103 0.294 0.509 3.45
165 142 6.9842 0.8238 9.2668 0.6172 0.272 0.647 3.22
166 143 7.0245 0.8513 9.3063 0.5501 0.272 0.589 5.98
167 143 7.0051 0.8215 9.4215 0.6036 0.256 0.476 7.68
168 144 6.9545 0.8169 9.0453 0.6613 0.253 0.698 4.26
169 144 6.9385 0.7832 8.3342 0.5581 0.256 0.468 5.72
170 145 7.1165 0.8717 8.3683 0.6150 0.253 0.511 9.81
171 145 7.1755 0.8882 7.8506 0.5677 0.247 0.683 3.63
172 146 7.1142 0.8441 8.2923 0.6283 0.250 0.529 10.34
173 146 7.0349 0.8355 8.1041 0.5714 0.244 0.645 8.33
174 147 7.1196 0.8625 8.0689 0.5879 0.241 0.684 9.88
175 147 7.2087 0.8174 7.6930 0.6462 0.256 0.595 4.78
176 148 7.2257 0.7837 7.8269 0.6446 0.256 0.541 5.87
177 148 7.2076 0.8571 7.3352 0.6075 0.263 0.624 3.16
178 149 7.2173 0.8325 7.6328 0.6225 0.275 0.545 3.30
179 149 7.2398 0.8303 7.7147 0.5814 0.266 0.556 7.49
180 150 7.3444 0.7398 7.4310 0.6030 0.269 0.510 7.48
181 150 7.4142 0.8609 7.7190 0.6416 0.275 0.508 6.08
182 151 7.2812 0.8762 7.1070 0.6288 0.288 0.591 4.95
183 151 7.3784 0.8168 7.5700 0.6364 0.294 0.543 14.13
184 152 7.3972 0.7369 7.7060 0.6933 0.294 0.610 3.30
185 152 7.2968 0.7449 7.9992 0.6292 0.309 0.553 6.62
186 153 7.4903 0.8053 7.7894 0.6480 0.322 0.492 6.39
187 153 7.3912 0.7214 7.7179 0.6212 0.337 0.551 3.92
188 154 7.4645 0.8508 8.3726 0.6144 0.334 0.389 8.06
189 154 7.4164 0.8265 8.1087 0.6476 0.334 0.530 10.29
190 155 7.3488 0.7637 8.1413 0.6337 0.344 0.494 5.79
191 155 7.5909 0.8255 7.8501 0.6407 0.350 0.549 4.36
192 156 7.6564 0.8390 8.1237 0.6856 0.322 0.664 7.44
193 156 7.6426 0.8835 8.1048 0.6355 0.309 0.524 8.60
194 157 7.5490 0.8163 7.7842 0.6504 0.325 0.634 6.44
195 157 7.6814 0.7959 7.9817 0.6632 0.303 0.695 5.97
196 158 7.6111 0.7526 8.3395 0.6789 0.294 0.518 9.61
197 158 7.8484 0.8354 8.6189 0.6568 0.259 0.610 3.99
198 159 7.7663 0.8565 7.7610 0.6010 0.247 0.470 4.27
199 159 7.6564 0.8793 8.0045 0.6151 0.266 0.503 10.85
200 160 7.7937 0.7443 7.7721 0.6701 0.263 0.508 3.50
201 160 7.7220 0.8381 7.9010 0.6834 0.266 0.556 5.06
202 161 7.8446 0.8041 7.7752 0.6560 0.272 0.655 7.98
203 161 7.9601 0.7437 7.8940 0.6115 0.269 0.547 9.24
204 162 7.9192 0.7906 8.0856 0.6813 0.253 0.596 6.35
205 162 7.7710 0.7847 8.1266 0.7234 0.263 0.487 4.17
206 163 8.0168 0.7720 7.4895 0.7223 0.241 0.672 8.39
207 163 7.8952 0.7633 7.2575 0.6514 0.269 0.562 6.48
208 164 8.0911 0.8197 7.4290 0.6861 0.269 0.562 4.33
209 164 8.0546 0.7800 7.3424 0.6558 0.241 0.540 4.96
210 165 7.9572 0.7394 8.1200 0.7187 0.241 0.570 12.73
211 165 8.0319 0.7915 8.2239 0.6772 0.231 0.628 4.51
212 166 8.0826 0.8304 8.7572 0.7203 0.228 0.597 4.29
213 166 8.0297 0.7709 8.6488 0.6630 0.244 0.594 6.04
214 167 8.2121 0.7790 8.8069 0.7131 0.253 0.623 4.71
215 167 8.0390 0.7342 9.1622 0.6940 0.259 0.584 4.40
216 168 8.1549 0.8403 9.4587 0.6547 0.287 0.656 7.60
217 168 8.0931 0.7704 10.1405 0.6640 0.272 0.512 3.96
218 169 8.2016 0.9094 9.8754 0.6614 0.278 0.617 5.13
219 169 8.1613 0.8866 10.0098 0.6939 0.300 0.540 5.62
220 170 8.1892 0.9176 10.0616 0.6715 0.300 0.481 14.98
221 170 8.2443 0.7720 10.1427 0.6434 0.309 0.581 13.85
222 171 8.2416 0.8340 9.6311 0.7164 0.322 0.672 5.72
223 171 8.1526 0.6662 9.6627 0.7060 0.344 0.555 4.35
224 172 8.4567 0.8249 10.1630 0.6568 0.338 0.461 6.14
225 172 8.4959 0.8525 10.1246 0.7274 0.325 0.518 8.65
226 173 8.3840 0.7691 10.1517 0.6925 0.328 0.584 6.35
227 173 8.5218 0.8515 9.6132 0.7364 0.325 0.575 5.25
228 174 8.5137 0.7733 9.7483 0.7406 0.328 0.685 5.89
229 174 8.3437 0.8269 9.3264 0.7234 0.325 0.658 6.40
230 175 8.4089 0.8690 8.5848 0.7221 0.328 0.672 1.66
231 175 8.5475 0.8506 8.5755 0.7263 0.322 0.446 4.02
232 176 8.6702 0.8839 9.3675 0.7727 0.300 0.547 11.41
233 176 8.5672 0.7355 9.3343 0.7830 0.278 0.624 12.35
234 177 8.4082 0.8166 9.5253 0.7948 0.300 0.549 6.98
235 177 8.5737 0.8233 9.4659 0.7778 0.316 0.554 12.12
236 178 8.7193 0.8281 9.7153 0.7613 0.303 0.495 10.37
237 178 8.7385 0.8074 10.4499 0.7846 0.306 0.453 8.09
238 179 8.4149 0.7849 10.6475 0.7570 0.325 0.580 10.31
239 179 8.7597 0.8195 11.5890 0.6970 0.316 0.586 14.99
240 180 8.7020 0.8897 12.2069 0.7029 0.309 0.441 14.99
241 180 8.5760 0.7958 11.8846 0.7621 0.325 0.615 3.47
242 181 8.9286 0.8116 11.2510 0.7723 0.325 0.580 4.70
243 181 8.7706 0.7857 10.9400 0.7850 0.322 0.501 3.55
244 182 8.6508 0.7705 10.2793 0.7347 0.309 0.605 5.81
245 182 8.7818 0.8023 9.6619 0.7079 0.300 0.484 3.57
246 183 8.9943 0.8452 9.8895 0.7601 0.300 0.557 4.20
247 183 8.9716 0.8251 9.1340 0.7586 0.303 0.486 4.86
248 184 9.0518 0.7669 9.1032 0.7408 0.278 0.613 3.96
249 184 8.9824 0.9301 8.3777 0.7162 0.266 0.529 4.24
250 185 8.9209 0.8526 7.7046 0.7903 0.272 0.630 3.69
251 185 9.1063 0.8231 8.4049 0.8105 0.250 0.567 12.25
252 186 8.9017 0.8574 8.6125 0.8052 0.269 0.568 3.34
253 186 9.1001 0.8942 9.1067 0.7328 0.263 0.546 2.92
254 187 8.8946 0.8012 9.5129 0.7337 0.259 0.563 14.97
255 187 8.7966 0.7342 10.0423 0.7987 0.284 0.564 9.16
256 188 9.0282 0.7637 9.7285 0.7343 0.297 0.549 5.98
257 188 9.2356 0.8687 9.7676 0.8094 0.294 0.668 2.21
258 189 9.0784 0.7682 9.4546 0.8622 0.303 0.663 5.45
259 189 8.9948 0.7774 9.2943 0.8209 0.334 0.633 6.92
260 190 9.2656 0.8453 9.9545 0.7345 0.331 0.625 8.94
261 190 9.1796 0.8383 9.4692 0.7619 0.344 0.698 12.40
262 191 9.3125 0.7769 9.5000 0.8695 0.344 0.503 7.04
263 191 9.1166 0.7498 9.4922 0.7581 0.362 0.565 7.05
264 192 9.3263 0.7851 9.4269 0.8384 0.372 0.544 2.32
265 192 9.2507 0.7860 8.8275 0.7047 0.350 0.581 3.62
266 193 9.3872 0.9079 8.9390 0.8484 0.347 0.498 9.23
267 193 9.5638 0.8289 8.9174 0.8265 0.341 0.666 3.65
268 194 9.4584 0.8629 9.2186 0.8550 0.325 0.603 6.42
269 194 9.5533 0.8912 9.4484 0.8460 0.306 0.627 6.93
270 195 9.3629 0.8257 9.6098 0.8579 0.297 0.574 3.77
271 195 9.1942 0.7929 9.9935 0.7823 0.309 0.560 4.21
272 196 9.5546 0.8359 10.2869 0.8479 0.306 0.467 5.85
273 196 9.6558 0.8847 10.3766 0.8082 0.284 0.573 4.54
274 197 9.7371 0.9269 10.4689 0.8661 0.256 0.549 14.88
275 197 9.5835 0.9149 10.5717 0.8656 0.241 0.541 5.45
276 198 9.6279 0.8765 10.8779 0.8395 0.237 0.470 7.22
277 198 9.6326 0.8040 11.1197 0.7909 0.256 0.618 6.11
278 199 9.8392 0.8969 11.1946 0.9091 0.250 0.443 4.79
279 199 9.5841 0.7971 11.5075 0.8932 0.266 0.575 3.65
280 200 9.5453 0.8442 10.9184 0.8486 0.272 0.475 4.49
281 200 9.7001 0.8309 10.7576 0.8605 0.253 0.534 3.36
282 201 9.9270 0.8628 10.5477 0.9228 0.234 0.630 10.57
283 201 9.7319 0.8036 10.2315 0.8894 0.253 0.622 4.51
284 202 9.8633 0.7573 9.9868 0.7620 0.272 0.544 4.73
285 202 9.6232 0.8289 10.0323 0.8120 0.288 0.549 3.74
286 203 9.7825 0.8678 9.7245 0.8153 0.287 0.601 4.74
287 203 9.8352 0.8225 9.4268 0.8040 0.275 0.686 1.86
288 204 9.8472 0.8074 9.0056 0.7758 0.287 0.623 4.98
289 204 9.9194 0.7877 9.2373 0.7966 0.275 0.526 14.99
290 205 10.0980 0.7963 9.9480 0.8194 0.266 0.629 5.02
291 205 9.9181 0.7944 10.6993 0.7844 0.275 0.471 3.23
292 206 10.0777 0.8416 10.4437 0.8061 0.281 0.704 7.70
293 206 10.1187 0.8226 10.5176 0.8956 0.263 0.642 2.48
294 207 10.1141 0.8078 10.2809 0.8994 0.253 0.642 3.19
295 207 10.0287 0.8160 10.4096 0.8818 0.253 0.631 5.28
296 208 9.9675 0.8904 10.2817 0.8936 0.247 0.653 10.18
297 208 10.0763 0.8142 10.5130 0.9245 0.256 0.659 1.99
298 209 10.0170 0.8306 11.5140 0.8753 0.266 0.541 5.64
299 209 9.9596 0.8268 11.3830 0.8980 0.281 0.556 5.70
300 210 10.3025 0.7867 10.7988 0.8638 0.284 0.527 3.08
301 210 10.3041 0.7725 10.5250 0.9083 0.281 0.569 12.38
302 211 10.2797 0.7518 10.6031 0.9305 0.281 0.674 6.08
303 211 10.0687 0.9132 10.9792 0.9141 0.300 0.592 8.25
304 212 10.2893 0.9055 11.2009 0.8682 0.300 0.536 4.04
305 212 10.2440 0.8827 11.1834 0.8986 0.291 0.527 3.31
306 213 10.3467 0.9085 10.8556 0.8526 0.291 0.637 3.24
307 213 10.3294 0.8459 11.8941 0.8790 0.287 0.533 1.99
308 214 10.3397 0.8714 11.3400 0.8962 0.284 0.603 4.05
309 214 10.3152 0.7943 11.7634 0.9078 0.275 0.654 3.12
310 215 10.5453 0.7841 12.1856 0.9926 0.281 0.656 4.80
311 215 10.2004 0.7383 11.5903 0.9571 0.281 0.593 3.23
312 216 10.4705 0.8317 12.3488 0.8513 0.300 0.434 6.78
313 216 10.5155 0.8448 12.0866 0.9021 0.291 0.485 10.52
314 217 10.6986 0.8589 11.9860 0.9191 0.278 0.645 3.07
315 217 10.4924 0.8165 12.2428 0.9073 0.288 0.501 14.90
316 218 10.4717 0.8117 13.0981 0.9675 0.303 0.554 6.14
317 218 10.4992 0.7754 12.2074 0.9300 0.306 0.650 5.32
318 219 10.6493 0.7822 12.3422 0.9198 0.306 0.595 5.40
319 219 10.6166 0.8496 11.8293 0.8832 0.303 0.508 6.40
320 220 10.6539 0.7973 11.4716 0.9909 0.291 0.604 2.93
321 220 10.6297 0.7315 11.8329 0.9136 0.294 0.634 2.06
322 221 10.7352 0.8345 11.3834 0.9048 0.281 0.591 2.35
323 221 10.6267 0.7929 12.1009 0.9763 0.281 0.575 6.22
324 222 10.8887 0.8835 12.4923 0.9295 0.291 0.506 11.21
325 222 10.9335 0.7574 11.8298 0.8970 0.266 0.670 7.85
326 223 10.9307 0.8110 11.6219 0.9144 0.244 0.513 5.19
327 223 10.7215 0.7546 11.7599 0.9543 0.241 0.580 4.41
328 224 10.6795 0.7940 11.7913 0.9208 0.256 0.671 14.90
329 224 10.9000 0.7113 11.4758 0.9786 0.250 0.634 5.01
330 225 11.0829 0.8307 11.3164 0.9854 0.250 0.616 2.58
331 225 10.8764 0.8684 11.8408 0.8883 0.256 0.488 4.64
332 226 11.0625 0.7956 11.7895 0.9339 0.259 0.471 4.39
333 226 10.8945 0.8162 10.9019 0.9711 0.269 0.599 3.66
334 227 11.1163 0.8288 10.7176 0.8709 0.272 0.613 2.57
335 227 11.0810 0.8703 11.3848 0.9179 0.284 0.528 4.23
336 228 11.0234 0.9301 11.1544 0.9089 0.284 0.457 3.22
337 228 11.1580 0.8183 10.9814 0.9120 0.281 0.660 1.89
338 229 11.1940 0.9027 11.1038 0.9075 0.266 0.663 1.66
339 229 11.0456 0.8825 11.5484 1.0018 0.281 0.470 5.88
340 230 11.3112 0.8085 11.5404 0.9703 0.281 0.592 4.07
341 230 11.1066 0.8129 10.6271 0.9744 0.281 0.608 5.21
342 231 11.2791 0.8899 10.7974 1.0685 0.281 0.517 14.99
343 231 11.1801 0.8138 10.5878 0.9277 0.275 0.566 3.16
344 232 11.1951 0.8186 11.1445 0.9501 0.294 0.574 15.00
345 232 11.2301 0.8794 10.8154 1.0160 0.294 0.580 6.27
346 233 11.3247 0.8477 11.5005 0.9059 0.306 0.531 4.46
347 233 11.1979 0.8069 11.9790 0.9251 0.325 0.497 6.58
348 234 11.1796 0.8522 11.8500 1.0084 0.325 0.652 4.54
349 234 11.2418 0.8166 11.9198 0.9235 0.325 0.632 3.47
350 235 11.3526 0.8712 12.6742 0.9868 0.347 0.689 4.84
351 235 11.3680 0.8871 13.6204 1.0706 0.350 0.567 4.30
352 236 11.5674 0.9196 13.7784 1.0036 0.353 0.554 4.31
353 236 11.5917 0.8810 14.2586 0.9967 0.347 0.567 2.93
354 237 11.3866 0.8390 13.7195 0.9138 0.337 0.652 3.00
355 237 11.5871 0.9223 14.0072 0.9910 0.344 0.617 3.01
356 238 11.5381 0.8560 14.1883 0.9594 0.350 0.469 4.20
357 238 11.3519 0.8151 13.6611 0.9182 0.337 0.698 3.59
358 239 11.6109 0.8261 13.6931 0.9954 0.344 0.686 8.88
359 239 11.5159 0.8764 13.2969 1.0083 0.331 0.623 6.78
360 240 11.7094 0.8799 13.0157 1.0320 0.322 0.657 4.66
361 240 11.6543 0.8518 12.4746 0.9657 0.316 0.646 3.75
362 241 11.8446 0.8920 12.5328 1.0173 0.309 0.589 2.61
363 241 11.8602 0.7863 12.2956 0.8626 0.306 0.693 2.05
364 242 11.9309 0.8426 12.4939 1.0760 0.294 0.579 5.23
365 242 11.8004 0.8911 12.2559 1.0538 0.284 0.697 2.52
366 243 11.5968 0.8454 11.3410 0.9250 0.284 0.638 4.73
367 243 11.9283 0.9227 11.7150 1.0456 0.284 0.565 9.45
368 244 11.6821 0.8974 11.9207 0.9537 0.284 0.596 10.41
369 244 11.9640 0.8511 12.0074 1.0082 0.281 0.624 1.42
370 245 11.7626 0.9598 11.5043 1.0347 0.284 0.548 2.89
371 245 11.9147 0.8811 11.8529 0.9305 0.284 0.486 5.51
372 246 12.1415 0.8199 11.0872 1.0055 0.278 0.662 1.63
373 246 12.1568 0.8611 10.8229 1.0593 0.272 0.676 3.03
374 247 12.0996 0.8336 10.5177 1.1037 0.278 0.628 2.47
375 247 11.7714 0.7587 11.0906 1.0312 0.306 0.613 6.00
376 248 12.0061 0.7774 10.8282 1.0659 0.303 0.627 2.24
377 248 12.3566 0.9918 10.4258 1.0396 0.281 0.575 4.27
378 249 11.8624 0.8923 9.7522 1.0712 0.275 0.504 3.89
379 249 12.0238 0.8925 10.3107 1.1140 0.284 0.721 5.66
380 250 12.0486 0.9223 11.3135 1.0203 0.281 0.574 14.95
381 250 12.0856 0.9016 11.2180 1.0176 0.281 0.645 3.25
382 251 12.3471 0.8239 12.0326 1.1035 0.278 0.652 0.95
383 251 12.2677 0.9370 13.2436 1.0428 0.303 0.594 2.76
384 252 12.2045 0.9019 13.2345 1.0783 0.306 0.625 5.45
385 252 12.1288 0.8642 13.0730 1.0302 0.303 0.528 5.23
386 253 12.3614 0.9022 13.8880 0.9618 0.300 0.641 7.21
387 253 12.3890 0.8831 14.1341 1.0350 0.312 0.660 3.17
388 254 12.2657 0.9166 14.1149 1.0906 0.300 0.618 3.48
389 254 12.5099 0.8115 13.7306 1.0793 0.284 0.534 8.28
390 255 12.3241 0.9222 13.2066 1.0163 0.291 0.542 8.01
391 255 12.3195 0.8155 13.1331 1.1233 0.294 0.584 3.52
392 256 12.3481 0.8184 13.0590 1.0690 0.319 0.605 1.61
393 256 12.4362 0.9611 12.2098 0.9278 0.303 0.685 4.15
394 257 12.6469 0.8792 12.4241 1.0219 0.300 0.680 3.56
395 257 12.4539 0.8826 12.2270 0.9862 0.284 0.653 3.07
396 258 12.6073 0.7986 11.9734 1.1609 0.287 0.641 9.94
397 258 12.6560 0.8531 12.0175 1.1714 0.288 0.672 3.01
398 259 12.6589 0.8681 12.5352 1.0794 0.300 0.710 6.16
399 259 12.5579 0.8999 12.9757 1.1328 0.322 0.645 6.78
400 260 12.6181 0.8707 12.0193 1.0976 0.319 0.713 3.28
401 260 12.6598 0.7778 11.7225 1.0698 0.319 0.528 3.39
402 261 12.7740 0.8290 11.4781 1.1171 0.303 0.620 8.38
403 261 12.5902 0.8736 11.2062 1.0797 0.316 0.649 5.49
404 262 12.8488 0.8995 11.7653 1.1581 0.312 0.573 7.26
405 262 12.5581 0.8925 11.8243 1.1473 0.328 0.647 5.82
406 263 12.6030 0.8109 12.0253 1.1095 0.328 0.535 4.36
407 263 12.9462 0.9050 11.8205 1.1006 0.331 0.609 2.59
408 264 12.9041 0.9001 12.2743 1.0508 0.331 0.650 2.45
409 264 12.8639 0.8258 11.5332 1.1250 0.322 0.631 7.24
410 265 12.9711 0.9656 12.7615 1.1247 0.322 0.589 4.69
411 265 12.8722 0.8762 12.8069 1.1580 0.306 0.602 3.57
412 266 12.8342 0.8850 12.8970 1.0583 0.319 0.517 3.13
413 266 12.8167 0.9219 13.9360 1.1039 0.325 0.616 4.52
414 267 13.0942 0.8445 13.7359 1.0327 0.316 0.655 1.53
415 267 12.8755 0.9580 13.7517 1.1579 0.303 0.631 1.75
416 268 12.8739 0.8701 13.2479 1.1235 0.309 0.617 3.81
417 268 12.7745 0.8215 13.4199 1.0905 0.328 0.630 2.37
418 269 13.0102 0.8300 12.6075 1.0943 0.328 0.563 3.12
419 269 13.0371 0.7573 12.7380 1.1133 0.334 0.610 3.80
420 270 13.2163 0.9056 12.4351 1.0928 0.322 0.629 3.22
421 270 13.1474 0.9204 12.6284 1.1062 0.334 0.559 7.89
422 271 13.2498 0.9158 12.7681 1.1447 0.331 0.563 2.31
423 271 13.2219 0.8824 12.5708 1.0426 0.316 0.612 2.10
424 272 13.3572 0.8653 11.7803 1.1104 0.322 0.579 2.61
425 272 13.0261 0.7964 12.6410 1.0340 0.337 0.635 5.72
426 273 13.2100 0.8826 12.6155 1.1863 0.331 0.547 3.48
427 273 13.3831 0.8492 13.2977 1.1024 0.322 0.563 2.61
428 274 13.2692 0.8908 13.6478 1.0796 0.331 0.514 3.48
429 274 13.2804 0.9172 14.0613 1.1457 0.338 0.591 12.24
430 275 13.3670 0.8765 14.1602 1.1320 0.356 0.682 3.43
431 275 13.4707 0.8887 14.1022 1.0399 0.359 0.679 3.18
432 276 13.4313 0.8651 13.3975 1.2138 0.347 0.671 3.71
433 276 13.4975 0.8542 12.7786 1.2420 0.344 0.605 4.80
434 277 13.4156 0.8684 13.0276 1.2214 0.359 0.636 12.75
435 277 13.4094 0.8602 12.4990 1.1822 0.337 0.692 3.40
436 278 13.4759 0.9012 12.4636 1.1932 0.338 0.630 3.45
437 278 13.6470 0.8160 11.9144 1.2235 0.325 0.571 4.11
438 279 13.5501 0.8531 12.2987 1.1088 0.319 0.578 4.41
439 279 13.6466 0.9024 11.6150 1.2316 0.303 0.684 2.62
440 280 13.6677 0.9059 11.4174 1.0433 0.297 0.666 3.65
441 280 13.6042 0.8262 11.3493 1.1935 0.291 0.598 5.09
442 281 13.3836 0.8861 12.4881 1.1767 0.309 0.572 14.97
443 281 13.5648 0.8882 13.3597 1.0367 0.322 0.653 5.19
444 282 13.6940 0.8927 13.3289 1.2405 0.306 0.653 1.88
445 282 13.5716 0.8756 13.3799 1.1730 0.319 0.638 3.27
446 283 13.8067 0.8157 13.2352 1.2107 0.309 0.695 3.65
447 283 13.8450 0.8906 13.0491 1.2029 0.313 0.692 3.88
448 284 13.8676 0.8967 12.9765 1.1546 0.300 0.646 4.81
449 284 13.6987 0.8663 13.7932 1.1794 0.319 0.566 3.58
450 285 13.7371 0.9075 14.4260 1.1507 0.322 0.578 3.05
451 285 13.7827 0.8932 14.8548 1.1985 0.322 0.602 2.61
452 286 14.1345 0.8974 14.5163 1.1779 0.303 0.536 4.20
453 286 13.7247 0.8883 13.7528 1.2778 0.309 0.504 6.54
454 287 13.8218 0.8557 13.6535 1.0836 0.322 0.550 5.83
455 287 13.9590 0.9431 13.2445 1.1805 0.319 0.585 1.45
456 288 13.7155 0.9468 14.1038 1.2570 0.344 0.594 11.51
457 288 13.9985 0.8979 15.2202 1.2314 0.359 0.635 1.39
458 289 14.2392 0.9188 14.9957 1.2847 0.356 0.584 3.38
459 289 14.1712 0.8921 14.5343 1.2311 0.331 0.671 4.49
460 290 14.2039 0.8700 14.5788 1.3408 0.328 0.502 3.20
461 290 13.9358 0.9093 13.9400 1.2319 0.328 0.599 2.60
462 291 14.0860 0.9609 14.0432 1.0657 0.337 0.558 1.60
463 291 14.2019 0.9156 14.6698 1.2317 0.325 0.614 4.23
464 292 14.1861 0.9626 16.1712 1.1979 0.319 0.582 2.63
465 292 14.0332 0.8909 16.6445 1.2932 0.316 0.628 4.69
466 293 14.1415 0.9481 16.6158 1.3013 0.303 0.585 3.87
467 293 14.3594 0.8885 16.4080 1.1720 0.281 0.688 3.63
468 294 14.0764 0.8740 16.7694 1.2537 0.306 0.374 4.95
469 294 14.3169 0.9060 16.8703 1.2112 0.306 0.705 4.07
470 295 14.3545 0.9202 16.7465 1.2877 0.294 0.529 5.97
471 295 14.2236 0.9209 16.8058 1.3547 0.297 0.666 5.70
472 296 14.2806 0.9019 16.4136 1.2889 0.297 0.574 5.16
473 296 14.5058 0.8889 15.7587 1.2257 0.297 0.568 3.21
474 297 14.3832 0.8867 15.8622 1.2666 0.309 0.490 5.25
475 297 14.3103 0.8175 15.4481 1.2634 0.312 0.679 4.22
476 298 14.5950 0.9156 14.7059 1.2634 0.303 0.502 2.45
477 298 14.4514 0.9217 14.5969 1.2795 0.316 0.715 3.48
478 299 14.3025 0.9570 14.4421 1.3095 0.328 0.607 4.11
479 299 14.5331 0.9262 14.5073 1.2996 0.338 0.646 9.86
480 300 14.6464 0.8298 14.2098 1.3305 0.350 0.664 6.21
481 300 14.3492 0.8867 14.3873 1.3726 0.356 0.555 4.80
482 300 14.4757 0.8765 14.1779 1.2623 0.369 0.521 5.14
483 300 14.6827 0.9387 14.3543 1.2152 0.369 0.646 4.15
484 300 14.4469 0.9491 13.0976 1.2765 0.369 0.688 4.32
485 300 14.2746 0.9292 13.2669 1.3037 0.375 0.362 5.52
486 300 14.5706 0.8800 13.6946 1.4033 0.381 0.577 2.31
487 300 14.6475 0.9054 13.1080 1.1631 0.388 0.450 8.50
488 300 14.6342 0.8656 13.0176 1.2044 0.366 0.607 2.76
489 300 14.4565 0.8831 13.0632 1.0644 0.369 0.677 4.65
490 300 14.2931 0.8597 13.1187 1.3601 0.375 0.608 4.54
491 300 14.4769 0.8894 13.0162 1.2014 0.369 0.662 3.38
492 300 14.5641 0.8417 12.9384 1.4087 0.353 0.643 3.75
493 300 14.4850 0.8940 13.6911 1.1551 0.369 0.610 2.56
494 300 14.5428 0.8473 13.8078 1.3722 0.366 0.654 3.15
495 300 14.6136 0.8831 13.5460 1.2850 0.350 0.534 10.18
496 300 14.6270 0.8738 13.2334 1.1505 0.341 0.663 4.15
497 300 14.7391 0.8629 13.1174 1.3166 0.325 0.714 3.15
498 300 14.5832 0.8581 12.7385 1.3141 0.322 0.500 6.64
499 300 14.6423 0.9127 13.1611 1.2521 0.316 0.444 5.05
500 300 14.4601 0.8553 12.8373 1.2724 0.319 0.466 4.56
501 300 14.7969 0.9015 12.8995 1.2130 0.300 0.631 10.41
502 300 14.4746 0.9030 13.1810 1.1697 0.313 0.637 3.99
503 300 14.6233 0.8664 12.8304 1.3311 0.297 0.579 3.42
504 300 14.5234 0.8729 12.8604 1.2354 0.294 0.683 3.12
505 300 14.7679 0.8690 13.1974 1.2294 0.294 0.534 8.82
506 300 14.4662 0.8985 13.2765 1.2738 0.309 0.590 4.72
507 300 14.4297 0.8470 13.7690 1.1894 0.325 0.636 2.58
508 300 14.6394 0.8048 14.4452 1.1256 0.322 0.618 1.80
509 300 14.5079 0.9532 14.2641 1.1795 0.334 0.638 4.47
510 300 14.7143 0.8441 14.2855 1.3913 0.322 0.594 2.53
511 300 14.3711 0.9159 15.1850 1.2231 0.353 0.613 5.61
512 300 14.6058 0.9225 15.3208 1.2532 0.341 0.658 3.74
513 300 14.4726 0.9309 14.5352 1.2657 0.347 0.651 4.17
514 300 14.3938 0.9329 14.3823 1.2063 0.350 0.704 2.72
515 300 14.3703 0.8785 14.5626 1.2224 0.366 0.552 1.64
516 300 14.3795 0.9236 15.1856 1.1992 0.362 0.486 5.49
517 300 14.4858 0.8822 14.8611 1.2451 0.366 0.631 4.07
518 300 14.5165 0.8155 14.3032 1.2072 0.375 0.676 6.31
519 300 14.5237 0.8694 14.5675 1.2621 0.372 0.679 2.90
520 300 14.4723 0.8500 14.3158 1.2180 0.384 0.521 4.44
521 300 14.6254 0.9386 13.5289 1.2848 0.362 0.571 5.07
522 300 14.7137 0.9302 13.5286 1.2247 0.363 0.626 3.11
523 300 14.6791 0.8825 13.8789 1.2024 0.353 0.609 3.77
524 300 14.2545 0.9168 14.1789 1.2305 0.366 0.549 3.36
525 300 14.5727 0.9299 14.1196 1.2717 0.362 0.571 3.86
526 300 14.8494 0.8520 13.9604 1.3470 0.344 0.549 7.05
527 300 14.8691 0.8467 13.4196 1.1440 0.319 0.685 3.20
528 300 14.5960 0.9119 13.4949 1.2892 0.319 0.714 2.79
529 300 14.6898 0.9249 13.5268 1.2025 0.322 0.540 7.11
530 300 14.6560 0.9146 14.0668 1.0915 0.316 0.664 3.71
531 300 14.5987 0.9072 14.1198 1.2468 0.325 0.493 6.39
532 300 14.5223 0.8370 14.4362 1.1415 0.338 0.683 7.90
533 300 14.7650 0.8442 14.3168 1.4181 0.334 0.608 4.91
534 300 14.7359 0.8321 14.7008 1.2129 0.312 0.623 4.58
535 300 14.5134 0.9039 14.0149 1.1214 0.309 0.674 1.66
536 300 14.6855 0.8717 14.4058 1.3410 0.331 0.672 4.49
537 300 14.6480 0.8603 14.9276 1.1793 0.347 0.633 5.84
538 300 14.5000 0.8728 15.0612 1.2335 0.356 0.581 2.59
539 300 14.4797 0.9108 14.7682 1.2338 0.356 0.583 5.45
540 300 14.6425 0.8633 14.5540 1.2606 0.350 0.684 3.69
541 300 14.6828 0.8466 14.3778 1.1789 0.344 0.483 2.72
542 300 14.8337 0.8642 13.5554 1.3322 0.328 0.544 2.56
543 300 14.7645 0.8817 13.5219 1.2723 0.331 0.619 4.34
544 300 14.5402 0.8807 12.7630 1.1755 0.341 0.659 3.34
545 300 14.5838 0.8588 13.4909 1.2648 0.341 0.665 9.01
546 300 14.6952 0.8454 12.6382 1.3270 0.325 0.661 12.04
547 300 14.5111 0.8749 12.5722 1.2228 0.334 0.611 3.68
548 300 14.6529 0.8344 12.3579 1.2460 0.312 0.677 3.90
549 300 14.5125 0.8907 12.0907 1.2296 0.316 0.552 3.25
550 300 14.7235 0.8811 12.4547 1.2952 0.312 0.555 6.39
551 300 14.3814 0.8882 12.3067 1.2958 0.325 0.640 6.10
552 300 14.5728 0.8051 12.9040 1.2126 0.338 0.646 6.75
553 300 14.6746 0.8658 13.3330 1.2429 0.347 0.427 4.68
554 300 14.4585 0.8296 12.9461 1.3435 0.341 0.644 6.06
555 300 14.2108 0.8325 12.2876 1.1656 0.359 0.544 4.42
556 300 14.6817 0.9157 12.1122 1.2538 0.359 0.624 4.05
557 300 14.7306 0.8878 12.2073 1.3145 0.334 0.626 6.46
558 300 14.7774 0.8318 12.0264 1.1625 0.331 0.652 2.34
559 300 14.6600 0.8733 12.4511 1.3444 0.319 0.628 2.57
560 300 14.3282 0.8687 12.1951 1.3361 0.334 0.563 1.61
561 300 14.5031 0.9184 12.8766 1.3198 0.328 0.585 2.11
562 300 14.6041 0.9216 12.7238 1.2435 0.322 0.586 1.99
563 300 14.5568 0.8689 12.9478 1.1497 0.325 0.441 2.71
564 300 14.5099 0.8959 13.0188 1.2115 0.322 0.609 3.52
565 300 14.5889 0.8794 13.1847 1.1684 0.303 0.650 4.10
566 300 14.6203 0.8703 13.4584 1.1910 0.309 0.649 3.47
567 300 14.4052 0.8298 13.3430 1.2231 0.338 0.708 2.65
568 300 14.3624 0.9065 14.0937 1.2302 0.353 0.624 2.65
569 300 14.4259 0.8515 13.0652 1.3140 0.353 0.578 3.77
570 300 14.6373 0.9646 12.8467 1.1230 0.338 0.637 3.63
571 300 14.7603 0.9071 12.6578 1.1118 0.331 0.517 4.33
572 300 14.5303 0.9164 12.2897 1.2501 0.331 0.698 5.51
573 300 14.3977 0.8750 11.9859 1.1427 0.334 0.669 4.28
574 300 14.5235 0.8585 12.2365 1.2121 0.344 0.670 3.16
575 300 14.4664 0.8802 12.8629 1.1568 0.353 0.497 2.25
576 300 14.5883 0.9308 12.9422 1.2902 0.359 0.654 3.14
577 300 14.2651 0.9153 12.4683 1.1446 0.356 0.604 4.04
578 300 14.6476 0.8792 11.8500 1.1435 0.353 0.569 3.03
579 300 14.5568 0.8455 12.5118 1.2055 0.359 0.661 7.46
580 300 14.6466 0.9078 12.6389 1.3599 0.369 0.628 4.17
581 300 14.6173 0.9270 12.7935 1.2228 0.381 0.626 6.11
582 300 14.5630 0.9397 13.5562 1.2452 0.409 0.626 2.12
583 300 14.6270 0.8406 12.7712 1.1568 0.400 0.672 4.51
584 300 14.5641 0.8358 12.6052 1.3473 0.403 0.655 3.08
585 300 14.5230 0.8927 11.8955 1.2070 0.397 0.665 1.99
586 300 14.5944 0.8988 11.8424 1.2379 0.394 0.629 4.94
587 300 14.6912 0.8376 12.1985 1.3274 0.381 0.675 2.78
588 300 14.4891 0.9444 12.8930 1.2951 0.394 0.611 7.22
589 300 14.7627 0.8753 12.6049 1.2251 0.381 0.707 2.94
590 300 14.6107 0.8707 12.6347 1.2820 0.372 0.462 3.40
591 300 14.7236 0.8248 11.5696 1.2698 0.359 0.717 3.39
592 300 14.3435 0.8665 11.0917 1.3642 0.334 0.711 7.35
593 300 14.4578 0.8894 11.2944 1.3382 0.337 0.717 1.67
594 300 14.3726 0.9523 12.1057 1.1766 0.356 0.645 4.27
595 300 14.0622 0.7908 13.0799 1.2833 0.375 0.650 3.67
596 300 14.5618 0.8956 13.4342 1.2729 0.381 0.506 7.49
597 300 14.4830 0.8969 13.6010 1.2914 0.391 0.635 5.82
598 300 14.5683 0.8359 12.9613 1.3182 0.384 0.698 3.27
599 300 14.5490 0.8744 13.6896 1.2846 0.391 0.661 3.48
600 300 14.5362 0.8938 13.8600 1.1459 0.391 0.674 4.46
601 300 14.5974 0.8863 15.1720 1.3903 0.391 0.597 4.52
602 300 14.4843 0.9104 15.5372 1.2066 0.397 0.616 3.10
603 300 14.5447 0.8768 15.8710 1.1870 0.397 0.658 3.24
604 300 14.4726 0.8542 15.1163 1.2047 0.372 0.681 3.37
605 300 14.5079 0.8257 14.6222 1.2317 0.372 0.652 5.09
606 300 14.2637 0.9069 14.2991 1.1722 0.378 0.645 11.20
607 300 14.2367 0.8211 14.6440 1.2597 0.378 0.582 5.06
608 300 14.7263 0.8779 14.9878 1.1898 0.369 0.426 10.57
609 300 14.6686 0.8049 15.1230 1.3027 0.369 0.535 4.89
610 300 14.3730 0.8343 14.3795 1.2962 0.378 0.611 4.79
611 300 14.8012 0.8114 14.0396 1.2581 0.372 0.528 2.91
612 300 14.7793 0.8291 13.8143 1.1899 0.366 0.696 2.40
613 300 14.5679 0.7702 13.5927 1.2228 0.369 0.733 2.96
614 300 14.4682 0.9119 13.8997 1.2073 0.375 0.692 2.94
615 300 14.8406 0.8418 13.8668 1.3106 0.341 0.657 4.46
616 300 14.4017 0.8027 14.6119 1.1797 0.344 0.702 11.53
617 300 14.4800 0.8733 15.4145 1.2266 0.353 0.533 1.69
618 300 14.5304 0.8456 15.2138 1.2999 0.356 0.715 1.32
619 300 14.6771 0.8551 15.0099 1.2920 0.359 0.611 7.50
620 300 14.5877 0.8401 15.9491 1.3011 0.362 0.638 9.25
621 300 14.2295 0.8885 15.4139 1.1827 0.388 0.593 4.29
622 300 14.5479 0.8357 15.6383 1.1941 0.394 0.656 9.46
623 300 14.6532 0.8541 15.6047 1.3036 0.388 0.625 9.35
624 300 14.4529 0.8666 15.7854 1.1776 0.391 0.582 2.88
625 300 14.3072 0.8003 15.2297 1.2696 0.419 0.684 6.47
626 300 14.6104 0.8396 14.0706 1.2248 0.400 0.688 5.56
627 300 14.7482 0.8307 13.1680 1.2117 0.378 0.635 3.68
628 300 14.5140 0.8756 13.8212 1.2132 0.381 0.570 8.54
629 300 14.6204 0.8813 13.4496 1.3019 0.381 0.681 2.91
630 300 14.8341 0.8573 13.2008 1.0961 0.356 0.629 12.13
631 300 14.7578 0.8366 13.4684 1.2489 0.331 0.667 5.75
632 300 14.8093 0.8402 12.7997 1.1958 0.309 0.647 2.50
633 300 14.6310 0.8366 12.7429 1.2964 0.309 0.659 3.00
634 300 14.5074 0.8497 12.0875 1.1941 0.306 0.606 5.49
635 300 14.6857 0.8720 12.1088 1.2604 0.284 0.612 4.36
636 300 14.6356 0.9381 12.4791 1.1948 0.287 0.460 5.67
637 300 14.5361 0.9012 12.7869 1.2760 0.294 0.616 5.99
638 300 14.4399 0.9163 12.0712 1.1937 0.294 0.570 4.56
639 300 14.7335 0.8793 12.2918 1.2412 0.294 0.729 3.03
640 300 14.5418 0.9084 12.3661 1.2731 0.303 0.636 3.35
641 300 14.7490 0.8439 11.9586 1.3564 0.306 0.658 3.91
642 300 14.7019 0.8727 12.1435 1.2696 0.319 0.688 6.29
643 300 14.6722 0.8621 12.5546 1.2001 0.322 0.626 2.87
644 300 14.7374 0.8570 13.2827 1.3019 0.303 0.598 3.88
645 300 14.7452 0.8347 13.4266 1.3285 0.300 0.643 3.13
646 300 14.7492 0.9087 13.0344 1.2017 0.287 0.685 2.85
647 300 14.6988 0.8637 12.6225 1.1397 0.284 0.561 5.80
648 300 14.4685 0.8524 13.2982 1.2293 0.297 0.612 3.75
649 300 14.6110 0.8290 12.5441 1.3657 0.291 0.631 4.24
650 300 14.7391 0.8949 11.8925 1.3692 0.300 0.598 4.86
651 300 14.2498 0.8702 11.8802 1.2274 0.322 0.665 5.12
652 300 14.7209 0.8755 12.3438 1.2976 0.322 0.656 3.59
653 300 14.5027 0.7454 12.4248 1.1496 0.325 0.665 11.34
654 300 14.4723 0.8983 12.0778 1.2658 0.334 0.463 4.29
655 300 14.5945 0.8399 12.6680 1.2305 0.353 0.528 2.39
656 300 14.4707 0.8200 12.8254 1.1269 0.378 0.628 4.54
657 300 14.3121 0.8922 12.8430 1.2554 0.391 0.546 4.72
658 300 14.7095 0.8081 11.5502 1.1303 0.366 0.737 1.95
659 300 14.6652 0.8690 12.5023 1.2186 0.369 0.632 2.74
660 300 14.5993 0.8926 14.2383 1.3812 0.372 0.537 3.09
661 300 14.4477 0.8899 15.0437 1.1893 0.369 0.577 6.51
662 300 14.6249 0.8709 15.5090 1.1105 0.378 0.670 3.37
663 300 14.5319 0.8844 16.0761 1.2027 0.375 0.659 8.89
664 300 14.4802 0.8501 16.5427 1.0944 0.388 0.616 2.98
665 300 14.6717 0.8786 15.7920 1.2783 0.375 0.664 3.80
666 300 14.4752 0.8843 17.0728 1.2493 0.362 0.648 2.61
667 300 14.8317 0.8083 16.4324 1.3041 0.341 0.690 3.78
668 300 14.8524 0.9220 17.3456 1.2160 0.334 0.673 3.84
669 300 14.5385 0.7922 16.5168 1.2106 0.331 0.667 5.79
670 300 14.5148 0.9109 15.8786 1.2679 0.344 0.646 3.35
671 300 14.4994 0.8448 15.0652 1.2379 0.341 0.507 3.89
672 300 14.4891 0.8641 14.3390 1.3861 0.347 0.641 3.33
673 300 14.6564 0.8380 14.0723 1.2768 0.347 0.652 5.36
674 300 14.5972 0.7984 13.8565 1.2992 0.341 0.626 2.59
675 300 14.5908 0.8564 13.9623 1.2970 0.341 0.672 3.84
676 300 14.6921 0.8535 12.6901 1.3510 0.334 0.689 13.62
677 300 14.6323 0.8761 12.6872 1.2262 0.347 0.622 4.43
678 300 14.6169 0.8132 12.0813 1.2293 0.366 0.698 6.25
679 300 14.6260 0.8614 11.9005 1.1897 0.375 0.581 4.32
680 300 14.7132 0.8583 10.9870 1.3272 0.353 0.663 4.82
681 300 14.5550 0.9004 11.9669 1.3806 0.350 0.535 4.36
682 300 14.4421 0.8710 11.6940 1.2225 0.341 0.654 10.60
683 300 14.5084 0.7988 11.2056 1.2270 0.344 0.687 2.89
684 300 14.4670 0.8364 11.1571 1.2579 0.344 0.597 3.33
685 300 14.6621 0.8129 11.8070 1.1414 0.338 0.592 2.98
686 300 14.5255 0.8149 12.3266 1.2758 0.344 0.519 1.96
687 300 14.3622 0.8110 12.8876 1.2216 0.362 0.693 11.39
688 300 14.6913 0.7621 13.4887 1.3200 0.347 0.667 8.99
689 300 14.6070 0.8016 13.9604 1.2555 0.347 0.637 7.02
690 300 14.4820 0.8246 14.3735 1.2531 0.353 0.635 2.89
691 300 14.6293 0.8844 13.6519 1.2245 0.347 0.690 6.29
692 300 14.3409 0.8367 13.1385 1.3515 0.350 0.646 3.85
693 300 14.6929 0.8366 13.0770 1.2847 0.338 0.646 2.53
694 300 14.3562 0.8260 13.0624 1.2806 0.331 0.624 8.09
695 300 14.7540 0.8392 12.9921 1.2750 0.328 0.716 3.86
696 300 14.6142 0.8601 12.5735 1.3139 0.325 0.652 5.59
697 300 14.8016 0.8535 12.2799 1.3037 0.297 0.735 3.62
698 300 14.6925 0.8499 12.3640 1.2115 0.306 0.641 5.82
699 300 14.6031 0.8247 11.9784 1.2238 0.297 0.653 4.03
700 300 14.5478 0.8580 11.9932 1.2138 0.303 0.523 2.41
701 300 14.6108 0.8145 12.2719 1.3213 0.306 0.653 8.55
702 300 14.5920 0.8702 13.2294 1.3293 0.306 0.650 6.25
703 300 14.7056 0.8448 13.5097 1.2646 0.316 0.633 3.04
704 300 14.3235 0.8353 13.4778 1.2880 0.337 0.582 4.38
705 300 14.5149 0.8524 12.8811 1.3316 0.341 0.611 3.36
706 300 14.6629 0.8391 13.1114 1.1282 0.341 0.684 5.47
707 300 14.6900 0.8702 13.2201 1.2292 0.347 0.694 8.51
708 300 14.5733 0.8763 13.2104 1.2383 0.350 0.419 9.48
709 300 14.6255 0.8043 13.5287 1.2034 0.350 0.661 4.45
710 300 14.3932 0.8114 13.5495 1.2752 0.356 0.581 4.52
711 300 14.3935 0.7995 13.0296 1.2818 0.356 0.686 3.80
712 300 14.6158 0.8083 12.5482 1.2383 0.341 0.676 3.88
713 300 14.4882 0.7883 11.9994 1.2870 0.344 0.726 4.69
714 300 14.4526 0.8903 11.6791 1.2310 0.337 0.661 4.20
715 300 14.6046 0.8056 11.7210 1.1995 0.334 0.566 3.69
716 300 14.5433 0.8337 12.3623 1.3015 0.334 0.551 5.22
717 300 14.5885 0.8622 12.0411 1.1597 0.337 0.632 3.97
718 300 14.6389 0.8142 11.5748 1.1847 0.334 0.610 4.82
719 300 14.6312 0.8477 11.2386 1.2708 0.328 0.675 6.03
720 300 14.5717 0.8274 10.9723 1.1594 0.303 0.637 3.27
721 300 14.5793 0.7725 11.3634 1.1939 0.309 0.599 10.28
722 300 14.3011 0.7734 11.5670 1.2146 0.331 0.709 3.40
723 300 14.3133 0.8243 11.5916 1.1880 0.334 0.567 2.90
724 300 14.7009 0.8337 11.5639 1.2243 0.313 0.516 2.26
725 300 14.6082 0.8468 11.5652 1.3511 0.325 0.621 4.12
726 300 14.3908 0.8457 10.9849 1.3120 0.341 0.650 7.76
727 300 14.4504 0.8559 11.7923 1.1971 0.353 0.640 4.22
728 300 14.5740 0.8897 12.0080 1.2023 0.363 0.618 4.20
729 300 14.4843 0.8585 12.6790 1.2123 0.375 0.656 3.66
730 300 14.5181 0.8572 13.3232 1.2861 0.397 0.584 4.02
731 300 14.5786 0.7969 13.1741 1.2380 0.388 0.652 3.69
732 300 14.6272 0.8256 13.1146 1.2388 0.369 0.602 5.56
733 300 14.3145 0.7972 12.7802 1.1571 0.359 0.729 3.58
734 300 14.5714 0.7785 12.2998 1.2203 0.359 0.642 3.56
735 300 14.7215 0.7448 12.1579 1.4067 0.350 0.638 5.40
736 300 14.5916 0.7485 11.9014 1.2039 0.328 0.567 4.10
737 300 14.4722 0.8279 11.3047 1.2710 0.325 0.610 2.71
738 300 14.6139 0.8299 11.6201 1.3216 0.312 0.663 3.06
739 300 14.7517 0.8005 11.5715 1.2160 0.309 0.541 2.06
740 300 14.5079 0.8793 11.0291 1.2953 0.306 0.536 8.00
741 300 14.1213 0.7781 10.5903 1.1738 0.309 0.706 2.64
742 300 14.7911 0.8431 11.0295 1.2652 0.303 0.579 14.92
743 300 14.3950 0.7968 11.4133 1.3001 0.312 0.581 5.62
744 300 14.5400 0.8093 11.9714 1.1960 0.325 0.649 3.17
745 300 14.5938 0.8302 12.8309 1.2645 0.331 0.638 4.43
746 300 14.3792 0.7775 12.9170 1.2934 0.344 0.697 8.15
747 300 14.3572 0.8402 12.4035 1.2908 0.341 0.665 3.51
748 300 14.4732 0.8526 12.3247 1.2906 0.347 0.633 4.65
749 300 14.5583 0.8056 12.0757 1.3366 0.350 0.675 3.51
750 300 14.5867 0.9006 12.2374 1.2175 0.353 0.625 5.40
751 300 14.5734 0.8405 12.5288 1.3022 0.359 0.644 9.26
752 300 14.5973 0.8622 12.3962 1.2348 0.372 0.680 4.01
753 300 14.1534 0.8335 12.8601 1.3686 0.378 0.656 3.16
754 300 14.5626 0.7973 12.8465 1.2724 0.372 0.705 3.87
755 300 14.4968 0.8448 12.1487 1.1693 0.381 0.655 4.39
756 300 14.4633 0.9014 12.6740 1.3068 0.394 0.596 3.44
757 300 14.4698 0.8177 12.5949 1.2506 0.384 0.645 4.65
758 300 14.6450 0.8633 12.6090 1.2348 0.388 0.679 3.45
759 300 14.4118 0.8135 12.9204 1.2974 0.397 0.588 5.82
760 300 14.5448 0.8355 12.2628 1.3009 0.381 0.720 3.96
761 300 14.4466 0.8824 13.9515 1.3469 0.397 0.566 4.35
762 300 14.5713 0.8438 14.6262 1.2299 0.394 0.508 4.10
763 300 14.7530 0.8104 14.5392 1.4112 0.375 0.558 3.84
764 300 14.4663 0.8610 14.5823 1.3428 0.391 0.595 3.86
765 300 14.6068 0.8673 15.2170 1.1951 0.388 0.624 4.01
766 300 14.4481 0.8072 14.8528 1.2441 0.381 0.415 3.62
767 300 14.4696 0.8194 15.8078 1.3629 0.394 0.548 3.99
768 300 14.7739 0.8633 16.4258 1.3451 0.391 0.589 4.07
769 300 14.5849 0.8637 15.8420 1.3147 0.391 0.633 4.60
770 300 14.5344 0.7983 15.8596 1.2930 0.397 0.679 2.81
771 300 14.6957 0.8609 14.4214 1.3826 0.375 0.664 14.84
772 300 14.5394 0.8217 13.8770 1.1566 0.384 0.660 3.94
773 300 14.4299 0.7858 14.0341 1.2470 0.381 0.657 5.34
774 300 14.5072 0.8278 13.6069 1.2919 0.372 0.705 4.32
775 300 14.6221 0.7919 12.9923 1.2047 0.372 0.683 4.16
776 300 14.7764 0.8759 13.5371 1.2965 0.362 0.581 6.42
777 300 14.3681 0.8641 13.2467 1.3230 0.362 0.588 2.92
778 300 14.5760 0.7919 12.1197 1.2152 0.362 0.658 2.33
779 300 14.4193 0.8082 12.9123 1.2998 0.363 0.681 4.19
780 300 14.6269 0.8215 13.1350 1.1236 0.359 0.617 4.24
781 300 14.4547 0.8377 13.1632 1.1708 0.369 0.593 3.61
782 300 14.4159 0.8213 12.6560 1.1604 0.378 0.666 2.58
783 300 14.4532 0.7403 11.8643 1.2261 0.384 0.658 5.63
784 300 14.4740 0.8510 12.0763 1.3084 0.388 0.571 6.74
785 300 14.6384 0.8657 11.9198 1.2515 0.381 0.654 8.90
786 300 14.6657 0.8677 11.5506 1.2402 0.378 0.646 4.69
787 300 14.6553 0.8287 11.5792 1.3589 0.363 0.572 3.94
788 300 14.4031 0.8150 11.4255 1.2515 0.375 0.729 3.68
789 300 14.3297 0.8174 11.6273 1.2618 0.375 0.570 1.98
790 300 14.3563 0.8523 11.5360 1.2585 0.397 0.611 4.40
791 300 14.6155 0.8527 12.2031 1.1971 0.394 0.468 1.55
792 300 14.5925 0.8172 12.0297 1.1504 0.375 0.584 3.91
793 300 14.5403 0.8035 12.6690 1.2248 0.384 0.640 3.29
794 300 14.8158 0.8590 13.0980 1.2957 0.372 0.672 4.16
795 300 14.6747 0.8245 13.2856 1.3204 0.366 0.580 3.33
796 300 14.6061 0.8892 13.4892 1.2999 0.366 0.701 6.89
797 300 14.8134 0.8097 13.1601 1.1813 0.356 0.690 4.01
798 300 14.4892 0.7945 13.4577 1.2180 0.350 0.481 5.20
799 300 14.2888 0.8093 13.3403 1.2564 0.353 0.691 9.76
