it n time energy barrier aux reached lf_min al_max
0 60 25.5661 0.2966 1.6933 0.2682 0.062 0.582 11.21
1 60 23.6491 0.2892 1.7816 0.2453 0.062 0.559 13.97
2 61 24.0560 0.2765 1.8325 0.2476 0.062 0.548 7.38
3 61 22.8142 0.2553 1.9220 0.2579 0.059 0.571 11.69
4 62 24.0247 0.3408 2.0509 0.2459 0.056 0.583 14.88
5 62 26.0924 0.3017 2.1265 0.2489 0.050 0.581 14.79
6 63 26.2586 0.3306 2.1856 0.2644 0.047 0.532 14.30
7 63 27.3477 0.3176 2.2417 0.2603 0.041 0.511 7.33
8 64 28.5442 0.2998 2.3053 0.2482 0.034 0.569 13.57
9 64 28.7684 0.3293 2.3694 0.2670 0.028 0.529 11.92
10 65 31.4017 0.3593 2.3388 0.2864 0.022 0.670 11.01
11 65 26.7416 0.2947 2.2854 0.2686 0.016 0.654 14.99
12 66 24.6012 0.3013 2.3125 0.2807 0.009 0.448 10.03
13 66 27.2023 0.2789 2.2120 0.2569 0.009 0.667 10.56
14 67 27.7804 0.3431 2.0661 0.2696 0.006 0.651 12.32
15 67 26.6143 0.3248 1.9730 0.2563 0.006 0.645 10.77
16 68 27.5369 0.3042 1.9371 0.2957 0.009 0.589 8.62
17 68 29.3164 0.3022 1.9389 0.2745 0.009 0.596 14.97
18 69 28.4456 0.2743 1.9270 0.2815 0.009 0.599 11.75
19 69 26.3753 0.3067 1.9995 0.3094 0.009 0.585 14.93
20 70 29.2636 0.3610 2.0551 0.2893 0.009 0.594 7.12
21 70 29.2114 0.3060 2.0377 0.2758 0.013 0.644 12.58
22 71 26.2438 0.3709 1.9691 0.3066 0.019 0.679 9.79
23 71 28.9961 0.3884 2.0466 0.3156 0.025 0.622 12.03
24 72 29.7291 0.3534 2.1205 0.2988 0.028 0.547 10.33
25 72 29.9252 0.3476 2.1006 0.2779 0.028 0.654 8.31
26 73 29.8755 0.3772 2.0835 0.2862 0.028 0.696 14.47
27 73 31.6111 0.3560 2.0612 0.3337 0.028 0.602 12.22
28 74 30.2126 0.3821 2.0255 0.3108 0.031 0.657 14.14
29 74 30.2369 0.3613 1.9181 0.2928 0.034 0.648 8.84
30 75 28.0995 0.3835 1.8295 0.3085 0.041 0.763 7.35
31 75 30.3703 0.3611 1.8450 0.2719 0.037 0.561 11.93
32 76 32.4933 0.3877 1.9141 0.3355 0.031 0.627 8.19
33 76 31.3117 0.4020 1.9080 0.3346 0.022 0.433 6.56
34 77 30.4698 0.4216 1.8253 0.3528 0.025 0.595 7.29
35 77 29.9709 0.3564 1.9881 0.3430 0.028 0.548 6.55
36 78 30.7899 0.4050 2.1485 0.3283 0.031 0.565 9.76
37 78 31.4307 0.4045 2.2557 0.3181 0.034 0.544 14.80
38 79 32.3230 0.4573 2.2274 0.3495 0.034 0.625 12.47
39 79 32.5191 0.3998 2.2277 0.3146 0.041 0.634 9.10
40 80 33.5291 0.4594 2.4041 0.3352 0.034 0.395 7.68
41 80 37.0267 0.4631 2.3731 0.3359 0.034 0.488 7.72
42 81 35.0737 0.4022 2.3925 0.3343 0.034 0.501 6.97
43 81 30.4905 0.4238 2.3608 0.3381 0.044 0.585 10.08
44 82 31.0297 0.4117 2.4739 0.3330 0.047 0.607 7.70
45 82 34.1800 0.4398 2.4038 0.3667 0.044 0.444 4.18
46 83 32.6426 0.4541 2.4125 0.3425 0.041 0.551 7.45
47 83 32.3229 0.4275 2.2858 0.3297 0.047 0.403 6.87
48 84 31.2697 0.4364 2.4056 0.3632 0.050 0.493 8.22
49 84 30.5401 0.4412 2.5037 0.3405 0.047 0.520 6.53
50 85 33.8198 0.4553 2.4439 0.3377 0.050 0.609 11.20
51 85 35.4768 0.4390 2.7091 0.3891 0.050 0.464 6.99
52 86 34.6846 0.4336 2.6657 0.3334 0.056 0.527 4.96
53 86 34.5904 0.4889 2.7281 0.3297 0.050 0.544 5.70
54 87 35.0785 0.4184 2.5916 0.3530 0.041 0.742 6.59
55 87 33.6301 0.4823 2.5351 0.3688 0.047 0.696 5.88
56 88 35.9690 0.4963 2.3802 0.3843 0.041 0.567 5.88
57 88 29.2674 0.4553 2.3307 0.3659 0.047 0.728 10.12
58 89 34.0747 0.4853 2.2979 0.3783 0.050 0.655 9.51
59 89 30.5540 0.4275 2.1599 0.4231 0.062 0.713 6.38
60 90 33.7252 0.4029 2.1734 0.3520 0.069 0.606 7.95
61 90 31.4004 0.4753 2.0157 0.3890 0.075 0.569 6.60
62 91 33.8212 0.4908 1.9652 0.3782 0.072 0.675 7.68
63 91 33.9102 0.4863 2.0231 0.3673 0.072 0.522 6.22
64 92 32.9036 0.4539 2.2705 0.3844 0.078 0.442 5.14
65 92 30.9031 0.4733 2.3199 0.3825 0.084 0.600 11.79
66 93 31.8744 0.4877 2.3936 0.3816 0.091 0.471 6.96
67 93 35.3768 0.4502 2.4320 0.3766 0.078 0.708 7.30
68 94 34.6169 0.5012 2.4596 0.3825 0.075 0.600 8.69
69 94 32.0112 0.4849 2.6194 0.3939 0.059 0.565 9.88
70 95 31.4636 0.4534 2.5826 0.4120 0.062 0.605 6.62
71 95 30.9091 0.5061 2.4441 0.4052 0.072 0.700 6.77
72 96 29.6570 0.4522 2.6285 0.4186 0.078 0.581 10.96
73 96 28.6077 0.4490 2.5838 0.3851 0.091 0.575 13.45
74 97 31.9274 0.4741 2.6175 0.3880 0.097 0.516 8.76
75 97 32.0816 0.4896 2.7351 0.3938 0.097 0.639 10.42
76 98 31.4386 0.4857 2.8710 0.3999 0.100 0.579 9.11
77 98 34.2318 0.4979 3.0289 0.4014 0.116 0.614 8.06
78 99 32.6292 0.4896 3.0082 0.3899 0.119 0.628 9.21
79 99 30.3736 0.5132 2.9407 0.3689 0.144 0.631 9.91
80 100 32.4701 0.5065 3.0842 0.4134 0.150 0.579 7.50
81 100 31.3875 0.5095 3.1634 0.4965 0.159 0.703 8.09
82 101 30.2697 0.4870 3.1272 0.4348 0.181 0.651 7.10
83 101 31.4735 0.4812 3.2519 0.3883 0.188 0.612 9.82
84 102 29.1476 0.5027 3.2681 0.4058 0.206 0.580 7.98
85 102 31.3014 0.5103 3.3063 0.3944 0.209 0.675 12.58
86 103 26.7524 0.5170 3.2781 0.4226 0.238 0.644 10.54
87 103 30.0937 0.5170 3.4561 0.4476 0.253 0.471 8.36
88 104 28.0775 0.5185 3.5424 0.4613 0.272 0.612 7.35
89 104 31.9162 0.5518 3.6107 0.4503 0.266 0.681 7.15
90 105 27.2400 0.5425 3.4758 0.3887 0.284 0.720 7.41
91 105 31.6849 0.5536 3.6364 0.4418 0.291 0.552 7.63
92 106 31.5335 0.5489 3.7428 0.4409 0.288 0.624 7.68
93 106 31.0027 0.5597 3.7750 0.4073 0.287 0.488 5.98
94 107 31.2224 0.5331 3.8194 0.3935 0.281 0.577 4.99
95 107 30.7915 0.5761 3.9000 0.4223 0.291 0.653 7.15
96 108 31.0276 0.5544 3.9989 0.4592 0.278 0.368 7.35
97 108 28.5339 0.5716 3.8421 0.4052 0.275 0.665 7.93
98 109 31.8676 0.5766 3.8876 0.4726 0.272 0.562 7.79
99 109 31.0630 0.5696 4.0066 0.4538 0.275 0.577 5.99
100 110 31.6733 0.5490 4.3162 0.4313 0.272 0.621 5.67
101 110 33.2923 0.5804 4.4184 0.4347 0.262 0.542 6.29
102 111 29.9509 0.5835 4.3256 0.4527 0.266 0.660 7.09
103 111 28.8059 0.5673 4.3258 0.4453 0.287 0.616 9.04
104 112 31.4937 0.5833 4.1953 0.4199 0.297 0.642 8.09
105 112 29.8157 0.5694 4.1525 0.4782 0.316 0.640 5.33
106 113 33.4840 0.5765 4.1690 0.4982 0.322 0.546 9.48
107 113 31.1877 0.5777 4.2310 0.5000 0.338 0.623 7.40
108 114 31.3177 0.5986 4.3349 0.4788 0.350 0.468 5.61
109 114 29.7960 0.5824 4.4312 0.4733 0.366 0.593 5.89
110 115 30.2437 0.5896 4.3863 0.4503 0.369 0.466 7.99
111 115 30.5348 0.5550 4.3506 0.4798 0.378 0.561 8.90
112 116 29.8062 0.5703 4.3965 0.5230 0.384 0.617 13.14
113 116 30.4251 0.5638 4.3643 0.5160 0.381 0.525 7.48
114 117 31.1631 0.5741 4.3376 0.4551 0.388 0.691 7.60
115 117 33.9401 0.5783 4.5391 0.4767 0.372 0.579 7.56
116 118 31.6779 0.5818 4.3429 0.4721 0.381 0.692 7.52
117 118 30.2393 0.5612 4.2377 0.4622 0.388 0.729 7.57
118 119 30.8584 0.5772 4.2468 0.4949 0.384 0.629 8.24
119 119 31.8109 0.5819 4.2824 0.4602 0.366 0.486 11.29
120 120 30.5118 0.5585 4.1411 0.4879 0.378 0.614 11.71
121 120 31.6969 0.5578 4.0939 0.5340 0.384 0.581 9.20
122 121 32.0764 0.5585 4.0306 0.4762 0.375 0.635 8.21
123 121 29.7561 0.5506 4.2653 0.5069 0.378 0.418 9.35
124 122 28.9958 0.5594 4.4332 0.5040 0.378 0.526 8.36
125 122 30.3385 0.5571 4.2119 0.4976 0.388 0.484 8.78
126 123 30.1433 0.5460 4.3813 0.5381 0.400 0.572 7.53
127 123 29.8342 0.5303 4.6988 0.5486 0.381 0.475 7.55
128 124 29.2744 0.5506 4.6566 0.5680 0.372 0.490 6.18
129 124 31.3801 0.5371 4.6181 0.5578 0.394 0.626 10.91
130 125 31.4051 0.5332 4.7186 0.4998 0.378 0.661 6.72
131 125 30.2390 0.5330 4.7372 0.5066 0.378 0.634 8.32
132 126 28.1948 0.5497 4.8771 0.5488 0.412 0.698 10.77
133 126 29.8939 0.5431 4.6912 0.5456 0.419 0.689 5.82
134 127 29.2246 0.5157 4.5709 0.4966 0.409 0.632 9.46
135 127 29.3108 0.5104 4.6612 0.5023 0.419 0.511 6.56
136 128 32.1508 0.5144 4.7854 0.5361 0.388 0.626 7.98
137 128 30.7791 0.5183 4.6586 0.5498 0.403 0.587 9.32
138 129 29.9634 0.5190 4.5345 0.5711 0.409 0.753 7.41
139 129 29.3653 0.5146 4.5962 0.5582 0.416 0.567 10.33
140 130 32.1147 0.4973 4.7965 0.5823 0.425 0.643 11.45
141 130 32.6567 0.4939 5.0429 0.5039 0.428 0.633 11.65
142 131 31.0896 0.4848 5.1131 0.5633 0.419 0.591 10.11
143 131 32.1058 0.4918 5.2223 0.5816 0.413 0.678 11.81
144 132 31.3267 0.4917 5.1551 0.5228 0.419 0.660 7.77
145 132 31.9885 0.4873 5.0191 0.5610 0.428 0.689 8.29
146 133 29.4203 0.5084 4.8795 0.5630 0.469 0.517 9.12
147 133 30.7638 0.4857 4.7684 0.5348 0.469 0.770 8.11
148 134 32.3599 0.4870 5.0642 0.5558 0.491 0.551 7.57
149 134 30.1273 0.5071 4.8851 0.5882 0.500 0.642 6.36
150 135 32.6832 0.4926 4.7504 0.5978 0.512 0.610 9.45
151 135 31.1470 0.4727 4.4463 0.5913 0.519 0.611 6.77
152 136 30.3781 0.4888 4.3304 0.5410 0.522 0.645 13.51
153 136 34.9939 0.4793 4.2196 0.5942 0.506 0.673 12.53
154 137 31.5661 0.4757 4.5607 0.5697 0.522 0.505 9.28
155 137 32.1995 0.4628 4.6129 0.5729 0.509 0.657 10.81
156 138 31.8960 0.4681 4.6383 0.5903 0.494 0.625 5.73
157 138 31.1797 0.4627 4.6410 0.5590 0.494 0.579 10.07
158 139 30.7164 0.4635 4.5077 0.5237 0.481 0.658 10.77
159 139 29.8310 0.4509 4.8458 0.5611 0.484 0.589 14.40
160 140 30.4261 0.4668 4.8393 0.6017 0.478 0.579 9.17
161 140 32.1328 0.4689 5.1141 0.6116 0.475 0.550 11.80
162 141 30.8896 0.4731 5.1313 0.6069 0.478 0.516 8.64
163 141 34.8983 0.4635 5.1126 0.5859 0.491 0.672 9.79
164 142 31.9291 0.4680 4.8948 0.6103 0.478 0.540 8.50
165 142 32.9464 0.4606 4.9958 0.6172 0.481 0.627 10.37
166 143 32.5672 0.4517 5.0273 0.5501 0.488 0.656 8.63
167 143 32.5774 0.4626 5.3789 0.6036 0.475 0.454 8.32
168 144 32.0920 0.4777 5.3329 0.6613 0.475 0.642 9.04
169 144 32.4336 0.4699 5.0698 0.5581 0.453 0.672 7.79
170 145 32.5917 0.4735 5.2261 0.6150 0.447 0.568 12.97
171 145 32.3523 0.4595 5.0917 0.5677 0.438 0.539 13.94
172 146 31.5821 0.4934 5.2342 0.6283 0.438 0.527 8.84
173 146 31.6456 0.4747 5.1704 0.5714 0.444 0.671 10.24
174 147 33.5701 0.4663 5.2177 0.5879 0.456 0.595 7.33
175 147 32.6683 0.4985 5.1116 0.6462 0.459 0.638 10.70
176 148 34.0164 0.4963 5.2155 0.6446 0.463 0.638 8.05
177 148 32.5601 0.4922 4.7896 0.6075 0.466 0.649 9.09
178 149 31.9643 0.5021 4.7884 0.6225 0.463 0.618 6.16
179 149 32.0291 0.5013 4.9160 0.5814 0.466 0.583 9.56
180 150 32.6151 0.5004 4.7841 0.6030 0.463 0.611 9.15
181 150 35.7485 0.4987 4.8134 0.6416 0.469 0.678 10.37
182 151 32.6061 0.4914 4.5802 0.6288 0.478 0.651 7.65
183 151 36.0618 0.5020 4.8022 0.6364 0.478 0.604 7.71
184 152 33.5258 0.4923 4.8393 0.6933 0.469 0.536 10.78
185 152 31.9297 0.5068 5.0798 0.6292 0.491 0.380 6.55
186 153 31.8046 0.5280 5.0062 0.6480 0.503 0.576 10.31
187 153 31.1347 0.5351 5.0029 0.6212 0.534 0.619 6.35
188 154 32.5634 0.4941 5.2149 0.6144 0.556 0.452 11.67
189 154 32.9184 0.4989 5.0829 0.6476 0.556 0.546 10.92
190 155 33.7322 0.5149 5.1622 0.6337 0.572 0.487 11.53
191 155 36.0724 0.5354 5.0561 0.6407 0.566 0.546 9.71
192 156 34.9886 0.5071 5.2147 0.6856 0.528 0.498 9.94
193 156 35.0536 0.5030 5.2461 0.6355 0.516 0.598 11.04
194 157 32.8240 0.5282 5.1081 0.6504 0.519 0.641 9.67
195 157 34.6082 0.5203 5.1666 0.6632 0.475 0.369 9.45
196 158 33.5790 0.5376 5.3696 0.6789 0.428 0.532 6.34
197 158 35.7644 0.5260 5.6793 0.6568 0.388 0.427 10.24
198 159 34.8409 0.5276 5.4878 0.6010 0.353 0.607 14.79
199 159 34.1731 0.5430 5.5573 0.6151 0.366 0.614 8.18
200 160 33.9715 0.5456 5.3996 0.6701 0.356 0.623 12.59
201 160 34.3053 0.5457 5.4775 0.6834 0.366 0.524 11.59
202 161 32.8294 0.5649 5.3985 0.6560 0.403 0.650 9.85
203 161 33.0546 0.5585 5.5157 0.6115 0.431 0.561 7.18
204 162 32.9880 0.5876 5.7655 0.6813 0.434 0.609 12.38
205 162 31.8870 0.5835 5.7910 0.7234 0.475 0.423 7.43
206 163 36.3481 0.5941 5.5961 0.7223 0.500 0.483 9.56
207 163 34.9525 0.6078 5.5116 0.6514 0.525 0.593 9.31
208 164 35.5998 0.6205 5.7115 0.6861 0.559 0.611 9.86
209 164 37.8213 0.5909 5.8912 0.6558 0.562 0.367 7.29
210 165 36.7020 0.6082 6.3818 0.7187 0.566 0.570 7.10
211 165 36.7494 0.6086 6.6191 0.6772 0.559 0.350 7.48
212 166 36.2144 0.6108 7.0067 0.7203 0.550 0.471 9.12
213 166 34.9968 0.6122 6.8891 0.6630 0.553 0.469 10.68
214 167 35.2471 0.6197 7.0040 0.7131 0.569 0.600 10.05
215 167 33.7984 0.6112 7.3410 0.6940 0.553 0.383 12.34
216 168 33.3492 0.5971 7.4478 0.6547 0.569 0.455 12.46
217 168 36.2984 0.6142 7.8081 0.6640 0.562 0.379 12.32
218 169 34.2184 0.6023 7.6209 0.6614 0.566 0.558 13.84
219 169 34.1232 0.6039 7.4769 0.6939 0.562 0.604 15.00
220 170 36.1157 0.5991 7.3865 0.6715 0.569 0.480 11.29
221 170 34.8738 0.6087 7.3263 0.6434 0.578 0.557 14.87
222 171 33.2574 0.6291 6.9579 0.7164 0.578 0.574 10.21
223 171 34.3419 0.6360 7.0516 0.7060 0.556 0.493 4.00
224 172 37.4582 0.6347 7.1328 0.6568 0.525 0.385 10.61
225 172 39.7940 0.6270 6.8506 0.7274 0.500 0.468 10.85
226 173 35.5102 0.6599 6.9466 0.6925 0.481 0.491 9.00
227 173 37.4598 0.6252 6.6132 0.7364 0.478 0.596 9.03
228 174 36.7972 0.6683 6.6292 0.7406 0.456 0.623 6.97
229 174 33.9878 0.6502 6.5155 0.7234 0.450 0.603 7.23
230 175 33.1795 0.6722 6.1588 0.7221 0.444 0.513 5.01
231 175 38.5616 0.6623 6.0983 0.7263 0.444 0.576 7.59
232 176 36.8854 0.6443 6.4884 0.7727 0.428 0.475 9.89
233 176 34.8509 0.6730 6.5519 0.7830 0.431 0.457 10.72
234 177 34.7876 0.6535 6.6356 0.7948 0.466 0.357 10.95
235 177 35.2041 0.6745 6.6867 0.7778 0.500 0.559 12.12
236 178 35.7010 0.6625 6.6466 0.7613 0.519 0.620 8.45
237 178 38.4149 0.6734 7.1308 0.7846 0.525 0.534 14.86
238 179 34.1608 0.6809 7.2085 0.7570 0.559 0.562 10.01
239 179 35.6947 0.6559 7.4783 0.6970 0.572 0.611 7.32
240 180 34.7219 0.6651 7.7278 0.7029 0.597 0.550 14.99
241 180 37.5653 0.6576 7.6254 0.7621 0.603 0.648 11.54
242 181 39.3554 0.6661 7.3543 0.7723 0.600 0.567 11.09
243 181 36.8756 0.6750 7.1976 0.7850 0.603 0.504 9.52
244 182 39.6880 0.6687 7.0153 0.7347 0.581 0.575 9.60
245 182 36.0757 0.6895 6.7642 0.7079 0.572 0.561 7.33
246 183 38.9291 0.6615 6.9122 0.7601 0.544 0.461 9.45
247 183 35.8862 0.6731 6.5607 0.7586 0.556 0.514 9.30
248 184 37.6178 0.6784 6.6605 0.7408 0.541 0.571 10.71
249 184 38.4195 0.6584 6.5496 0.7162 0.528 0.559 12.93
250 185 37.6917 0.6887 6.3018 0.7903 0.500 0.618 11.65
251 185 39.6411 0.6738 6.6713 0.8105 0.488 0.416 12.09
252 186 36.7548 0.6925 6.7681 0.8052 0.497 0.587 9.85
253 186 40.5022 0.6776 6.9928 0.7328 0.484 0.484 7.49
254 187 37.1964 0.7026 7.1159 0.7337 0.491 0.526 7.92
255 187 36.1480 0.7125 7.2271 0.7987 0.491 0.576 7.13
256 188 37.6220 0.7194 7.0814 0.7343 0.519 0.603 10.86
257 188 37.6315 0.6999 6.9009 0.8094 0.528 0.615 7.75
258 189 39.1739 0.7244 6.7722 0.8622 0.531 0.445 7.25
259 189 35.7219 0.7275 6.6605 0.8209 0.559 0.428 8.45
260 190 39.6557 0.7118 6.9876 0.7345 0.569 0.564 11.40
261 190 37.3911 0.7163 6.6799 0.7619 0.588 0.489 6.94
262 191 39.8700 0.7356 6.7249 0.8695 0.594 0.591 14.97
263 191 36.9483 0.7304 6.7321 0.7581 0.616 0.476 14.94
264 192 37.2906 0.7498 6.6676 0.8384 0.613 0.378 10.78
265 192 38.4311 0.7286 6.5448 0.7047 0.616 0.610 9.47
266 193 37.5387 0.7278 6.5536 0.8484 0.622 0.465 8.84
267 193 41.2114 0.7439 6.5809 0.8265 0.597 0.618 9.15
268 194 41.6454 0.7168 6.7136 0.8550 0.588 0.658 13.58
269 194 40.0325 0.7000 6.8009 0.8460 0.584 0.552 10.56
270 195 40.4401 0.7284 6.6869 0.8579 0.581 0.608 9.74
271 195 37.1441 0.7496 6.7902 0.7823 0.600 0.608 7.96
272 196 37.9121 0.7769 6.9626 0.8479 0.606 0.481 10.25
273 196 37.0438 0.7332 6.8611 0.8082 0.625 0.526 6.34
274 197 40.1597 0.7188 6.8848 0.8661 0.631 0.543 10.02
275 197 38.2108 0.7503 6.9562 0.8656 0.641 0.349 8.77
276 198 39.0368 0.7704 7.1713 0.8395 0.634 0.561 8.41
277 198 38.5133 0.8093 7.2360 0.7909 0.663 0.537 8.84
278 199 42.1951 0.7852 7.3431 0.9091 0.666 0.228 13.24
279 199 38.0310 0.7818 7.4215 0.8932 0.650 0.598 10.21
280 200 38.3929 0.7926 7.3860 0.8486 0.666 0.467 8.04
281 200 38.0792 0.7961 7.4496 0.8605 0.659 0.453 10.20
282 201 40.6406 0.7753 7.2887 0.9228 0.672 0.542 8.94
283 201 39.7389 0.8013 7.3168 0.8894 0.659 0.356 9.81
284 202 37.1872 0.8336 7.2562 0.7620 0.681 0.608 14.93
285 202 39.3155 0.7835 7.3490 0.8120 0.684 0.509 14.98
286 203 41.1342 0.7942 7.2164 0.8153 0.688 0.562 10.65
287 203 42.5205 0.8348 7.1861 0.8040 0.656 0.623 10.06
288 204 41.5709 0.8362 6.9681 0.7758 0.653 0.554 9.70
289 204 42.1413 0.8156 7.1278 0.7966 0.644 0.516 14.30
290 205 43.2371 0.8357 7.4775 0.8194 0.625 0.374 12.15
291 205 42.8988 0.8404 7.6862 0.7844 0.603 0.558 7.05
292 206 46.1742 0.8542 7.5645 0.8061 0.581 0.553 7.70
293 206 41.6763 0.8854 7.6200 0.8956 0.562 0.503 9.47
294 207 41.7965 0.8911 7.5807 0.8994 0.547 0.454 13.24
295 207 40.7044 0.8961 7.5610 0.8818 0.544 0.559 14.96
296 208 44.8063 0.8387 7.5227 0.8936 0.541 0.504 12.66
297 208 41.7347 0.8734 7.8295 0.9245 0.550 0.509 13.68
298 209 43.8486 0.8823 8.2961 0.8753 0.566 0.542 8.89
299 209 42.6728 0.8779 8.2840 0.8980 0.581 0.483 9.73
300 210 42.0514 0.9039 8.0698 0.8638 0.603 0.511 13.47
301 210 43.9678 0.8892 8.1337 0.9083 0.619 0.552 8.84
302 211 41.3148 0.9770 8.3769 0.9305 0.638 0.321 8.22
303 211 42.9447 0.9270 8.3139 0.9141 0.672 0.587 10.21
304 212 42.6427 0.9048 8.3706 0.8682 0.669 0.587 14.95
305 212 44.3954 0.8771 8.4599 0.8986 0.669 0.427 14.45
306 213 43.3521 0.8663 8.1615 0.8526 0.669 0.667 11.54
307 213 42.7717 0.8882 8.1283 0.8790 0.688 0.491 9.66
308 214 41.3748 0.9198 7.7320 0.8962 0.688 0.574 11.26
309 214 42.6775 0.9619 8.1515 0.9078 0.688 0.310 11.76
310 215 43.0023 0.9326 8.3376 0.9926 0.688 0.483 11.27
311 215 42.4508 0.9766 8.0007 0.9571 0.675 0.577 10.32
312 216 42.8105 0.9104 8.1067 0.8513 0.678 0.465 10.91
313 216 43.1217 0.9094 8.1932 0.9021 0.675 0.525 12.05
314 217 45.2567 0.9627 8.1871 0.9191 0.681 0.379 14.93
315 217 42.8534 0.9440 8.1410 0.9073 0.703 0.441 12.03
316 218 42.4552 0.9341 8.5894 0.9675 0.716 0.547 12.32
317 218 40.9916 0.9603 8.5796 0.9300 0.703 0.509 5.89
318 219 44.8067 0.9976 8.8510 0.9198 0.681 0.458 7.02
319 219 43.7237 0.9936 8.4489 0.8832 0.678 0.568 12.11
320 220 46.5585 0.9897 8.3936 0.9909 0.647 0.098 12.29
321 220 42.6977 1.0126 8.6724 0.9136 0.650 0.405 10.97
322 221 43.9712 0.9243 8.5354 0.9048 0.628 0.314 9.50
323 221 43.9060 0.9558 8.6178 0.9763 0.603 0.487 8.98
324 222 46.9582 0.9284 8.6996 0.9295 0.591 0.602 11.50
325 222 45.7021 0.9802 8.6286 0.8970 0.559 0.499 10.13
326 223 46.4080 0.9642 8.5700 0.9144 0.550 0.550 8.30
327 223 44.4897 0.9606 8.5041 0.9543 0.553 0.597 14.99
328 224 42.9892 0.9268 8.2887 0.9208 0.575 0.609 10.14
329 224 44.3672 0.9790 8.1033 0.9786 0.575 0.408 12.59
330 225 47.0139 0.9720 8.0755 0.9854 0.591 0.373 13.36
331 225 45.6891 0.9364 8.1397 0.8883 0.600 0.516 12.54
332 226 44.1135 0.9622 8.3022 0.9339 0.603 0.503 14.86
333 226 46.7328 0.9740 8.0752 0.9711 0.622 0.545 9.31
334 227 42.9285 1.0208 7.9566 0.8709 0.634 0.599 7.86
335 227 47.4595 0.9916 7.8961 0.9179 0.638 0.515 11.23
336 228 46.9910 0.9798 7.7863 0.9089 0.638 0.456 13.20
337 228 45.0018 1.0231 7.8092 0.9120 0.641 0.524 10.42
338 229 45.8426 1.0099 8.0799 0.9075 0.644 0.431 11.72
339 229 45.2310 1.0066 8.2772 1.0018 0.659 0.468 15.00
340 230 45.4798 1.1000 8.2716 0.9703 0.662 0.291 10.33
341 230 44.6412 1.0771 7.8537 0.9744 0.656 0.655 13.65
342 231 47.4382 1.0124 7.8559 1.0685 0.659 0.374 9.55
343 231 46.8677 1.1032 7.7114 0.9277 0.638 0.597 7.36
344 232 47.2316 1.0957 8.2714 0.9501 0.638 0.444 6.97
345 232 45.9587 1.0280 8.2725 1.0160 0.638 0.541 10.77
346 233 47.5410 1.0861 8.6552 0.9059 0.628 0.496 10.21
347 233 44.2960 1.0857 8.7935 0.9251 0.631 0.500 12.52
348 234 44.8282 1.0922 8.6902 1.0084 0.631 0.603 14.97
349 234 46.9598 1.1341 8.7804 0.9235 0.631 0.579 9.03
350 235 43.0828 1.1022 8.7259 0.9868 0.650 0.513 10.24
351 235 46.2742 1.1006 8.8826 1.0706 0.647 0.621 13.31
352 236 49.7499 1.0564 8.6253 1.0036 0.638 0.659 11.88
353 236 48.7426 1.0950 8.9182 0.9967 0.650 0.533 10.29
354 237 46.5071 1.1275 8.5497 0.9138 0.644 0.408 8.27
355 237 51.1755 1.0410 8.6119 0.9910 0.625 0.570 9.27
356 238 48.3095 1.1123 8.5378 0.9594 0.609 0.579 10.03
357 238 46.2717 1.2043 8.2178 0.9182 0.597 0.605 7.59
358 239 48.3920 1.1769 8.0658 0.9954 0.588 0.522 6.85
359 239 47.3065 1.1671 7.8675 1.0083 0.563 0.521 12.45
360 240 44.5612 1.1527 7.8296 1.0320 0.544 0.455 8.54
361 240 45.8101 1.1328 7.8381 0.9657 0.569 0.585 13.32
362 241 48.4897 1.1796 8.3487 1.0173 0.581 0.429 10.23
363 241 46.2636 1.3101 8.3866 0.8626 0.597 0.499 10.31
364 242 48.1249 1.2535 8.6209 1.0760 0.603 0.378 8.45
365 242 50.2118 1.1940 8.8928 1.0538 0.625 0.597 14.98
366 243 44.3210 1.2856 8.8242 0.9250 0.656 0.512 9.41
367 243 50.5310 1.2910 9.4222 1.0456 0.650 0.266 15.00
368 244 51.5654 1.2781 9.7086 0.9537 0.647 0.521 12.61
369 244 51.7367 1.2643 9.7635 1.0082 0.653 0.429 9.24
370 245 53.3197 1.2718 9.7486 1.0347 0.650 0.402 9.77
371 245 48.0543 1.2974 10.0128 0.9305 0.650 0.496 11.43
372 246 47.0854 1.3839 9.7673 1.0055 0.656 0.320 14.25
373 246 51.0862 1.3669 9.5790 1.0593 0.644 0.426 9.08
374 247 48.6392 1.3827 9.2381 1.1037 0.653 0.633 10.82
375 247 44.3464 1.3919 9.2393 1.0312 0.678 0.350 12.01
376 248 45.3600 1.4158 9.0336 1.0659 0.691 0.519 14.98
377 248 53.8820 1.2568 8.5962 1.0396 0.712 0.445 13.89
378 249 48.8895 1.3728 8.4455 1.0712 0.728 0.435 13.62
379 249 47.7587 1.3662 8.5303 1.1140 0.741 0.536 12.33
380 250 52.2321 1.2663 8.8910 1.0203 0.753 0.238 12.24
381 250 48.6350 1.3537 8.6824 1.0176 0.728 0.395 9.52
382 251 49.8778 1.4337 8.8520 1.1035 0.700 0.373 7.77
383 251 50.1583 1.2432 9.3364 1.0428 0.675 0.402 13.18
384 252 50.4196 1.4100 9.3230 1.0783 0.653 0.549 7.03
385 252 50.5008 1.3155 9.3321 1.0302 0.631 0.558 11.87
386 253 49.1649 1.3382 9.5801 0.9618 0.619 0.397 8.85
387 253 49.6009 1.3834 9.6076 1.0350 0.603 0.404 9.96
388 254 49.6411 1.3351 9.8394 1.0906 0.597 0.379 8.62
389 254 52.7394 1.4445 10.0753 1.0793 0.572 0.477 10.54
390 255 53.1606 1.3365 9.9615 1.0163 0.569 0.522 7.87
391 255 48.9281 1.4729 10.2985 1.1233 0.581 0.404 9.48
392 256 48.9986 1.5296 10.0519 1.0690 0.613 0.489 5.39
393 256 49.7941 1.3452 9.6624 0.9278 0.647 0.529 8.80
394 257 49.6793 1.4137 9.6769 1.0219 0.656 0.484 10.29
395 257 49.7813 1.4386 9.7300 0.9862 0.644 0.452 7.30
396 258 50.5592 1.4330 9.7163 1.1609 0.625 0.351 7.83
397 258 50.3155 1.4667 9.8900 1.1714 0.619 0.255 14.99
398 259 53.3951 1.3740 9.5931 1.0794 0.587 0.480 10.38
399 259 54.3057 1.3205 9.2868 1.1328 0.597 0.453 10.16
400 260 51.8336 1.4617 8.7070 1.0976 0.606 0.682 9.31
401 260 50.6823 1.5527 8.6125 1.0698 0.606 0.297 9.15
402 261 51.4447 1.5525 8.6831 1.1171 0.606 0.336 11.69
403 261 51.0940 1.4559 8.5594 1.0797 0.616 0.504 12.17
404 262 50.2309 1.4229 9.0148 1.1581 0.634 0.455 13.42
405 262 48.1715 1.4234 8.9175 1.1473 0.666 0.476 10.27
406 263 48.7826 1.5424 9.0510 1.1095 0.691 0.463 13.82
407 263 51.1482 1.4674 9.0414 1.1006 0.716 0.546 15.00
408 264 51.2144 1.4491 9.4750 1.0508 0.753 0.293 10.23
409 264 53.0612 1.5219 9.4314 1.1250 0.766 0.553 11.21
410 265 55.0664 1.4052 10.3585 1.1247 0.747 0.484 10.93
411 265 50.5593 1.4663 10.1341 1.1580 0.744 0.553 10.56
412 266 51.7587 1.4847 9.9379 1.0583 0.741 0.611 14.96
413 266 49.0987 1.3772 10.4332 1.1039 0.728 0.460 10.59
414 267 53.2018 1.5327 10.3853 1.0327 0.697 0.454 6.35
415 267 51.2754 1.4693 10.3102 1.1579 0.691 0.549 10.85
416 268 48.4432 1.4707 10.1189 1.1235 0.688 0.412 9.77
417 268 47.9862 1.4659 10.1301 1.0905 0.684 0.304 10.36
418 269 48.3825 1.5710 9.7457 1.0943 0.681 0.460 11.79
419 269 45.1260 1.6076 9.7678 1.1133 0.678 0.496 7.88
420 270 53.3906 1.5050 9.5862 1.0928 0.663 0.393 11.95
421 270 50.1359 1.4164 9.7874 1.1062 0.663 0.432 9.94
422 271 52.4878 1.4281 9.7694 1.1447 0.656 0.603 9.28
423 271 52.3688 1.4857 9.7858 1.0426 0.644 0.400 9.21
424 272 52.5158 1.5222 9.2067 1.1104 0.650 0.627 7.79
425 272 45.6999 1.5803 9.4275 1.0340 0.653 0.336 9.75
426 273 48.3558 1.4326 9.3117 1.1863 0.641 0.466 10.71
427 273 51.5959 1.5430 9.6356 1.1024 0.625 0.189 6.46
428 274 50.5687 1.5042 9.5323 1.0796 0.631 0.609 8.01
429 274 49.8470 1.4986 9.5900 1.1457 0.638 0.512 15.00
430 275 49.2285 1.5074 9.4354 1.1320 0.678 0.418 11.44
431 275 50.7835 1.4795 9.2358 1.0399 0.666 0.508 9.16
432 276 49.4651 1.5527 9.1912 1.2138 0.672 0.490 8.25
433 276 50.2660 1.5703 8.6967 1.2420 0.694 0.556 11.47
434 277 48.0401 1.5115 8.9175 1.2214 0.691 0.373 8.26
435 277 48.7751 1.5260 9.2289 1.1822 0.681 0.412 6.51
436 278 49.1278 1.4964 9.1383 1.1932 0.697 0.541 9.82
437 278 50.0509 1.6542 8.6552 1.2235 0.712 0.464 12.20
438 279 46.5964 1.5823 9.1909 1.1088 0.706 0.333 9.23
439 279 48.0306 1.5101 9.0323 1.2316 0.719 0.507 7.80
440 280 48.6324 1.4181 9.0472 1.0433 0.719 0.444 8.24
441 280 50.6519 1.4812 9.3466 1.1935 0.728 0.434 7.89
442 281 46.9171 1.5521 9.7901 1.1767 0.738 0.576 14.35
443 281 47.2706 1.4843 10.1169 1.0367 0.738 0.532 10.19
444 282 50.5420 1.5373 10.1883 1.2405 0.756 0.465 11.18
445 282 49.8992 1.5058 9.8752 1.1730 0.753 0.438 8.39
446 283 47.1545 1.6408 9.7603 1.2107 0.756 0.539 6.63
447 283 51.5073 1.5043 9.7251 1.2029 0.747 0.524 7.58
448 284 51.9401 1.4616 9.3517 1.1546 0.741 0.495 8.67
449 284 46.7618 1.3970 9.8522 1.1794 0.731 0.575 11.49
450 285 49.7952 1.4069 10.0183 1.1507 0.719 0.314 7.81
451 285 51.6748 1.3584 9.9530 1.1985 0.719 0.439 11.21
452 286 52.2860 1.4227 9.8161 1.1779 0.713 0.580 14.91
453 286 45.3793 1.4636 9.7087 1.2778 0.700 0.513 6.81
454 287 49.9415 1.4406 9.5964 1.0836 0.703 0.214 9.56
455 287 47.3724 1.3142 9.4058 1.1805 0.722 0.591 14.93
456 288 44.3150 1.3294 10.0615 1.2570 0.725 0.369 11.39
457 288 47.5377 1.3881 10.4482 1.2314 0.747 0.470 11.31
458 289 46.4326 1.4619 10.5820 1.2847 0.763 0.490 13.17
459 289 49.0485 1.3983 10.2397 1.2311 0.753 0.532 12.54
460 290 48.2296 1.4654 10.2462 1.3408 0.766 0.442 10.29
461 290 48.9717 1.4230 10.3454 1.2319 0.769 0.499 8.70
462 291 50.5829 1.3145 10.3027 1.0657 0.759 0.500 10.37
463 291 48.1272 1.4568 10.3354 1.2317 0.753 0.506 8.09
464 292 49.7426 1.4401 10.7174 1.1979 0.753 0.213 6.63
465 292 49.1610 1.5729 10.9244 1.2932 0.728 0.356 14.59
466 293 48.7099 1.4496 10.8888 1.3013 0.722 0.474 10.72
467 293 49.3590 1.5332 10.9285 1.1720 0.706 0.477 9.61
468 294 47.2482 1.5445 10.8644 1.2537 0.709 0.417 14.89
469 294 47.4514 1.5193 11.1353 1.2112 0.728 0.420 9.22
470 295 50.7160 1.5310 11.0034 1.2877 0.725 0.456 11.19
471 295 50.1090 1.3909 10.6412 1.3547 0.728 0.474 13.04
472 296 50.0225 1.3806 10.8876 1.2889 0.744 0.455 12.17
473 296 48.3123 1.3196 10.9281 1.2257 0.766 0.545 14.97
474 297 49.2912 1.3829 11.2142 1.2666 0.762 0.130 13.99
475 297 50.1973 1.4257 11.0418 1.2634 0.762 0.521 10.67
476 298 50.7983 1.2887 10.5454 1.2634 0.756 0.284 9.86
477 298 48.9491 1.2978 10.5060 1.2795 0.747 0.467 7.58
478 299 45.4325 1.1784 10.3798 1.3095 0.728 0.556 10.78
479 299 49.6558 1.2209 10.3216 1.2996 0.716 0.497 13.18
480 300 53.6096 1.4589 10.5573 1.3305 0.700 0.426 10.56
481 300 48.4174 1.3365 10.5125 1.3726 0.697 0.454 7.49
482 300 49.1540 1.3050 10.0593 1.2623 0.684 0.559 9.50
483 300 52.5700 1.3032 9.9168 1.2152 0.653 0.536 12.47
484 300 44.2369 1.2275 9.3463 1.2765 0.663 0.559 8.47
485 300 46.8001 1.2589 9.4878 1.3037 0.672 0.301 11.54
486 300 44.8309 1.5004 9.5451 1.4033 0.684 0.495 10.20
487 300 45.0196 1.3215 9.2975 1.1631 0.712 0.547 10.09
488 300 47.9041 1.3946 9.6368 1.2044 0.725 0.407 11.26
489 300 47.7862 1.3687 9.7995 1.0644 0.734 0.473 9.91
490 300 47.5848 1.3494 9.5483 1.3601 0.750 0.365 10.33
491 300 42.8316 1.3537 9.7439 1.2014 0.763 0.478 10.31
492 300 46.2421 1.4724 9.9934 1.4087 0.769 0.531 10.41
493 300 45.9012 1.3437 10.0716 1.1551 0.797 0.355 9.10
494 300 45.2868 1.4030 10.0765 1.3722 0.803 0.539 14.99
495 300 48.3001 1.3286 9.8093 1.2850 0.803 0.542 9.84
496 300 48.5252 1.3547 9.6853 1.1505 0.797 0.647 14.66
497 300 49.7959 1.3677 9.8034 1.3166 0.775 0.365 9.77
498 300 45.3894 1.2599 9.5320 1.3141 0.781 0.472 10.73
499 300 48.8156 1.2405 9.4495 1.2521 0.772 0.572 14.96
500 300 44.8369 1.2157 9.4930 1.2724 0.775 0.454 13.96
501 300 52.0908 1.3236 9.6548 1.2130 0.759 0.464 10.20
502 300 48.5553 1.2133 9.5125 1.1697 0.769 0.521 12.17
503 300 50.2335 1.3723 9.8300 1.3311 0.756 0.624 10.24
504 300 49.1975 1.3521 9.9792 1.2354 0.744 0.488 8.51
505 300 47.5088 1.2902 10.3789 1.2294 0.741 0.553 10.49
506 300 43.0633 1.1542 10.6503 1.2738 0.737 0.510 10.72
507 300 42.0827 1.3570 10.6101 1.1894 0.753 0.430 11.73
508 300 49.0787 1.5010 11.0080 1.1256 0.744 0.419 8.44
509 300 46.8041 1.2164 10.9587 1.1795 0.747 0.525 12.36
510 300 48.8967 1.5297 11.2335 1.3913 0.737 0.309 7.15
511 300 46.6553 1.2290 11.2254 1.2231 0.759 0.483 14.99
512 300 45.1407 1.3540 11.3963 1.2532 0.759 0.413 9.07
513 300 44.4018 1.1969 11.0706 1.2657 0.763 0.337 10.48
514 300 45.8765 1.1784 11.1465 1.2063 0.759 0.433 9.01
515 300 45.2022 1.3742 11.1499 1.2224 0.778 0.359 15.00
516 300 45.2669 1.2521 11.2682 1.1992 0.787 0.524 10.11
517 300 46.6100 1.3008 11.0445 1.2451 0.791 0.590 10.10
518 300 48.7822 1.4424 10.8029 1.2072 0.806 0.538 14.97
519 300 45.9189 1.2966 10.9239 1.2621 0.822 0.448 9.24
520 300 41.7450 1.2986 10.3682 1.2180 0.841 0.483 14.99
521 300 46.0390 1.2534 10.7448 1.2848 0.844 0.262 12.22
522 300 45.0337 1.2267 10.6274 1.2247 0.841 0.410 9.35
523 300 45.8175 1.3192 10.8190 1.2024 0.856 0.553 13.97
524 300 41.7360 1.2454 10.5979 1.2305 0.878 0.473 9.26
525 300 46.5103 1.2811 10.5462 1.2717 0.884 0.465 10.81
526 300 50.4748 1.4254 10.6968 1.3470 0.872 0.452 13.33
527 300 43.9272 1.4824 10.7580 1.1440 0.872 0.459 9.82
528 300 44.5564 1.1910 10.8116 1.2892 0.869 0.331 6.66
529 300 44.3126 1.2276 11.0365 1.2025 0.859 0.288 12.38
530 300 43.2668 1.3481 11.3203 1.0915 0.863 0.380 8.47
531 300 43.7907 1.2942 10.9490 1.2468 0.872 0.255 14.34
532 300 43.6211 1.4841 11.2841 1.1415 0.875 0.527 8.72
533 300 45.6400 1.4322 11.1616 1.4181 0.878 0.445 14.18
534 300 46.0848 1.4453 11.6126 1.2129 0.856 0.385 14.89
535 300 43.6360 1.2935 11.2614 1.1214 0.853 0.576 7.26
536 300 45.3653 1.2577 11.3391 1.3410 0.863 0.446 11.73
537 300 41.7603 1.3032 11.3954 1.1793 0.863 0.464 7.90
538 300 41.1528 1.2359 11.4551 1.2335 0.863 0.327 10.25
539 300 44.7226 1.2246 11.1109 1.2338 0.869 0.559 11.40
540 300 44.7307 1.3683 10.9466 1.2606 0.859 0.480 13.32
541 300 48.1932 1.3972 10.9241 1.1789 0.850 0.516 14.99
542 300 48.5332 1.3919 10.5418 1.3322 0.847 0.533 10.90
543 300 43.4720 1.3887 10.4666 1.2723 0.844 0.501 11.53
544 300 44.3762 1.3578 10.0111 1.1755 0.859 0.520 10.04
545 300 43.5267 1.3205 10.6123 1.2648 0.863 0.344 14.63
546 300 45.5806 1.4937 10.4057 1.3270 0.869 0.386 9.26
547 300 42.1321 1.2341 10.4262 1.2228 0.869 0.616 10.87
548 300 44.2674 1.3407 10.1280 1.2460 0.859 0.571 9.33
549 300 40.8578 1.1473 9.8423 1.2296 0.863 0.562 10.02
550 300 45.3356 1.3632 10.2067 1.2952 0.863 0.478 13.13
551 300 42.0050 1.2049 9.9091 1.2958 0.862 0.415 11.04
552 300 41.0103 1.3537 10.0635 1.2126 0.875 0.525 14.94
553 300 42.6103 1.3174 10.2923 1.2429 0.878 0.464 14.96
554 300 44.3065 1.3131 10.3346 1.3435 0.881 0.461 8.81
555 300 40.4864 1.3126 9.8264 1.1656 0.878 0.445 12.15
556 300 41.7231 1.1741 9.3696 1.2538 0.872 0.606 10.40
557 300 46.5131 1.4477 9.7367 1.3145 0.872 0.285 10.22
558 300 42.4363 1.3729 9.9913 1.1625 0.872 0.318 11.20
559 300 43.9787 1.3743 10.4932 1.3444 0.866 0.347 6.74
560 300 40.0876 1.3054 10.1842 1.3361 0.872 0.401 9.39
561 300 42.4043 1.1863 10.4191 1.3198 0.881 0.461 13.76
562 300 42.9829 1.2028 10.5560 1.2435 0.881 0.403 11.84
563 300 42.1699 1.3663 10.7208 1.1497 0.878 0.295 14.97
564 300 42.6319 1.2317 10.6271 1.2115 0.881 0.444 12.60
565 300 40.9805 1.2337 10.7958 1.1684 0.881 0.534 9.41
566 300 42.6052 1.3628 11.0429 1.1910 0.884 0.533 9.76
567 300 44.9840 1.4764 10.7039 1.2231 0.887 0.352 12.68
568 300 43.3509 1.1811 10.7140 1.2302 0.891 0.486 8.09
569 300 43.1865 1.2791 9.9815 1.3140 0.891 0.607 8.30
570 300 41.3488 1.1309 9.8453 1.1230 0.881 0.447 9.76
571 300 43.7368 1.1976 9.9550 1.1118 0.872 0.339 9.93
572 300 41.2112 1.1924 9.6439 1.2501 0.878 0.381 10.04
573 300 43.1155 1.2550 9.3541 1.1427 0.884 0.577 10.88
574 300 40.6664 1.4162 9.6048 1.2121 0.875 0.371 7.99
575 300 42.9080 1.2055 9.7814 1.1568 0.869 0.462 12.38
576 300 41.1366 1.2211 9.9670 1.2902 0.875 0.385 10.40
577 300 38.7117 1.1723 9.5790 1.1446 0.881 0.742 9.54
578 300 40.2922 1.3387 9.4503 1.1435 0.897 0.447 9.48
579 300 42.0640 1.4221 10.2146 1.2055 0.906 0.267 12.09
580 300 42.4094 1.2905 10.2778 1.3599 0.916 0.276 6.94
581 300 40.1015 1.2037 10.4144 1.2228 0.922 0.360 10.17
582 300 43.5308 1.2313 10.8025 1.2452 0.912 0.559 9.24
583 300 43.7758 1.3829 10.5714 1.1568 0.906 0.485 7.49
584 300 44.8537 1.3759 10.4173 1.3473 0.916 0.569 12.45
585 300 40.0895 1.2554 10.1147 1.2070 0.919 0.314 12.16
586 300 42.4282 1.3759 10.1399 1.2379 0.913 0.453 11.78
587 300 44.3494 1.4085 10.5809 1.3274 0.897 0.337 8.65
588 300 39.3958 1.1629 10.5760 1.2951 0.891 0.566 12.64
589 300 43.8402 1.3948 9.8243 1.2251 0.887 0.526 10.63
590 300 43.5569 1.3289 10.0951 1.2820 0.891 0.493 8.51
591 300 40.4499 1.3982 9.5224 1.2698 0.894 0.420 7.96
592 300 43.1833 1.3501 9.3386 1.3642 0.900 0.074 10.54
593 300 41.8574 1.2823 9.5693 1.3382 0.903 0.342 13.38
594 300 37.4260 1.0338 9.5790 1.1766 0.906 0.424 10.65
595 300 39.2823 1.3203 9.7854 1.2833 0.913 0.485 7.84
596 300 42.3942 1.2075 9.7300 1.2729 0.922 0.520 13.60
597 300 41.2715 1.2685 9.8548 1.2914 0.922 0.352 9.60
598 300 41.2767 1.5103 9.9413 1.3182 0.928 0.528 11.80
599 300 42.4053 1.2968 10.9828 1.2846 0.916 0.209 8.41
600 300 42.0208 1.2691 10.9618 1.1459 0.909 0.391 9.31
601 300 39.7418 1.1613 11.4752 1.3903 0.906 0.444 9.35
602 300 42.0041 1.2244 11.4627 1.2066 0.903 0.456 9.87
603 300 40.7114 1.2854 11.4085 1.1870 0.903 0.273 8.00
604 300 39.9678 1.3637 11.1595 1.2047 0.903 0.589 7.67
605 300 38.8198 1.2372 10.9930 1.2317 0.903 0.307 7.93
606 300 41.0603 1.3051 10.8682 1.1722 0.903 0.629 10.76
607 300 39.6135 1.4463 11.0258 1.2597 0.916 0.309 10.23
608 300 45.2970 1.3340 11.3838 1.1898 0.900 0.320 9.60
609 300 44.1641 1.5283 11.3749 1.3027 0.916 0.281 8.07
610 300 42.1210 1.2363 11.0189 1.2962 0.919 0.490 11.67
611 300 47.0421 1.5354 11.0748 1.2581 0.900 0.363 12.81
612 300 41.5929 1.4509 11.1073 1.1899 0.906 0.322 10.69
613 300 41.2956 1.5040 11.2812 1.2228 0.906 0.233 6.71
614 300 42.3711 1.3507 11.9924 1.2073 0.900 0.296 10.56
615 300 41.1769 1.5169 12.2696 1.3106 0.903 0.343 10.95
616 300 38.2291 1.5210 12.6365 1.1797 0.903 0.485 8.96
617 300 41.0100 1.2817 12.6198 1.2266 0.900 0.502 11.33
618 300 39.3712 1.3552 12.2230 1.2999 0.912 0.453 11.82
619 300 42.0233 1.4073 11.7788 1.2920 0.909 0.494 9.18
620 300 42.8926 1.3928 12.1438 1.3011 0.909 0.143 13.61
621 300 39.7469 1.2481 11.7466 1.1827 0.922 0.539 10.64
622 300 41.7872 1.3225 11.7181 1.1941 0.906 0.469 11.76
623 300 39.3141 1.3391 11.2446 1.3036 0.916 0.498 9.09
624 300 39.3222 1.3146 11.2829 1.1776 0.922 0.220 8.13
625 300 41.3547 1.3540 10.7232 1.2696 0.922 0.559 11.57
626 300 41.5911 1.3259 10.1983 1.2248 0.919 0.513 8.86
627 300 43.8293 1.4257 10.3358 1.2117 0.913 0.419 10.23
628 300 43.1522 1.4072 10.5856 1.2132 0.909 0.593 10.00
629 300 42.5556 1.3916 10.4175 1.3019 0.912 0.503 8.34
630 300 45.3951 1.5033 10.7386 1.0961 0.903 0.261 10.52
631 300 42.0801 1.5243 11.1510 1.2489 0.906 0.270 8.65
632 300 43.4061 1.3850 11.3569 1.1958 0.909 0.411 11.63
633 300 44.4991 1.3599 11.6114 1.2964 0.894 0.436 13.87
634 300 41.2428 1.2798 11.0789 1.1941 0.891 0.347 8.27
635 300 43.1874 1.2710 11.3805 1.2604 0.881 0.486 8.70
636 300 37.2929 1.0864 11.5817 1.1948 0.878 0.412 13.06
637 300 39.4493 1.1428 11.1032 1.2760 0.888 0.574 13.93
638 300 38.2051 1.1237 10.6454 1.1937 0.887 0.569 10.79
639 300 41.6430 1.4686 10.5863 1.2412 0.891 0.520 7.70
640 300 40.3803 1.2518 10.1021 1.2731 0.903 0.376 11.20
641 300 40.4173 1.2676 9.6217 1.3564 0.894 0.503 14.49
642 300 41.3849 1.3068 9.2708 1.2696 0.906 0.408 8.83
643 300 44.1418 1.3785 9.5373 1.2001 0.909 0.339 8.63
644 300 41.5271 1.3708 9.8560 1.3019 0.906 0.237 7.72
645 300 41.0514 1.5421 10.1277 1.3285 0.916 0.320 9.36
646 300 40.7462 1.0712 10.0489 1.2017 0.906 0.477 12.51
647 300 40.4394 1.3387 10.6045 1.1397 0.906 0.257 7.15
648 300 38.2144 1.2414 11.0203 1.2293 0.913 0.405 13.44
649 300 43.2968 1.3072 11.0063 1.3657 0.903 0.363 6.27
650 300 40.7358 1.1409 10.7666 1.3692 0.903 0.566 11.14
651 300 40.5986 1.2412 10.9670 1.2274 0.906 0.458 11.90
652 300 40.8412 1.3562 11.2857 1.2976 0.906 0.471 9.04
653 300 40.3843 1.7238 11.4659 1.1496 0.919 0.371 6.63
654 300 39.3328 1.1843 11.2522 1.2658 0.922 0.453 11.38
655 300 40.4194 1.3003 11.6097 1.2305 0.919 0.222 14.98
656 300 40.5053 1.2524 11.5033 1.1269 0.938 0.314 9.69
657 300 39.0105 1.2065 10.9702 1.2554 0.941 0.544 8.99
658 300 43.9236 1.4824 10.3382 1.1303 0.931 0.615 7.49
659 300 42.0428 1.3677 10.6898 1.2186 0.941 0.413 11.05
660 300 41.2627 1.3346 11.1332 1.3812 0.944 0.528 14.95
661 300 38.3405 1.2971 11.1911 1.1893 0.956 0.348 10.20
662 300 37.0896 1.3257 11.0554 1.1105 0.956 0.344 7.82
663 300 37.4942 1.3248 11.0157 1.2027 0.956 0.406 12.03
664 300 42.6459 1.5881 11.3263 1.0944 0.959 0.285 9.60
665 300 38.3752 1.2791 10.6993 1.2783 0.959 0.390 9.69
666 300 40.5963 1.3818 11.4918 1.2493 0.959 0.152 7.20
667 300 43.3458 1.5718 11.4038 1.3041 0.953 0.531 9.76
668 300 39.6880 1.3184 12.3707 1.2160 0.963 0.069 13.97
669 300 42.0884 1.4003 11.9168 1.2106 0.963 0.377 9.97
670 300 37.2096 1.1557 12.0293 1.2679 0.966 0.408 9.95
671 300 36.3468 1.1242 11.7072 1.2379 0.959 0.531 10.36
672 300 39.1728 1.0603 11.7431 1.3861 0.947 0.219 11.12
673 300 41.8852 1.3003 11.4701 1.2768 0.931 0.459 11.15
674 300 43.6131 1.5603 11.3397 1.2992 0.928 0.326 6.89
675 300 42.1645 1.3262 11.4522 1.2970 0.928 0.467 8.59
676 300 42.4292 1.2822 10.7033 1.3510 0.909 0.492 10.60
677 300 38.7313 1.0832 10.7550 1.2262 0.912 0.447 11.69
678 300 39.2327 1.3610 9.9112 1.2293 0.900 0.549 8.34
679 300 35.6674 1.0777 9.7963 1.1897 0.897 0.575 9.07
680 300 42.6712 1.3051 9.5007 1.3272 0.891 0.496 8.22
681 300 38.9121 1.1641 10.0660 1.3806 0.894 0.525 9.80
682 300 40.7384 1.2783 9.9591 1.2225 0.903 0.455 9.68
683 300 41.5354 1.5105 10.0815 1.2270 0.912 0.438 12.09
684 300 38.7183 1.2674 9.7498 1.2579 0.909 0.577 6.40
685 300 43.9950 1.5680 9.9119 1.1414 0.906 0.369 9.98
686 300 42.3206 1.5465 10.5976 1.2758 0.916 0.225 12.17
687 300 40.6027 1.4699 10.5121 1.2216 0.919 0.455 7.66
688 300 42.5955 1.6093 11.2261 1.3200 0.925 0.212 5.36
689 300 39.2206 1.3479 11.5019 1.2555 0.931 0.379 9.09
690 300 40.0067 1.4298 11.6416 1.2531 0.938 0.404 9.84
691 300 41.0081 1.2563 11.5165 1.2245 0.931 0.307 10.74
692 300 39.4684 1.2454 11.2507 1.3515 0.925 0.496 9.99
693 300 41.0754 1.3775 11.2344 1.2847 0.928 0.461 10.81
694 300 42.5647 1.4260 11.5065 1.2806 0.934 0.371 11.93
695 300 40.8720 1.4156 11.4467 1.2750 0.928 0.444 9.19
696 300 39.6974 1.2515 10.9089 1.3139 0.934 0.240 11.77
697 300 43.5838 1.3914 11.1450 1.3037 0.931 0.418 9.04
698 300 40.6895 1.3271 10.5624 1.2115 0.934 0.489 14.92
699 300 41.9419 1.4759 10.5605 1.2238 0.931 0.391 9.10
700 300 41.0893 1.2732 10.5298 1.2138 0.916 0.548 11.70
701 300 39.3454 1.2901 10.5100 1.3213 0.922 0.357 8.42
702 300 38.7709 1.1476 10.6434 1.3293 0.913 0.509 11.24
703 300 41.3573 1.2702 10.4263 1.2646 0.900 0.527 9.25
704 300 37.3852 1.1760 10.4293 1.2880 0.897 0.556 8.23
705 300 39.7410 1.2560 10.2698 1.3316 0.909 0.339 9.72
706 300 41.6745 1.4574 10.5607 1.1282 0.906 0.468 8.90
707 300 39.5463 1.2485 10.5232 1.2292 0.900 0.555 9.82
708 300 37.9415 1.1784 10.9422 1.2383 0.900 0.416 14.98
709 300 43.2270 1.4905 11.2714 1.2034 0.894 0.435 9.63
710 300 40.6162 1.4342 11.3283 1.2752 0.903 0.352 9.79
711 300 38.8320 1.3458 10.9795 1.2818 0.903 0.502 9.77
712 300 38.5211 1.4639 11.0052 1.2383 0.925 0.477 8.94
713 300 40.5265 1.3468 10.7978 1.2870 0.938 0.551 12.21
714 300 38.4412 1.1635 10.4262 1.2310 0.938 0.588 10.56
715 300 36.4856 1.3055 10.4423 1.1995 0.938 0.345 11.92
716 300 41.6286 1.3324 11.0708 1.3015 0.934 0.023 10.31
717 300 37.6244 1.2095 11.0229 1.1597 0.938 0.375 14.09
718 300 38.4254 1.3730 10.8581 1.1847 0.938 0.334 7.53
719 300 39.5373 1.4205 10.4966 1.2708 0.941 0.202 13.94
720 300 40.4385 1.3979 10.2517 1.1594 0.944 0.489 10.61
721 300 40.3567 1.4650 10.3855 1.1939 0.950 0.483 11.34
722 300 36.9834 1.3397 10.5190 1.2146 0.944 0.428 9.53
723 300 37.1391 1.2875 10.5989 1.1880 0.944 0.379 8.45
724 300 39.9482 1.3148 10.8460 1.2243 0.941 0.282 10.54
725 300 39.7865 1.4059 10.8848 1.3511 0.934 0.451 8.91
726 300 39.0961 1.3077 10.0058 1.3120 0.937 0.375 12.05
727 300 39.4155 1.2250 10.2379 1.1971 0.944 0.326 8.14
728 300 38.4978 1.1462 9.9916 1.2023 0.944 0.285 9.82
729 300 38.9318 1.3422 10.1030 1.2123 0.950 0.462 10.32
730 300 40.0501 1.2880 10.6063 1.2861 0.950 0.337 14.95
731 300 41.6657 1.3677 10.6067 1.2380 0.947 0.470 12.62
732 300 40.7088 1.2463 10.5014 1.2388 0.944 0.156 12.37
733 300 40.4112 1.3382 10.5407 1.1571 0.938 0.517 9.50
734 300 41.6705 1.3440 10.4458 1.2203 0.938 0.271 10.04
735 300 41.9309 1.3804 10.7846 1.4067 0.931 0.425 13.66
736 300 40.1668 1.5435 11.1125 1.2039 0.934 0.372 8.15
737 300 37.2785 1.1520 10.8382 1.2710 0.937 0.443 9.39
738 300 38.8395 1.4399 11.4736 1.3216 0.934 0.382 9.85
739 300 39.9053 1.3299 11.5458 1.2160 0.922 0.337 13.04
740 300 35.8929 1.0013 11.2455 1.2953 0.916 0.478 12.12
741 300 36.0641 1.1657 11.2070 1.1738 0.912 0.124 11.06
742 300 39.2374 1.3404 11.8561 1.2652 0.912 0.179 8.34
743 300 38.2539 1.2361 11.7550 1.3001 0.916 0.542 10.05
744 300 38.1472 1.2738 12.0874 1.1960 0.919 0.372 9.39
745 300 40.7103 1.2997 12.0097 1.2645 0.928 0.378 8.46
746 300 40.0696 1.4405 11.6349 1.2934 0.934 0.462 10.67
747 300 39.4805 1.2067 11.4963 1.2908 0.928 0.512 7.96
748 300 41.9918 1.3327 11.0541 1.2906 0.931 0.306 8.52
749 300 43.9610 1.5543 11.2948 1.3366 0.931 0.209 8.78
750 300 35.7589 1.0413 10.9629 1.2175 0.934 0.534 12.40
751 300 39.5084 1.3480 11.0426 1.3022 0.931 0.447 12.29
752 300 38.8494 1.1851 10.8392 1.2348 0.928 0.309 10.78
753 300 38.5431 1.3124 11.3324 1.3686 0.934 0.374 5.86
754 300 39.1254 1.4981 10.8397 1.2724 0.931 0.591 8.90
755 300 38.0758 1.2792 10.3995 1.1693 0.922 0.394 12.70
756 300 38.6522 1.1605 10.3962 1.3068 0.906 0.255 9.25
757 300 39.9251 1.3103 10.1540 1.2506 0.903 0.404 10.89
758 300 39.3740 1.3349 10.1673 1.2348 0.906 0.149 7.40
759 300 38.9126 1.3524 9.8007 1.2974 0.906 0.521 9.63
760 300 41.7382 1.4648 9.8941 1.3009 0.909 0.411 10.12
761 300 37.2149 1.1453 10.2057 1.3469 0.909 0.438 11.03
762 300 39.0792 1.3307 10.6162 1.2299 0.909 0.333 13.85
763 300 42.6586 1.5197 10.5488 1.4112 0.906 0.271 8.40
764 300 37.5882 1.1171 10.6767 1.3428 0.906 0.483 8.71
765 300 39.1783 1.2997 11.1852 1.1951 0.922 0.270 9.18
766 300 37.6295 1.3709 11.1433 1.2441 0.934 0.459 8.81
767 300 42.4217 1.4122 11.8872 1.3629 0.938 0.556 10.71
768 300 39.8661 1.3070 12.0309 1.3451 0.938 0.421 10.03
769 300 38.7345 1.2200 11.6598 1.3147 0.950 0.416 10.07
770 300 37.6777 1.2809 11.4792 1.2930 0.953 0.255 10.03
771 300 36.6089 1.2926 11.1426 1.3826 0.950 0.522 8.02
772 300 38.6168 1.3541 10.8281 1.1566 0.956 0.379 10.53
773 300 43.6421 1.5830 11.1404 1.2470 0.944 0.282 9.59
774 300 39.1594 1.3713 10.9926 1.2919 0.947 0.462 13.37
775 300 41.6642 1.4645 10.5909 1.2047 0.944 0.387 10.24
776 300 39.8307 1.3000 11.2149 1.2965 0.941 0.454 8.06
777 300 36.4995 1.1280 11.0785 1.3230 0.934 0.410 12.19
778 300 40.0634 1.5733 11.1633 1.2152 0.928 0.376 8.65
779 300 41.7353 1.2809 11.7940 1.2998 0.922 0.440 12.18
780 300 39.4790 1.4365 12.0046 1.1236 0.919 0.529 10.71
781 300 33.6295 1.1464 12.2198 1.1708 0.922 0.436 8.63
782 300 37.3303 1.1619 11.7416 1.1604 0.919 0.608 6.81
783 300 40.7486 1.4774 11.0207 1.2261 0.925 0.539 9.63
784 300 38.7035 1.2606 11.1773 1.3084 0.931 0.528 12.91
785 300 40.4458 1.1499 11.0802 1.2515 0.928 0.457 13.13
786 300 41.6099 1.2653 11.0301 1.2402 0.922 0.178 7.87
787 300 37.6798 1.3596 11.0272 1.3589 0.931 0.397 9.67
788 300 39.2450 1.2963 10.3883 1.2515 0.941 0.552 9.87
789 300 38.4678 1.3714 10.6375 1.2618 0.938 0.359 9.22
790 300 38.9267 1.1978 10.4758 1.2585 0.931 0.507 9.68
791 300 40.9096 1.3667 10.7128 1.1971 0.931 0.382 12.62
792 300 39.4687 1.2756 10.3988 1.1504 0.934 0.483 8.23
793 300 41.1344 1.2592 10.5651 1.2248 0.937 0.111 8.94
794 300 39.7617 1.2910 10.7270 1.2957 0.928 0.412 9.22
795 300 39.7957 1.5034 10.8115 1.3204 0.931 0.499 6.26
796 300 38.9115 1.1837 10.4097 1.2999 0.931 0.413 9.98
797 300 42.0876 1.6104 10.6871 1.1813 0.928 0.381 11.04
798 300 38.1656 1.5154 11.2818 1.2180 0.922 0.218 8.14
799 300 36.4285 1.3361 11.5160 1.2564 0.925 0.282 9.82
