it n time energy barrier aux reached lf_min al_max
0 60 2.9109 0.2965 2.5714 0.2705 0.094 0.552 11.94
1 60 2.9474 0.2890 2.8580 0.2552 0.094 0.528 14.66
2 61 2.9452 0.2749 3.1364 0.2590 0.091 0.529 14.42
3 61 3.0196 0.2571 3.5445 0.2596 0.084 0.546 14.98
4 62 3.0130 0.3464 3.7411 0.2532 0.081 0.561 10.74
5 62 3.0971 0.3063 3.8471 0.2441 0.072 0.567 9.84
6 63 3.1333 0.3363 3.9768 0.2631 0.066 0.506 11.50
7 63 3.1446 0.3264 4.2200 0.2661 0.056 0.498 14.97
8 64 3.1915 0.3132 4.3980 0.2527 0.047 0.568 14.68
9 64 3.2000 0.3445 4.4563 0.2733 0.038 0.520 6.94
10 65 3.2500 0.3792 4.3211 0.2892 0.028 0.677 5.04
11 65 3.2337 0.3125 4.0852 0.2709 0.022 0.662 14.99
12 66 3.2049 0.3258 3.7992 0.2824 0.022 0.472 6.57
13 66 3.2711 0.3036 3.3478 0.2595 0.025 0.695 15.00
14 67 3.3173 0.3746 3.0688 0.2804 0.022 0.670 14.95
15 67 3.2996 0.3596 2.8066 0.2615 0.028 0.679 6.16
16 68 3.3028 0.3403 2.5405 0.2981 0.034 0.643 5.48
17 68 3.3852 0.3416 2.2753 0.2777 0.041 0.654 14.97
18 69 3.4144 0.3185 1.9982 0.2891 0.047 0.660 6.10
19 69 3.4158 0.3548 1.9623 0.3158 0.053 0.643 7.11
20 70 3.4645 0.4049 2.0353 0.3002 0.056 0.661 8.95
21 70 3.4800 0.3540 1.9041 0.2725 0.059 0.725 10.15
22 71 3.4060 0.4285 1.8197 0.3131 0.072 0.729 4.69
23 71 3.4851 0.4413 1.7949 0.3174 0.075 0.740 7.98
24 72 3.5647 0.4114 1.9033 0.3024 0.081 0.670 6.27
25 72 3.5842 0.4159 1.9491 0.2792 0.081 0.738 3.24
26 73 3.5877 0.4521 1.9856 0.2974 0.088 0.617 6.16
27 73 3.6278 0.4245 2.1624 0.3398 0.091 0.454 12.63
28 74 3.6468 0.4555 2.2369 0.3113 0.103 0.730 5.85
29 74 3.5913 0.4265 2.0898 0.2995 0.113 0.646 3.35
30 75 3.6408 0.4532 2.0366 0.3117 0.128 0.744 2.50
31 75 3.6933 0.4206 2.0570 0.2735 0.134 0.634 5.03
32 76 3.7801 0.4420 2.1300 0.3337 0.122 0.691 4.19
33 76 3.7798 0.4524 2.2238 0.3384 0.119 0.567 3.87
34 77 3.8029 0.4787 2.0473 0.3586 0.119 0.705 3.77
35 77 3.7851 0.3925 2.1908 0.3438 0.122 0.627 6.08
36 78 3.8202 0.4359 2.3762 0.3275 0.119 0.653 5.61
37 78 3.8441 0.4263 2.3358 0.3217 0.122 0.594 14.81
38 79 3.8890 0.4819 2.3182 0.3515 0.106 0.734 14.83
39 79 3.8780 0.4307 2.4014 0.3133 0.103 0.688 5.68
40 80 3.9880 0.4920 2.6060 0.3392 0.088 0.468 4.39
41 80 3.9940 0.4896 2.6476 0.3408 0.075 0.589 5.90
42 81 4.0177 0.4217 2.8692 0.3304 0.075 0.549 5.71
43 81 3.9256 0.4563 2.7837 0.3356 0.081 0.635 6.08
44 82 4.0065 0.4380 3.0098 0.3342 0.088 0.678 4.29
45 82 4.0677 0.4685 3.1710 0.3687 0.091 0.562 12.14
46 83 4.1064 0.4730 3.2844 0.3501 0.087 0.599 5.19
47 83 4.0498 0.4557 3.0997 0.3302 0.097 0.456 3.50
48 84 4.0231 0.4499 3.2667 0.3672 0.109 0.574 4.31
49 84 4.0912 0.4547 3.4595 0.3418 0.119 0.579 4.71
50 85 4.1441 0.4725 3.3931 0.3422 0.131 0.634 5.78
51 85 4.2268 0.4410 3.8011 0.3954 0.141 0.532 10.67
52 86 4.2138 0.4400 3.6846 0.3368 0.156 0.605 4.89
53 86 4.2166 0.4886 3.8449 0.3261 0.150 0.572 3.69
54 87 4.3150 0.4266 3.8373 0.3521 0.144 0.768 15.00
55 87 4.2181 0.4867 3.5485 0.3746 0.144 0.741 3.75
56 88 4.3333 0.5065 3.3638 0.3886 0.153 0.591 3.58
57 88 4.2062 0.4712 3.2959 0.3677 0.153 0.736 6.96
58 89 4.3917 0.5023 3.1945 0.3776 0.153 0.666 6.34
59 89 4.2542 0.4353 2.9914 0.4179 0.156 0.720 2.83
60 90 4.4147 0.4036 3.0240 0.3529 0.153 0.615 5.09
61 90 4.4018 0.4793 2.7633 0.3954 0.156 0.581 3.87
62 91 4.4732 0.4914 2.6135 0.3778 0.147 0.663 5.80
63 91 4.4884 0.4760 2.7012 0.3655 0.150 0.480 5.17
64 92 4.5373 0.4371 3.0478 0.3801 0.150 0.508 14.37
65 92 4.4734 0.4550 3.1698 0.3767 0.156 0.605 9.77
66 93 4.5990 0.4710 3.2631 0.3776 0.150 0.463 5.46
67 93 4.6392 0.4292 3.4541 0.3720 0.131 0.697 8.12
68 94 4.6627 0.4806 3.5057 0.3789 0.131 0.657 3.96
69 94 4.6154 0.4672 3.7030 0.3900 0.113 0.526 5.06
70 95 4.5922 0.4236 3.6352 0.4124 0.122 0.608 3.72
71 95 4.6800 0.4823 3.4064 0.4089 0.119 0.726 11.26
72 96 4.6901 0.4083 3.8593 0.4134 0.131 0.569 14.18
73 96 4.6320 0.4108 3.8537 0.3828 0.141 0.602 12.35
74 97 4.7832 0.4451 3.7234 0.3830 0.150 0.485 14.93
75 97 4.7040 0.4650 3.8986 0.3924 0.150 0.636 6.93
76 98 4.8606 0.4613 4.0147 0.3939 0.150 0.502 3.43
77 98 4.8494 0.4774 3.9328 0.4008 0.159 0.525 4.27
78 99 4.8951 0.4588 3.8564 0.3839 0.156 0.685 4.91
79 99 4.8367 0.4887 3.6197 0.3684 0.172 0.579 2.59
80 100 4.9427 0.4671 3.7368 0.4114 0.169 0.577 7.11
81 100 4.9371 0.4793 3.7350 0.4914 0.172 0.768 6.61
82 101 4.9756 0.4393 3.3898 0.4294 0.163 0.622 3.87
83 101 4.9830 0.4287 3.4543 0.3850 0.159 0.578 12.28
84 102 4.9989 0.4468 3.2881 0.4046 0.159 0.682 5.58
85 102 5.0029 0.4786 3.1510 0.3894 0.159 0.646 3.88
86 103 5.0176 0.4520 3.0423 0.4187 0.172 0.558 10.21
87 103 5.0913 0.4545 3.4772 0.4481 0.175 0.356 3.67
88 104 5.0352 0.4343 3.6314 0.4570 0.184 0.616 6.11
89 104 5.1342 0.4801 3.7238 0.4475 0.178 0.681 5.40
90 105 5.0838 0.4262 3.5498 0.3836 0.178 0.667 3.84
91 105 5.2182 0.4537 3.7065 0.4418 0.169 0.742 5.44
92 106 5.2137 0.4505 3.7550 0.4386 0.169 0.649 12.88
93 106 5.1698 0.4565 3.6702 0.4021 0.172 0.496 4.55
94 107 5.2904 0.4081 3.8015 0.3974 0.166 0.506 3.64
95 107 5.2065 0.4532 3.9943 0.4213 0.172 0.634 7.03
96 108 5.3272 0.4176 4.3405 0.4547 0.159 0.405 14.94
97 108 5.2269 0.4345 4.0276 0.4002 0.163 0.641 3.11
98 109 5.3458 0.4532 4.0166 0.4753 0.163 0.638 4.21
99 109 5.3162 0.4443 4.2837 0.4515 0.172 0.608 8.97
100 110 5.3852 0.4153 4.6274 0.4293 0.169 0.620 4.78
101 110 5.4213 0.4529 4.7717 0.4283 0.178 0.490 3.89
102 111 5.4314 0.4186 4.7256 0.4497 0.175 0.713 4.33
103 111 5.3614 0.3938 4.8999 0.4393 0.184 0.640 14.96
104 112 5.4552 0.4187 4.6758 0.4193 0.191 0.663 3.96
105 112 5.3636 0.4131 4.5233 0.4762 0.206 0.607 3.74
106 113 5.5147 0.4214 4.2868 0.4955 0.222 0.467 5.01
107 113 5.5234 0.3991 4.2971 0.4974 0.225 0.621 4.67
108 114 5.5965 0.4298 4.3693 0.4837 0.228 0.720 3.68
109 114 5.5263 0.4065 4.6028 0.4692 0.231 0.502 3.54
110 115 5.5366 0.4169 4.6007 0.4516 0.238 0.727 5.74
111 115 5.6663 0.3820 4.7745 0.4820 0.247 0.641 14.15
112 116 5.6779 0.4033 4.9334 0.5208 0.253 0.690 6.37
113 116 5.6388 0.3774 4.7389 0.5121 0.247 0.620 3.40
114 117 5.7708 0.3909 4.7483 0.4511 0.247 0.619 3.65
115 117 5.7447 0.3899 5.0728 0.4766 0.225 0.596 7.98
116 118 5.7705 0.3908 4.8845 0.4721 0.222 0.699 8.36
117 118 5.6494 0.3566 4.7901 0.4586 0.222 0.715 5.19
118 119 5.9081 0.3775 4.9955 0.4937 0.212 0.694 9.37
119 119 5.7395 0.4113 4.8441 0.4587 0.219 0.351 14.60
120 120 5.8317 0.3612 4.5401 0.4828 0.225 0.660 5.45
121 120 5.8110 0.3710 4.2301 0.5275 0.234 0.782 9.36
122 121 5.9602 0.3752 4.0937 0.4704 0.234 0.817 6.50
123 121 5.9413 0.3694 4.5310 0.4963 0.244 0.592 6.46
124 122 6.0098 0.3538 4.6497 0.4982 0.238 0.688 4.96
125 122 5.8694 0.3839 4.2320 0.4952 0.253 0.642 5.19
126 123 5.9820 0.3489 4.5341 0.5337 0.250 0.721 3.82
127 123 5.9691 0.3685 5.2020 0.5430 0.259 0.483 4.13
128 124 6.0170 0.3695 5.1592 0.5670 0.272 0.366 3.17
129 124 5.9977 0.3814 5.2014 0.5561 0.272 0.643 5.58
130 125 6.1384 0.3721 5.3777 0.5003 0.259 0.643 3.56
131 125 6.1172 0.3726 5.4447 0.5076 0.253 0.684 2.71
132 126 5.9770 0.3714 5.5897 0.5419 0.269 0.588 5.81
133 126 6.1491 0.3780 5.5438 0.5321 0.269 0.701 15.00
134 127 6.1155 0.3781 5.3841 0.4973 0.284 0.734 7.78
135 127 6.2348 0.3636 5.6939 0.4936 0.278 0.728 6.39
136 128 6.2581 0.3887 5.7711 0.5339 0.284 0.750 5.39
137 128 6.2384 0.3726 5.2823 0.5520 0.284 0.694 5.32
138 129 6.2722 0.3804 5.2793 0.5635 0.284 0.775 4.55
139 129 6.2328 0.3815 5.4538 0.5561 0.291 0.611 4.93
140 130 6.3390 0.3909 5.7302 0.5772 0.300 0.648 5.01
141 130 6.2771 0.3945 5.9214 0.5100 0.309 0.603 9.00
142 131 6.4045 0.3699 6.1764 0.5623 0.306 0.636 5.41
143 131 6.2964 0.3854 6.0868 0.5827 0.309 0.732 4.59
144 132 6.4666 0.3698 6.0871 0.5179 0.300 0.654 3.69
145 132 6.4407 0.3819 5.7699 0.5591 0.300 0.651 3.64
146 133 6.3412 0.3590 5.4729 0.5721 0.294 0.651 4.34
147 133 6.3853 0.3518 5.3252 0.5292 0.297 0.748 7.44
148 134 6.5138 0.3608 5.5055 0.5526 0.300 0.608 8.84
149 134 6.5788 0.3602 5.2367 0.5858 0.284 0.671 14.98
150 135 6.5835 0.3741 5.0971 0.5867 0.281 0.564 6.35
151 135 6.5801 0.3703 4.8433 0.5841 0.278 0.733 4.51
152 136 6.5776 0.3740 4.4695 0.5391 0.275 0.672 2.92
153 136 6.7708 0.3874 4.0842 0.5862 0.250 0.767 8.35
154 137 6.7224 0.3921 4.7303 0.5707 0.263 0.571 4.06
155 137 6.5901 0.3684 4.7758 0.5753 0.269 0.721 3.78
156 138 6.7566 0.3868 4.8506 0.5936 0.269 0.721 1.64
157 138 6.7187 0.3797 5.0038 0.5530 0.266 0.677 3.85
158 139 6.7637 0.3713 4.6975 0.5215 0.266 0.627 5.15
159 139 6.7103 0.3770 5.2953 0.5594 0.288 0.565 5.81
160 140 6.7906 0.3882 5.2738 0.5965 0.300 0.506 3.87
161 140 6.7420 0.3778 5.5244 0.6085 0.303 0.631 8.02
162 141 6.8219 0.3597 5.4124 0.6000 0.297 0.785 5.13
163 141 6.8273 0.3682 5.5047 0.5768 0.319 0.731 9.69
164 142 6.9339 0.3707 5.0325 0.6110 0.309 0.582 4.17
165 142 7.0056 0.3837 5.3093 0.6166 0.294 0.669 4.94
166 143 6.9211 0.3835 5.5246 0.5427 0.306 0.678 7.26
167 143 7.0107 0.3749 5.7325 0.5971 0.297 0.649 6.14
168 144 7.0245 0.3757 5.5873 0.6607 0.284 0.743 4.64
169 144 6.9935 0.3721 4.9868 0.5492 0.269 0.709 5.18
170 145 7.0488 0.3793 5.1432 0.6147 0.266 0.655 8.06
171 145 7.0348 0.3701 4.8277 0.5599 0.250 0.728 3.40
172 146 7.0351 0.3838 5.1182 0.6279 0.262 0.530 5.08
173 146 7.1368 0.3772 4.9948 0.5724 0.250 0.709 5.77
174 147 7.2028 0.3856 4.9064 0.5890 0.253 0.742 7.08
175 147 7.1436 0.3941 4.5889 0.6415 0.269 0.683 3.55
176 148 7.0220 0.4070 4.6686 0.6432 0.278 0.566 4.43
177 148 7.2220 0.4049 4.2961 0.6059 0.281 0.714 2.57
178 149 7.1785 0.4081 4.4473 0.6143 0.300 0.640 2.27
179 149 7.1300 0.3942 4.2799 0.5781 0.303 0.728 6.70
180 150 7.4216 0.3891 4.1990 0.6024 0.291 0.616 3.49
181 150 7.2663 0.4016 4.4392 0.6387 0.309 0.672 5.51
182 151 7.2411 0.3968 4.1446 0.6304 0.322 0.657 3.34
183 151 7.2942 0.4162 4.5296 0.6372 0.341 0.733 2.22
184 152 7.1918 0.4011 4.7388 0.6938 0.353 0.750 3.48
185 152 7.1821 0.4098 5.1138 0.6337 0.369 0.624 5.28
186 153 7.3081 0.4259 4.7883 0.6454 0.372 0.597 5.57
187 153 7.2872 0.4032 4.7941 0.6165 0.409 0.654 3.42
188 154 7.4577 0.3872 5.2804 0.6166 0.419 0.533 5.60
189 154 7.3918 0.3800 5.3944 0.6440 0.422 0.624 11.80
190 155 7.4695 0.3875 5.4581 0.6335 0.438 0.541 14.02
191 155 7.4236 0.3924 5.2269 0.6424 0.428 0.666 5.72
192 156 7.6354 0.3913 5.2970 0.6802 0.406 0.706 4.58
193 156 7.5230 0.4031 5.3049 0.6282 0.403 0.667 4.87
194 157 7.5127 0.4149 5.1212 0.6509 0.413 0.756 5.36
195 157 7.4994 0.4159 5.2587 0.6616 0.397 0.756 3.58
196 158 7.6669 0.4233 5.5128 0.6724 0.384 0.696 2.87
197 158 7.7455 0.4128 5.7281 0.6568 0.341 0.758 2.82
198 159 7.7564 0.4032 5.1695 0.6020 0.319 0.562 4.59
199 159 7.6625 0.4031 5.2193 0.6201 0.319 0.675 7.57
200 160 7.7476 0.3947 4.9342 0.6648 0.322 0.542 3.46
201 160 7.8331 0.3814 5.0804 0.6709 0.316 0.740 4.46
202 161 7.8864 0.3954 5.0575 0.6529 0.319 0.695 4.13
203 161 7.8110 0.4003 5.1132 0.6058 0.309 0.600 2.74
204 162 7.9408 0.4015 5.2768 0.6650 0.291 0.644 6.55
205 162 7.7535 0.4043 5.0571 0.7155 0.297 0.559 3.19
206 163 8.1157 0.4225 4.8328 0.7114 0.266 0.746 5.88
207 163 7.7693 0.4135 4.7319 0.6508 0.284 0.686 9.77
208 164 8.0776 0.4147 4.7924 0.6821 0.281 0.772 3.54
209 164 8.0290 0.4231 4.6826 0.6515 0.272 0.682 3.94
210 165 8.0077 0.4187 5.2194 0.7169 0.278 0.646 5.41
211 165 8.1282 0.4023 5.3221 0.6768 0.278 0.689 3.86
212 166 7.8788 0.4024 5.7620 0.7147 0.294 0.666 4.09
213 166 8.1810 0.4054 5.6070 0.6578 0.284 0.645 6.47
214 167 8.1476 0.4077 5.5037 0.7162 0.288 0.663 4.18
215 167 8.0711 0.4103 5.9251 0.6978 0.275 0.739 4.07
216 168 8.1283 0.4059 6.0796 0.6465 0.294 0.761 5.20
217 168 8.2411 0.4146 6.3741 0.6613 0.281 0.727 3.56
218 169 8.2401 0.3946 6.1441 0.6520 0.284 0.682 4.93
219 169 8.1755 0.3940 6.1733 0.6811 0.288 0.692 8.57
220 170 8.2500 0.4025 6.0046 0.6737 0.272 0.570 4.57
221 170 8.1773 0.3875 6.1050 0.6303 0.281 0.729 10.07
222 171 8.1858 0.3977 5.5905 0.7140 0.269 0.740 5.91
223 171 8.4088 0.4162 5.7571 0.7014 0.278 0.724 4.16
224 172 8.3059 0.4140 6.1079 0.6437 0.275 0.735 6.13
225 172 8.4554 0.4255 5.8716 0.7185 0.275 0.686 5.56
226 173 8.3698 0.4278 5.8241 0.6987 0.281 0.672 6.18
227 173 8.3515 0.4210 5.5796 0.7400 0.284 0.684 12.16
228 174 8.5545 0.4215 5.7075 0.7454 0.278 0.739 3.51
229 174 8.5762 0.3933 5.5904 0.7146 0.256 0.738 5.27
230 175 8.3615 0.4087 5.2617 0.7194 0.263 0.676 1.95
231 175 8.6175 0.4026 5.2285 0.7229 0.250 0.577 3.18
232 176 8.7276 0.4064 5.6532 0.7645 0.237 0.680 3.81
233 176 8.6396 0.4138 5.5859 0.7795 0.237 0.702 3.58
234 177 8.5596 0.4097 5.5605 0.7829 0.247 0.771 4.59
235 177 8.5620 0.4138 5.5531 0.7752 0.253 0.704 5.52
236 178 8.7212 0.4241 5.7623 0.7653 0.244 0.627 3.34
237 178 8.6924 0.4275 6.3007 0.7840 0.241 0.523 8.12
238 179 8.6737 0.4173 6.5047 0.7450 0.253 0.663 5.16
239 179 8.8285 0.4216 7.1030 0.6919 0.278 0.678 3.58
240 180 8.6743 0.4182 7.4342 0.6953 0.291 0.578 5.91
241 180 8.7341 0.4071 7.2775 0.7512 0.300 0.747 4.27
242 181 8.8212 0.4261 7.1853 0.7605 0.303 0.740 4.06
243 181 8.9542 0.4199 7.1291 0.7710 0.294 0.748 3.53
244 182 8.9487 0.4162 6.8609 0.7279 0.278 0.715 4.81
245 182 8.8568 0.4266 6.5869 0.7059 0.269 0.637 3.77
246 183 8.9788 0.4234 6.6562 0.7555 0.272 0.705 3.63
247 183 8.7060 0.4153 6.2036 0.7499 0.275 0.573 5.81
248 184 8.9953 0.4204 5.9321 0.7379 0.263 0.676 5.87
249 184 9.0451 0.4177 5.2965 0.7102 0.253 0.674 4.37
250 185 9.0334 0.4041 5.2641 0.7944 0.234 0.777 9.79
251 185 9.0545 0.4221 5.5589 0.8003 0.228 0.693 7.41
252 186 8.9763 0.4420 5.4609 0.7946 0.247 0.749 5.08
253 186 9.0864 0.4269 5.5925 0.7322 0.263 0.644 2.80
254 187 9.0789 0.4347 5.8060 0.7264 0.266 0.677 3.27
255 187 9.0080 0.4445 6.1807 0.8056 0.284 0.640 2.13
256 188 9.1047 0.4459 5.9927 0.7427 0.300 0.713 5.35
257 188 9.1865 0.4409 6.1140 0.7958 0.303 0.691 1.57
258 189 9.2422 0.4252 6.1637 0.8513 0.297 0.630 4.43
259 189 9.1462 0.4295 6.2038 0.8228 0.313 0.774 6.26
260 190 9.2323 0.4287 6.2841 0.7358 0.309 0.661 2.08
261 190 9.2948 0.4188 5.8478 0.7584 0.309 0.718 4.53
262 191 9.2801 0.4301 5.9616 0.8654 0.294 0.625 6.69
263 191 9.1841 0.4517 6.1886 0.7560 0.297 0.718 3.28
264 192 9.2774 0.4380 6.4578 0.8401 0.312 0.768 3.67
265 192 9.1664 0.4321 5.9577 0.7039 0.306 0.635 4.14
266 193 9.2690 0.4268 5.7064 0.8508 0.316 0.678 4.40
267 193 9.4118 0.4278 5.2973 0.8279 0.309 0.750 4.03
268 194 9.5836 0.4330 5.3450 0.8443 0.319 0.694 4.38
269 194 9.4168 0.4314 5.4315 0.8335 0.322 0.771 6.90
270 195 9.5142 0.4264 5.3439 0.8493 0.325 0.704 4.59
271 195 9.4426 0.4589 5.8648 0.7810 0.344 0.676 4.58
272 196 9.5468 0.4578 6.2101 0.8486 0.347 0.681 3.18
273 196 9.5509 0.4491 5.8983 0.8024 0.350 0.724 4.32
274 197 9.5707 0.4351 5.4780 0.8592 0.350 0.685 4.92
275 197 9.4619 0.4330 5.3288 0.8600 0.347 0.680 5.09
276 198 9.6838 0.4373 5.5997 0.8369 0.325 0.740 4.84
277 198 9.5665 0.4471 5.8041 0.7987 0.328 0.736 5.85
278 199 9.6529 0.4380 5.8001 0.9039 0.338 0.757 5.93
279 199 9.8163 0.4554 6.1747 0.8858 0.325 0.706 3.65
280 200 9.7339 0.4598 6.2341 0.8476 0.334 0.767 3.82
281 200 9.8522 0.4482 5.9283 0.8611 0.325 0.754 5.19
282 201 9.7800 0.4455 5.4341 0.9333 0.334 0.791 3.48
283 201 9.7686 0.4340 5.0484 0.8913 0.325 0.731 5.67
284 202 9.9422 0.4316 4.8262 0.7703 0.309 0.689 9.90
285 202 9.8623 0.4118 4.8280 0.8003 0.306 0.731 6.11
286 203 9.9425 0.4464 4.6154 0.8216 0.313 0.733 5.01
287 203 10.0070 0.4521 4.6187 0.7966 0.306 0.727 6.88
288 204 9.9143 0.4589 4.8336 0.7716 0.300 0.706 5.09
289 204 9.8955 0.4488 4.6833 0.7875 0.306 0.720 4.52
290 205 10.1426 0.4433 4.7498 0.8091 0.291 0.615 4.78
291 205 9.9440 0.4396 4.9619 0.7875 0.294 0.725 2.93
292 206 10.1434 0.4474 4.8796 0.8123 0.275 0.778 10.48
293 206 10.0927 0.4563 5.0009 0.8886 0.278 0.744 3.41
294 207 9.9379 0.4730 5.1458 0.8982 0.291 0.625 3.21
295 207 9.9399 0.4629 5.6924 0.8748 0.306 0.789 6.37
296 208 10.1678 0.4624 6.1261 0.8877 0.312 0.722 4.19
297 208 10.0773 0.4540 6.0197 0.9234 0.319 0.754 2.68
298 209 10.1442 0.4689 6.2397 0.8683 0.338 0.611 2.88
299 209 10.2790 0.4423 5.9189 0.8921 0.328 0.648 5.46
300 210 10.3248 0.4347 5.6620 0.8551 0.328 0.560 6.36
301 210 10.2509 0.4507 5.4988 0.9028 0.325 0.665 4.22
302 211 10.4526 0.4703 5.5929 0.9292 0.322 0.791 6.19
303 211 10.2277 0.4636 5.8479 0.9127 0.338 0.676 8.54
304 212 10.3300 0.4506 5.7293 0.8642 0.325 0.517 4.17
305 212 10.2081 0.4510 5.3950 0.9046 0.316 0.758 4.99
306 213 10.3516 0.4385 4.7294 0.8617 0.322 0.692 3.24
307 213 10.2133 0.4821 5.0998 0.8741 0.344 0.686 2.55
308 214 10.4226 0.4626 4.5476 0.8926 0.334 0.705 4.79
309 214 10.3609 0.4895 4.8247 0.9020 0.341 0.817 3.19
310 215 10.3670 0.4786 4.6782 0.9859 0.366 0.795 4.87
311 215 10.5828 0.4652 4.3512 0.9526 0.356 0.826 3.22
312 216 10.4626 0.4573 4.4912 0.8430 0.372 0.497 6.55
313 216 10.5458 0.4704 4.2949 0.8890 0.369 0.734 5.29
314 217 10.4805 0.4704 4.1263 0.9228 0.378 0.746 3.68
315 217 10.5246 0.4677 4.2748 0.9051 0.381 0.708 3.16
316 218 10.6925 0.4683 4.6332 0.9600 0.369 0.701 7.31
317 218 10.4866 0.4669 4.2322 0.9182 0.350 0.731 5.93
318 219 10.6934 0.4875 4.6056 0.9082 0.350 0.712 5.36
319 219 10.5984 0.4774 4.6980 0.8745 0.356 0.658 2.89
320 220 10.8422 0.4880 4.6299 0.9807 0.338 0.705 2.75
321 220 10.7667 0.4717 4.7793 0.9117 0.341 0.759 1.90
322 221 10.8117 0.4587 4.5387 0.9024 0.341 0.709 3.44
323 221 10.9107 0.4642 4.8023 0.9709 0.319 0.738 4.04
324 222 10.7760 0.4868 5.2340 0.9330 0.322 0.668 4.52
325 222 10.9496 0.4675 4.7775 0.8905 0.297 0.818 6.84
326 223 10.8931 0.5074 5.1303 0.9050 0.294 0.760 4.51
327 223 10.9627 0.4817 5.7550 0.9589 0.288 0.699 6.16
328 224 10.9194 0.4853 5.8205 0.9086 0.297 0.814 4.99
329 224 10.9718 0.4521 5.3273 0.9730 0.278 0.782 4.24
330 225 11.0144 0.4635 5.2460 0.9759 0.281 0.820 3.81
331 225 10.9337 0.4698 5.4799 0.8882 0.300 0.622 5.84
332 226 10.9871 0.4665 5.4935 0.9388 0.300 0.647 5.02
333 226 10.9072 0.4712 5.1663 0.9729 0.316 0.726 5.65
334 227 11.1813 0.4937 4.9668 0.8676 0.300 0.727 3.11
335 227 11.0991 0.4637 5.1856 0.9066 0.316 0.712 6.64
336 228 11.2502 0.4689 4.5811 0.9084 0.316 0.544 14.99
337 228 11.0658 0.4930 3.9069 0.9099 0.325 0.753 2.68
338 229 11.1751 0.5026 3.6585 0.9139 0.322 0.751 2.16
339 229 11.0201 0.5117 4.0033 0.9881 0.353 0.641 3.40
340 230 11.3426 0.4946 4.1425 0.9680 0.344 0.809 4.67
341 230 11.2468 0.4960 3.9125 0.9546 0.331 0.653 6.78
342 231 11.1567 0.4913 3.9842 1.0606 0.347 0.643 4.75
343 231 11.2220 0.4791 3.7769 0.9262 0.341 0.708 5.27
344 232 11.3162 0.5063 4.0118 0.9516 0.359 0.696 5.49
345 232 11.1115 0.4924 3.9478 1.0079 0.372 0.727 6.78
346 233 11.3711 0.5300 4.1330 0.9150 0.384 0.743 4.69
347 233 11.2485 0.4949 4.3816 0.9171 0.394 0.607 6.41
348 234 11.3063 0.5004 4.1402 1.0028 0.388 0.782 7.00
349 234 11.5664 0.4787 4.0349 0.9216 0.356 0.756 3.26
350 235 11.2052 0.4811 3.8422 0.9891 0.375 0.777 4.55
351 235 11.4184 0.4987 4.3715 1.0563 0.397 0.742 2.41
352 236 11.3674 0.4987 4.3125 0.9972 0.400 0.661 4.03
353 236 11.4323 0.5118 4.6267 0.9934 0.412 0.718 3.79
354 237 11.6436 0.4938 4.1340 0.9120 0.400 0.765 3.65
355 237 11.4377 0.4873 4.0736 0.9844 0.397 0.701 2.88
356 238 11.4220 0.5425 4.2836 0.9530 0.403 0.730 3.14
357 238 11.6558 0.4908 4.0041 0.9136 0.388 0.832 3.69
358 239 11.7462 0.5061 3.9564 0.9923 0.391 0.821 2.05
359 239 11.6859 0.5115 3.8304 1.0084 0.403 0.782 4.17
360 240 11.6712 0.5320 3.8849 1.0323 0.409 0.715 2.43
361 240 11.6365 0.4921 3.3067 0.9635 0.394 0.679 4.93
362 241 11.6799 0.5213 3.3094 1.0056 0.378 0.785 2.90
363 241 11.8312 0.5067 3.0563 0.8649 0.350 0.791 5.07
364 242 11.6652 0.5406 3.5974 1.0522 0.359 0.626 2.18
365 242 11.9651 0.5235 3.7245 1.0549 0.344 0.759 3.21
366 243 11.7848 0.5034 3.2169 0.9265 0.338 0.781 4.70
367 243 11.7961 0.5226 3.2294 1.0397 0.341 0.671 3.81
368 244 11.8375 0.5205 3.5066 0.9515 0.347 0.713 3.89
369 244 11.8913 0.5150 3.3658 0.9976 0.353 0.776 5.84
370 245 11.9757 0.5133 3.2948 1.0316 0.344 0.685 4.28
371 245 11.8056 0.5416 3.6815 0.9272 0.359 0.541 5.68
372 246 12.0233 0.5307 3.4779 0.9958 0.353 0.829 5.84
373 246 12.0182 0.5389 3.5476 1.0555 0.372 0.788 4.45
374 247 11.9232 0.5522 3.1360 1.1141 0.384 0.714 2.44
375 247 12.0757 0.5209 3.1103 1.0306 0.394 0.769 3.79
376 248 12.1658 0.5277 3.0208 1.0522 0.381 0.837 3.28
377 248 12.0378 0.5153 3.1233 1.0334 0.394 0.672 4.27
378 249 11.9850 0.5020 2.9069 1.0715 0.381 0.590 3.56
379 249 12.0744 0.5158 2.9104 1.1035 0.381 0.728 3.87
380 250 12.2127 0.5232 3.4291 1.0123 0.378 0.649 3.75
381 250 12.2455 0.5150 3.0105 1.0121 0.359 0.811 3.05
382 251 12.3899 0.5490 3.1726 1.0985 0.350 0.807 1.76
383 251 12.3328 0.5547 3.4144 1.0538 0.362 0.737 2.15
384 252 12.2951 0.5376 3.3051 1.0728 0.350 0.724 5.16
385 252 12.1247 0.5183 3.4469 1.0238 0.356 0.675 3.76
386 253 12.4231 0.5325 3.7633 0.9547 0.359 0.752 3.94
387 253 12.3766 0.5469 3.5785 1.0337 0.353 0.801 3.54
388 254 12.3974 0.5301 3.5161 1.0740 0.353 0.774 5.14
389 254 12.5549 0.5508 3.7938 1.0820 0.334 0.699 6.67
390 255 12.3397 0.5618 3.5232 1.0240 0.350 0.727 2.85
391 255 12.5745 0.5667 3.5940 1.1238 0.344 0.764 4.55
392 256 12.3737 0.5504 3.5063 1.0629 0.366 0.789 2.42
393 256 12.4487 0.5355 3.2309 0.9304 0.353 0.773 4.29
394 257 12.4521 0.5400 3.2540 1.0105 0.359 0.767 5.16
395 257 12.5758 0.5382 2.9503 0.9833 0.347 0.782 3.71
396 258 12.6690 0.5355 2.6339 1.1572 0.347 0.805 4.04
397 258 12.7034 0.5607 2.7501 1.1604 0.334 0.762 3.62
398 259 12.4916 0.5609 2.8687 1.0665 0.344 0.773 4.41
399 259 12.7306 0.5449 2.6773 1.1164 0.366 0.704 8.19
400 260 12.4812 0.5286 2.2952 1.0842 0.353 0.803 4.26
401 260 12.6109 0.5582 2.2877 1.0623 0.362 0.643 4.63
402 261 12.8913 0.5468 2.3332 1.1110 0.344 0.631 8.06
403 261 12.8289 0.5268 2.1709 1.0815 0.337 0.814 5.21
404 262 12.8029 0.5626 2.4418 1.1517 0.334 0.639 5.53
405 262 12.7253 0.5322 2.4869 1.1486 0.347 0.803 3.51
406 263 12.7738 0.5552 2.9763 1.1057 0.359 0.721 3.85
407 263 12.8888 0.5455 3.1133 1.0908 0.366 0.742 5.11
408 264 12.8777 0.5665 3.0686 1.0584 0.356 0.802 3.83
409 264 12.6383 0.5513 2.9591 1.1237 0.353 0.810 5.71
410 265 12.8597 0.5730 3.3288 1.1102 0.363 0.729 3.47
411 265 12.9140 0.5557 3.2028 1.1477 0.362 0.761 4.26
412 266 12.9094 0.5504 3.1874 1.0540 0.391 0.769 5.52
413 266 12.9653 0.5750 3.5738 1.0966 0.409 0.720 5.30
414 267 13.1151 0.5914 3.7203 1.0215 0.397 0.762 1.79
415 267 13.1747 0.5833 3.7944 1.1572 0.394 0.741 4.33
416 268 12.9329 0.5741 3.3981 1.1247 0.384 0.851 3.65
417 268 12.8994 0.5502 3.2454 1.0870 0.400 0.771 3.86
418 269 13.1059 0.5523 3.1857 1.0912 0.397 0.725 6.86
419 269 12.7792 0.5551 3.1399 1.1160 0.400 0.786 2.99
420 270 13.1775 0.5805 2.9642 1.0771 0.384 0.671 5.12
421 270 12.9944 0.5808 3.4825 1.1079 0.397 0.671 5.98
422 271 13.0964 0.5572 3.6649 1.1365 0.394 0.653 3.17
423 271 13.2414 0.5497 3.4209 1.0440 0.381 0.668 4.01
424 272 13.0928 0.5444 2.8775 1.1036 0.391 0.809 6.47
425 272 13.3310 0.5575 2.8985 1.0279 0.394 0.784 5.80
426 273 13.3257 0.5584 2.7603 1.1837 0.397 0.787 3.57
427 273 13.2774 0.5935 2.7444 1.0990 0.391 0.828 5.58
428 274 13.2687 0.5818 2.6815 1.0671 0.409 0.749 3.47
429 274 13.3354 0.5716 2.7034 1.1382 0.413 0.722 5.37
430 275 13.5177 0.6167 2.8307 1.1204 0.425 0.752 2.97
431 275 13.4244 0.6081 2.4444 1.0361 0.419 0.807 2.74
432 276 13.4798 0.5887 2.2869 1.2031 0.406 0.758 3.16
433 276 13.4367 0.5777 2.2125 1.2323 0.409 0.771 4.64
434 277 13.5682 0.5774 2.3390 1.2086 0.413 0.770 4.36
435 277 13.4732 0.5890 2.2364 1.1714 0.403 0.838 3.53
436 278 13.5999 0.5572 2.3451 1.1827 0.406 0.755 3.07
437 278 13.7063 0.6028 2.3443 1.2027 0.391 0.797 3.57
438 279 13.5206 0.6049 2.7008 1.1076 0.381 0.730 4.75
439 279 13.6599 0.5901 3.2261 1.2112 0.372 0.799 3.08
440 280 13.5222 0.5929 3.1199 1.0470 0.375 0.800 4.06
441 280 13.6940 0.5636 3.0508 1.1916 0.369 0.691 4.86
442 281 13.5499 0.5768 3.4068 1.1683 0.372 0.728 6.00
443 281 13.6565 0.5728 3.4849 1.0197 0.375 0.714 5.60
444 282 13.7441 0.5571 3.4844 1.2377 0.366 0.741 3.99
445 282 13.8449 0.5714 3.4909 1.1690 0.369 0.724 4.54
446 283 13.8583 0.5687 3.4321 1.2115 0.350 0.839 4.54
447 283 14.0192 0.5749 3.3004 1.1857 0.350 0.810 3.85
448 284 13.8915 0.5817 3.2561 1.1449 0.341 0.758 5.63
449 284 13.6782 0.5991 3.1395 1.1683 0.359 0.745 3.51
450 285 13.8418 0.6209 3.0319 1.1366 0.359 0.732 3.02
451 285 13.9406 0.5871 3.0081 1.1944 0.350 0.742 4.74
452 286 13.9986 0.6083 2.6239 1.1799 0.350 0.760 5.49
453 286 13.7423 0.6140 2.5090 1.2654 0.356 0.718 3.46
454 287 14.0619 0.5988 2.5166 1.0785 0.356 0.851 5.44
455 287 13.9124 0.6221 3.2205 1.1699 0.375 0.732 7.10
456 288 13.9668 0.6468 3.4597 1.2659 0.413 0.707 2.44
457 288 14.1335 0.6318 3.9978 1.2251 0.434 0.784 2.29
458 289 14.0723 0.6272 3.8933 1.2751 0.450 0.729 3.35
459 289 14.2905 0.6022 3.5305 1.2231 0.422 0.820 4.38
460 290 14.2059 0.6034 4.0646 1.3383 0.416 0.674 3.85
461 290 14.0699 0.6049 4.0732 1.2339 0.428 0.735 3.87
462 291 13.6768 0.6198 4.2304 1.0594 0.447 0.736 4.32
463 291 14.2178 0.5876 4.6315 1.2325 0.438 0.742 3.91
464 292 14.2506 0.6173 4.9529 1.1795 0.441 0.687 3.55
465 292 14.1769 0.5854 4.2163 1.2860 0.409 0.774 6.63
466 293 14.1156 0.5944 4.1517 1.2996 0.391 0.644 3.69
467 293 14.2088 0.6036 3.6364 1.1663 0.378 0.774 3.79
468 294 14.2351 0.5786 3.6002 1.2575 0.372 0.731 4.62
469 294 14.2864 0.6101 3.4965 1.2188 0.381 0.780 4.41
470 295 14.4588 0.6182 3.0732 1.2895 0.375 0.823 5.93
471 295 14.2580 0.5933 2.9294 1.3493 0.378 0.690 5.52
472 296 14.5567 0.6302 2.7972 1.2880 0.356 0.827 5.39
473 296 14.3539 0.6074 2.7050 1.2283 0.356 0.729 4.66
474 297 14.6347 0.6501 2.9068 1.2703 0.362 0.750 3.15
475 297 14.6354 0.6139 3.0497 1.2588 0.362 0.794 4.34
476 298 14.5154 0.6131 2.9031 1.2546 0.363 0.721 4.58
477 298 14.3472 0.6547 3.0167 1.2620 0.378 0.820 3.54
478 299 14.2644 0.6234 3.0436 1.3053 0.403 0.787 5.03
479 299 14.5253 0.6181 3.1797 1.2914 0.412 0.839 6.51
480 300 14.6529 0.6097 3.0882 1.3176 0.409 0.807 6.17
481 300 14.7322 0.5967 3.4934 1.3678 0.397 0.718 3.84
482 300 14.5217 0.6137 3.6444 1.2503 0.409 0.722 4.93
483 300 14.7753 0.6228 3.8072 1.2040 0.409 0.751 4.25
484 300 14.5084 0.6298 3.4582 1.2609 0.422 0.818 3.87
485 300 14.6400 0.5906 3.5893 1.2964 0.441 0.506 6.37
486 300 14.7514 0.6211 3.5913 1.3908 0.425 0.625 5.06
487 300 14.6335 0.5950 3.5095 1.1599 0.422 0.653 5.54
488 300 14.7061 0.5774 3.3363 1.1948 0.381 0.689 5.55
489 300 14.8014 0.5988 3.2748 1.0615 0.372 0.765 4.61
490 300 14.6209 0.5923 3.3376 1.3532 0.381 0.719 4.45
491 300 14.5519 0.6167 2.9469 1.2056 0.394 0.760 3.88
492 300 14.6460 0.6378 2.6031 1.4035 0.388 0.751 3.70
493 300 14.6949 0.6465 2.5268 1.1557 0.394 0.717 2.39
494 300 14.6172 0.6537 2.8789 1.3604 0.391 0.840 3.90
495 300 14.7010 0.6429 3.0935 1.2958 0.388 0.808 3.46
496 300 14.6603 0.6574 3.5266 1.1456 0.403 0.871 4.95
497 300 14.7464 0.6720 3.7328 1.3198 0.391 0.791 2.83
498 300 14.5707 0.6485 3.7835 1.3195 0.416 0.746 4.75
499 300 14.5854 0.6681 4.3396 1.2345 0.422 0.676 3.33
500 300 14.2135 0.6332 4.5756 1.2580 0.431 0.665 4.10
501 300 14.6976 0.6211 4.5387 1.2042 0.416 0.849 6.08
502 300 14.6135 0.6172 4.6472 1.1577 0.419 0.835 3.63
503 300 14.7314 0.6345 4.5632 1.3321 0.416 0.780 2.60
504 300 14.6436 0.6511 3.9729 1.2260 0.409 0.754 4.64
505 300 14.5984 0.6161 3.6179 1.2194 0.409 0.595 4.80
506 300 14.6166 0.6035 3.3188 1.2616 0.413 0.686 3.88
507 300 14.5889 0.6090 3.5317 1.1718 0.419 0.712 4.04
508 300 14.6712 0.6573 3.6326 1.1175 0.403 0.777 2.86
509 300 14.6938 0.6371 3.1975 1.1773 0.406 0.722 3.94
510 300 14.5612 0.6193 2.9724 1.3990 0.391 0.741 4.21
511 300 14.3493 0.6166 2.9934 1.2094 0.409 0.737 5.82
512 300 14.6327 0.6268 3.0134 1.2477 0.406 0.675 3.12
513 300 14.5374 0.5992 2.6428 1.2546 0.409 0.819 3.99
514 300 14.4210 0.6177 2.7108 1.1936 0.413 0.816 4.61
515 300 14.5360 0.6477 2.7783 1.2128 0.425 0.739 2.76
516 300 14.5875 0.6319 3.0041 1.1921 0.428 0.701 3.19
517 300 14.6234 0.6232 2.6608 1.2304 0.431 0.752 3.77
518 300 14.8318 0.6108 2.7534 1.2003 0.422 0.727 5.32
519 300 14.4938 0.6273 3.3972 1.2464 0.419 0.780 5.15
520 300 14.4896 0.6137 3.6138 1.1994 0.438 0.676 4.07
521 300 14.4710 0.6385 3.6823 1.2790 0.438 0.812 5.70
522 300 14.4541 0.6430 3.6007 1.2187 0.444 0.777 4.04
523 300 14.6024 0.6112 4.0252 1.2020 0.434 0.728 5.15
524 300 14.6231 0.6396 4.1044 1.2213 0.434 0.789 5.55
525 300 14.7088 0.6391 3.9535 1.2613 0.428 0.765 4.01
526 300 14.7413 0.6227 3.6733 1.3317 0.416 0.803 5.40
527 300 14.6468 0.6280 3.4842 1.1349 0.397 0.837 3.64
528 300 14.5055 0.6025 3.2343 1.2921 0.419 0.768 4.39
529 300 14.6281 0.6343 2.6990 1.2023 0.422 0.640 4.02
530 300 14.5770 0.6521 2.4043 1.0876 0.413 0.780 4.39
531 300 14.5729 0.6418 2.8712 1.2435 0.416 0.746 3.45
532 300 14.6089 0.6449 3.1681 1.1346 0.406 0.768 3.41
533 300 14.5177 0.6276 2.7768 1.4038 0.409 0.778 5.44
534 300 14.7770 0.6410 2.8381 1.2003 0.400 0.798 5.32
535 300 14.4819 0.6375 2.7402 1.1149 0.403 0.807 2.18
536 300 14.5559 0.6339 2.8204 1.3260 0.419 0.833 5.65
537 300 14.5709 0.6313 3.0112 1.1728 0.438 0.852 3.92
538 300 14.5982 0.6413 3.0853 1.2165 0.450 0.711 2.69
539 300 14.4696 0.6344 3.0118 1.2336 0.459 0.717 4.15
540 300 14.5974 0.6250 2.9377 1.2561 0.453 0.756 4.93
541 300 14.6307 0.6252 2.5404 1.1661 0.447 0.697 3.65
542 300 14.7073 0.6228 2.2145 1.3166 0.447 0.720 3.38
543 300 14.5674 0.6344 2.1988 1.2589 0.450 0.751 4.02
544 300 14.7187 0.6128 1.9555 1.1700 0.450 0.767 3.86
545 300 14.4223 0.6493 1.9796 1.2523 0.453 0.825 3.49
546 300 14.7681 0.6296 1.7464 1.3146 0.441 0.792 5.59
547 300 14.4828 0.6231 1.8499 1.2008 0.447 0.746 2.98
548 300 14.5160 0.6532 1.7604 1.2417 0.437 0.791 4.08
549 300 14.5048 0.6409 1.9520 1.2245 0.431 0.682 4.04
550 300 14.5842 0.6543 2.2713 1.2862 0.434 0.595 4.45
551 300 14.5540 0.6312 2.2010 1.2869 0.438 0.767 4.16
552 300 14.6499 0.6420 2.2872 1.2038 0.438 0.783 4.83
553 300 14.5377 0.6472 2.6210 1.2277 0.450 0.656 4.92
554 300 14.6497 0.6065 2.6625 1.3360 0.447 0.742 6.13
555 300 14.6359 0.6182 2.8582 1.1597 0.444 0.722 5.41
556 300 14.4885 0.6049 2.8749 1.2398 0.456 0.779 3.34
557 300 14.7583 0.6266 2.7729 1.3030 0.441 0.747 3.62
558 300 14.5739 0.6004 2.6671 1.1551 0.422 0.800 4.37
559 300 14.5921 0.6520 2.3642 1.3317 0.419 0.823 2.53
560 300 14.4937 0.6400 2.2506 1.3163 0.428 0.781 5.60
561 300 14.3860 0.6385 2.6843 1.3025 0.441 0.749 4.48
562 300 14.4247 0.6313 2.7254 1.2441 0.450 0.783 2.51
563 300 14.6233 0.6547 3.0131 1.1501 0.441 0.690 3.68
564 300 14.5566 0.6051 2.9775 1.2072 0.444 0.775 4.29
565 300 14.4378 0.6274 2.8353 1.1669 0.441 0.763 5.30
566 300 14.4344 0.6097 2.9895 1.1715 0.434 0.786 5.30
567 300 14.7685 0.6297 2.9194 1.2163 0.434 0.777 5.17
568 300 14.5794 0.6272 3.2157 1.2252 0.459 0.756 3.88
569 300 14.3449 0.5992 3.0822 1.3018 0.459 0.748 3.46
570 300 14.6071 0.6339 2.8617 1.1132 0.456 0.706 3.70
571 300 14.6461 0.6371 2.6335 1.1053 0.450 0.710 4.11
572 300 14.5588 0.6269 2.4995 1.2371 0.447 0.844 5.01
573 300 14.4513 0.6340 1.8790 1.1411 0.456 0.795 4.38
574 300 14.7162 0.6478 1.8717 1.2014 0.450 0.789 3.10
575 300 14.6168 0.6322 2.1409 1.1450 0.444 0.657 4.47
576 300 14.6312 0.6613 1.9876 1.2879 0.447 0.836 3.15
577 300 14.5282 0.6409 1.8983 1.1444 0.466 0.863 3.63
578 300 14.6191 0.6576 1.7704 1.1426 0.466 0.787 3.08
579 300 14.6674 0.6338 1.7992 1.1964 0.456 0.837 7.06
580 300 14.5378 0.6426 1.9706 1.3535 0.459 0.786 4.10
581 300 14.5528 0.6526 2.6458 1.2121 0.453 0.740 5.79
582 300 14.5606 0.6516 3.0393 1.2380 0.462 0.788 4.78
583 300 14.7139 0.6321 3.0824 1.1538 0.441 0.766 3.76
584 300 14.7403 0.6203 3.0690 1.3450 0.441 0.789 3.66
585 300 14.7523 0.6478 2.7238 1.1972 0.438 0.755 4.54
586 300 14.6133 0.6530 2.8541 1.2353 0.434 0.770 4.09
587 300 14.6667 0.6265 2.9252 1.3217 0.413 0.773 2.91
588 300 14.5972 0.6672 3.1299 1.2844 0.413 0.733 2.23
589 300 14.7212 0.6281 3.3200 1.1985 0.409 0.803 3.08
590 300 14.7041 0.6354 3.7122 1.2734 0.397 0.714 3.38
591 300 14.5145 0.6011 2.7132 1.2583 0.384 0.832 3.02
592 300 14.6718 0.6349 2.3623 1.3454 0.372 0.785 6.83
593 300 14.5274 0.6030 2.3618 1.3194 0.381 0.766 2.58
594 300 14.2477 0.6239 2.4641 1.1629 0.419 0.757 5.15
595 300 14.5847 0.6083 2.5713 1.2691 0.434 0.724 3.34
596 300 14.5314 0.6182 2.6432 1.2626 0.444 0.745 3.63
597 300 14.6766 0.6197 2.6055 1.2865 0.450 0.789 5.35
598 300 14.6110 0.6508 2.3013 1.3165 0.437 0.783 2.58
599 300 14.5995 0.6226 2.4208 1.2767 0.441 0.770 3.21
600 300 14.7248 0.6200 1.9555 1.1421 0.441 0.747 3.61
