it n time energy barrier aux reached lf_min al_max
0 60 25.5661 0.2966 1.6933 0.2682 0.062 0.582 11.21
1 60 23.6405 0.2896 1.7787 0.2453 0.066 0.561 13.81
2 61 24.0400 0.2773 1.8249 0.2476 0.066 0.553 7.26
3 61 22.7949 0.2565 1.9036 0.2579 0.062 0.575 11.19
4 62 23.9764 0.3428 2.0183 0.2459 0.059 0.590 14.95
5 62 26.0289 0.3040 2.0774 0.2489 0.053 0.593 13.88
6 63 26.1847 0.3335 2.1181 0.2644 0.050 0.544 13.49
7 63 27.2504 0.3212 2.1547 0.2603 0.044 0.527 7.12
8 64 28.4505 0.3040 2.1886 0.2482 0.038 0.594 12.64
9 64 28.6159 0.3337 2.2225 0.2670 0.031 0.552 10.31
10 65 31.1876 0.3645 2.1649 0.2864 0.025 0.687 9.80
11 65 26.6087 0.3007 2.0951 0.2686 0.016 0.670 14.95
12 66 24.4323 0.3078 2.0890 0.2807 0.009 0.486 8.85
13 66 27.0201 0.2864 1.9707 0.2569 0.009 0.700 8.75
14 67 27.4970 0.3511 1.8047 0.2696 0.009 0.675 10.52
15 67 26.3527 0.3338 1.6887 0.2563 0.009 0.682 9.27
16 68 27.2204 0.3140 1.6281 0.2957 0.013 0.638 7.22
17 68 28.9728 0.3132 1.5853 0.2745 0.013 0.634 13.37
18 69 28.0265 0.2867 1.5489 0.2815 0.016 0.635 10.28
19 69 25.9247 0.3205 1.5876 0.3094 0.016 0.613 13.25
20 70 28.7296 0.3752 1.6336 0.2893 0.016 0.641 6.43
21 70 28.6344 0.3215 1.5988 0.2758 0.019 0.686 10.86
22 71 25.7205 0.3875 1.5546 0.3066 0.025 0.703 8.46
23 71 28.3819 0.4048 1.6163 0.3156 0.031 0.673 10.96
24 72 29.0560 0.3718 1.6813 0.2988 0.031 0.595 8.00
25 72 29.1212 0.3654 1.6713 0.2779 0.031 0.683 5.32
26 73 28.9460 0.3955 1.6499 0.2862 0.031 0.699 9.32
27 73 30.5224 0.3758 1.6484 0.3337 0.031 0.622 8.36
28 74 29.0620 0.4022 1.6306 0.3108 0.034 0.622 10.35
29 74 28.9868 0.3805 1.5399 0.2928 0.038 0.667 5.21
30 75 26.8510 0.4039 1.4681 0.3085 0.050 0.771 3.52
31 75 29.0438 0.3807 1.4832 0.2719 0.050 0.596 8.43
32 76 30.9059 0.4052 1.5077 0.3355 0.044 0.619 6.21
33 76 29.7147 0.4204 1.4990 0.3346 0.038 0.497 5.36
34 77 29.0291 0.4405 1.4331 0.3528 0.041 0.668 5.77
35 77 28.4027 0.3739 1.5736 0.3430 0.047 0.603 6.07
36 78 28.8367 0.4207 1.7140 0.3283 0.050 0.625 6.73
37 78 29.6691 0.4157 1.7873 0.3181 0.056 0.561 10.32
38 79 30.1262 0.4659 1.7676 0.3495 0.053 0.753 9.16
39 79 30.1990 0.4135 1.7746 0.3146 0.056 0.639 6.68
40 80 30.8137 0.4659 1.9209 0.3352 0.047 0.487 5.03
41 80 33.8828 0.4613 1.8932 0.3359 0.044 0.625 6.37
42 81 32.0086 0.4069 1.9423 0.3343 0.044 0.565 5.90
43 81 27.7867 0.4270 1.9188 0.3381 0.053 0.661 8.31
44 82 28.2196 0.4153 2.0160 0.3330 0.059 0.668 5.41
45 82 30.6562 0.4376 1.9716 0.3667 0.056 0.588 5.22
46 83 29.1713 0.4424 2.0003 0.3425 0.056 0.639 10.78
47 83 28.9058 0.4238 1.9248 0.3297 0.056 0.532 6.20
48 84 27.5306 0.4312 2.0500 0.3632 0.069 0.599 6.37
49 84 26.9414 0.4284 2.1633 0.3405 0.078 0.616 8.65
50 85 29.8324 0.4421 2.1564 0.3377 0.078 0.679 7.48
51 85 31.0269 0.4333 2.4366 0.3891 0.084 0.525 9.69
52 86 30.0637 0.4354 2.4641 0.3334 0.100 0.597 9.04
53 86 29.9578 0.4708 2.5857 0.3297 0.094 0.619 7.40
54 87 30.0607 0.4333 2.5713 0.3530 0.091 0.748 5.32
55 87 29.1354 0.4737 2.5640 0.3688 0.097 0.738 6.90
56 88 30.7899 0.4930 2.5334 0.3843 0.109 0.451 6.49
57 88 25.8847 0.4624 2.5391 0.3659 0.131 0.787 7.64
58 89 30.1242 0.4831 2.5881 0.3783 0.138 0.701 8.06
59 89 26.5944 0.4489 2.5345 0.4231 0.150 0.597 5.98
60 90 28.9315 0.4424 2.6516 0.3520 0.175 0.590 5.50
61 90 27.9874 0.4728 2.5249 0.3890 0.181 0.611 8.55
62 91 29.6244 0.4896 2.4775 0.3782 0.188 0.666 6.29
63 91 29.9132 0.4827 2.5600 0.3673 0.191 0.606 8.36
64 92 28.9805 0.4646 2.7608 0.3844 0.200 0.494 7.97
65 92 27.6392 0.4808 2.8140 0.3825 0.213 0.624 11.32
66 93 28.3937 0.4911 2.8792 0.3816 0.206 0.511 9.29
67 93 31.4874 0.4756 2.9314 0.3766 0.184 0.655 9.47
68 94 31.3439 0.4990 2.9401 0.3825 0.175 0.642 9.95
69 94 29.4497 0.4812 3.0680 0.3939 0.163 0.593 10.32
70 95 27.9961 0.5073 2.9699 0.4120 0.172 0.614 6.50
71 95 28.5010 0.5230 2.8426 0.4052 0.194 0.697 6.74
72 96 26.9374 0.5003 2.9842 0.4186 0.206 0.595 8.42
73 96 26.0357 0.4942 2.8962 0.3851 0.222 0.566 7.88
74 97 29.6313 0.5082 2.8841 0.3880 0.241 0.515 7.46
75 97 29.7590 0.5287 2.9725 0.3938 0.250 0.638 6.39
76 98 29.2198 0.5270 3.0387 0.3999 0.269 0.601 7.33
77 98 32.1245 0.5302 3.1114 0.4014 0.300 0.606 5.51
78 99 30.3310 0.5262 3.0341 0.3899 0.328 0.592 10.56
79 99 28.8239 0.5371 2.9101 0.3689 0.356 0.635 7.74
80 100 30.2097 0.5486 2.9648 0.4134 0.363 0.583 6.38
81 100 29.5492 0.5382 3.0002 0.4965 0.372 0.701 8.40
82 101 29.3275 0.5299 2.9369 0.4348 0.381 0.657 6.24
83 101 29.6154 0.5491 3.0278 0.3883 0.416 0.601 8.38
84 102 27.8603 0.5644 3.0154 0.4058 0.431 0.518 7.16
85 102 30.1421 0.5289 3.0233 0.3944 0.428 0.653 11.61
86 103 25.7345 0.5679 2.9414 0.4226 0.444 0.596 9.86
87 103 28.7836 0.5659 3.1387 0.4476 0.453 0.445 9.23
88 104 26.6486 0.5532 3.2165 0.4613 0.459 0.608 7.62
89 104 30.7751 0.5675 3.2832 0.4503 0.453 0.672 9.64
90 105 25.8327 0.5935 3.1786 0.3887 0.472 0.738 8.82
91 105 29.9763 0.5720 3.3455 0.4418 0.469 0.570 8.84
92 106 30.2541 0.5584 3.4338 0.4409 0.462 0.641 9.81
93 106 29.4025 0.5547 3.4819 0.4073 0.431 0.489 6.60
94 107 29.7147 0.5577 3.5522 0.3935 0.413 0.552 5.28
95 107 29.0336 0.5749 3.6510 0.4223 0.416 0.642 6.46
96 108 29.2969 0.5762 3.8123 0.4592 0.409 0.371 8.06
97 108 26.8750 0.5733 3.6755 0.4052 0.406 0.662 9.14
98 109 29.5836 0.5604 3.7360 0.4726 0.394 0.618 9.07
99 109 28.8657 0.5529 3.8792 0.4538 0.394 0.581 7.24
100 110 29.4412 0.5526 4.1965 0.4313 0.378 0.570 6.52
101 110 30.6052 0.5574 4.3338 0.4347 0.369 0.530 9.32
102 111 27.6094 0.5781 4.2831 0.4527 0.369 0.703 9.62
103 111 26.4828 0.5708 4.3160 0.4453 0.397 0.617 10.50
104 112 28.9791 0.5532 4.2258 0.4199 0.409 0.658 11.69
105 112 27.1369 0.5224 4.1907 0.4782 0.428 0.682 5.75
106 113 30.6942 0.5326 4.2125 0.4982 0.422 0.551 13.07
107 113 28.7494 0.5420 4.2834 0.5000 0.431 0.642 9.96
108 114 28.7398 0.5485 4.4083 0.4788 0.431 0.498 7.61
109 114 26.9696 0.5570 4.5065 0.4733 0.453 0.600 6.85
110 115 26.6817 0.5488 4.4767 0.4503 0.453 0.519 10.76
111 115 27.2784 0.5335 4.4332 0.4798 0.466 0.592 9.04
112 116 26.4466 0.5119 4.4749 0.5230 0.472 0.668 14.90
113 116 27.6292 0.5265 4.4251 0.5160 0.466 0.481 6.81
114 117 28.5230 0.5182 4.3563 0.4551 0.463 0.746 7.72
115 117 30.6761 0.5197 4.6211 0.4767 0.438 0.489 8.76
116 118 28.2202 0.5085 4.4646 0.4721 0.438 0.552 8.35
117 118 27.4574 0.5209 4.3781 0.4622 0.428 0.706 8.55
118 119 27.3271 0.5328 4.3692 0.4949 0.438 0.662 7.91
119 119 27.1695 0.4855 4.4164 0.4602 0.434 0.536 14.52
120 120 27.2785 0.5257 4.2672 0.4879 0.453 0.670 13.01
121 120 27.2442 0.4839 4.1967 0.5340 0.459 0.625 9.79
122 121 27.0345 0.4872 4.1629 0.4762 0.447 0.623 7.50
123 121 25.8247 0.5118 4.4241 0.5069 0.459 0.464 9.84
124 122 25.3276 0.5340 4.6533 0.5040 0.472 0.410 11.70
125 122 26.5578 0.4946 4.3897 0.4976 0.503 0.422 8.20
126 123 26.1307 0.5317 4.5617 0.5381 0.534 0.588 7.73
127 123 25.7316 0.5043 4.8784 0.5486 0.547 0.512 6.71
128 124 24.7766 0.5121 4.8749 0.5680 0.553 0.509 5.39
129 124 26.6558 0.4846 4.8742 0.5578 0.569 0.692 7.67
130 125 27.3173 0.4776 4.9819 0.4998 0.550 0.677 7.81
131 125 26.3073 0.5003 5.0667 0.5066 0.547 0.531 8.60
132 126 25.1102 0.5223 5.2096 0.5488 0.584 0.692 11.24
133 126 26.0670 0.5044 5.0491 0.5456 0.591 0.581 9.83
134 127 23.8682 0.4245 4.9124 0.4966 0.603 0.577 11.39
135 127 24.9542 0.4704 5.0095 0.5023 0.616 0.529 8.10
136 128 27.4937 0.4604 5.1348 0.5361 0.594 0.574 9.25
137 128 25.6890 0.5114 5.0075 0.5498 0.597 0.528 8.62
138 129 26.2333 0.5268 4.8498 0.5711 0.600 0.663 6.64
139 129 25.2302 0.4963 4.8980 0.5582 0.594 0.377 9.79
140 130 27.8240 0.4881 5.2159 0.5823 0.600 0.475 12.69
141 130 27.9938 0.4915 5.4203 0.5039 0.609 0.436 10.97
142 131 27.9584 0.5039 5.4975 0.5633 0.600 0.580 9.74
143 131 26.4525 0.5081 5.6600 0.5816 0.584 0.447 12.85
144 132 27.7500 0.5199 5.6095 0.5228 0.553 0.608 8.73
145 132 28.6375 0.4958 5.4499 0.5610 0.544 0.692 9.25
146 133 25.7916 0.5672 5.2933 0.5630 0.550 0.458 10.09
147 133 26.5421 0.5150 5.1726 0.5348 0.541 0.604 7.59
148 134 26.9133 0.5200 5.5269 0.5558 0.534 0.523 7.90
149 134 24.7615 0.5826 5.3106 0.5882 0.534 0.532 7.06
150 135 28.5457 0.5415 5.1954 0.5978 0.556 0.492 14.32
151 135 26.5949 0.4883 4.9137 0.5913 0.556 0.440 9.66
152 136 26.1000 0.5506 4.8116 0.5410 0.563 0.607 9.43
153 136 30.7448 0.5486 4.7171 0.5942 0.553 0.538 13.48
154 137 27.7682 0.5441 5.0290 0.5697 0.575 0.516 8.70
155 137 26.3063 0.5547 5.1163 0.5729 0.575 0.665 10.68
156 138 27.5705 0.5772 5.2058 0.5903 0.572 0.323 5.48
157 138 27.3283 0.5649 5.2252 0.5590 0.581 0.569 11.93
158 139 26.6457 0.5545 5.0503 0.5237 0.581 0.510 10.33
159 139 26.3869 0.5330 5.4005 0.5611 0.588 0.500 9.46
160 140 26.3850 0.5414 5.2575 0.6017 0.572 0.495 10.35
161 140 27.6288 0.5470 5.4822 0.6116 0.584 0.541 13.51
162 141 26.6701 0.5723 5.4578 0.6069 0.588 0.489 9.78
163 141 29.1814 0.5447 5.3597 0.5859 0.597 0.624 11.30
164 142 26.6800 0.5283 5.1605 0.6103 0.597 0.582 12.34
165 142 27.5696 0.5269 5.2541 0.6172 0.587 0.606 11.26
166 143 28.2798 0.5139 5.2892 0.5501 0.612 0.570 9.88
167 143 28.2929 0.5651 5.7878 0.6036 0.609 0.358 10.54
168 144 27.5540 0.5890 5.7780 0.6613 0.628 0.581 9.37
169 144 26.4968 0.5916 5.6203 0.5581 0.622 0.505 8.50
170 145 26.8300 0.5764 5.7773 0.6150 0.625 0.542 12.22
171 145 27.3362 0.5232 5.6520 0.5677 0.616 0.431 13.34
172 146 27.5192 0.6179 5.8182 0.6283 0.625 0.429 7.54
173 146 27.2283 0.5918 5.7375 0.5714 0.638 0.670 10.07
174 147 28.4599 0.5549 5.8145 0.5879 0.650 0.419 7.74
175 147 27.8736 0.6164 5.6901 0.6462 0.672 0.650 10.48
176 148 27.7783 0.6544 5.6674 0.6446 0.675 0.631 8.42
177 148 27.2593 0.5816 5.0959 0.6075 0.684 0.707 10.07
178 149 26.2791 0.6025 5.1357 0.6225 0.688 0.578 8.05
179 149 26.5550 0.6278 5.2011 0.5814 0.675 0.574 10.66
180 150 27.8147 0.6607 5.0735 0.6030 0.666 0.612 10.34
181 150 28.7873 0.6054 5.2470 0.6416 0.666 0.465 12.63
182 151 27.5855 0.5869 5.0039 0.6288 0.666 0.658 8.65
183 151 29.1437 0.6440 5.3429 0.6364 0.659 0.403 7.19
184 152 26.2807 0.6337 5.3258 0.6933 0.641 0.447 9.86
185 152 26.0201 0.6786 5.5625 0.6292 0.656 0.397 6.83
186 153 27.5600 0.6326 5.4736 0.6480 0.650 0.575 9.72
187 153 27.3248 0.7243 5.4130 0.6212 0.663 0.636 5.66
188 154 28.1942 0.5824 5.5546 0.6144 0.662 0.381 11.46
189 154 27.3209 0.6086 5.4279 0.6476 0.666 0.548 13.76
190 155 28.7421 0.6360 5.5098 0.6337 0.678 0.477 11.72
191 155 29.9041 0.6450 5.3601 0.6407 0.669 0.418 10.58
192 156 29.3773 0.5778 5.5080 0.6856 0.641 0.504 9.54
193 156 29.6963 0.5558 5.4410 0.6355 0.641 0.563 13.37
194 157 27.8400 0.6096 5.3288 0.6504 0.656 0.609 13.61
195 157 28.8419 0.6229 5.3920 0.6632 0.631 0.344 10.78
196 158 27.4512 0.6287 5.6295 0.6789 0.603 0.450 8.93
197 158 30.6626 0.6372 5.9746 0.6568 0.581 0.436 10.03
198 159 29.7224 0.6095 5.7636 0.6010 0.559 0.601 12.19
199 159 28.3171 0.6116 5.7657 0.6151 0.584 0.549 7.92
200 160 28.5422 0.6473 5.5443 0.6701 0.578 0.614 12.32
201 160 29.6242 0.6665 5.5488 0.6834 0.581 0.405 10.90
202 161 28.3605 0.6784 5.4116 0.6560 0.603 0.602 9.45
203 161 28.4295 0.6681 5.5120 0.6115 0.631 0.509 5.73
204 162 27.2379 0.6961 5.7088 0.6813 0.622 0.604 12.37
205 162 26.8287 0.6978 5.7444 0.7234 0.637 0.423 8.74
206 163 32.0735 0.7175 5.5230 0.7223 0.641 0.505 10.31
207 163 28.3633 0.7015 5.4165 0.6514 0.644 0.523 10.92
208 164 29.2835 0.6924 5.5564 0.6861 0.663 0.553 11.46
209 164 29.9578 0.6329 5.6743 0.6558 0.663 0.351 8.69
210 165 28.4538 0.6641 6.1349 0.7187 0.678 0.591 10.81
211 165 30.0372 0.6696 6.3345 0.6772 0.688 0.399 9.71
212 166 30.0904 0.6743 6.7479 0.7203 0.697 0.487 10.90
213 166 29.8569 0.7247 6.5547 0.6630 0.675 0.509 11.35
214 167 28.9276 0.7292 6.6351 0.7131 0.684 0.550 12.54
215 167 28.5914 0.7827 7.0048 0.6940 0.669 0.305 11.69
216 168 29.0168 0.6955 7.0950 0.6547 0.694 0.474 12.51
217 168 29.7880 0.8021 7.4531 0.6640 0.703 0.426 11.76
218 169 28.3853 0.7039 7.2770 0.6614 0.709 0.556 10.52
219 169 28.1241 0.6826 7.1412 0.6939 0.691 0.564 13.41
220 170 30.0068 0.7132 7.0603 0.6715 0.681 0.466 9.35
221 170 26.8015 0.8102 7.0558 0.6434 0.697 0.519 13.97
222 171 28.2225 0.8138 6.7072 0.7164 0.684 0.526 8.24
223 171 27.4369 0.8907 6.8450 0.7060 0.703 0.454 5.30
224 172 29.7509 0.7728 7.0489 0.6568 0.691 0.161 9.79
225 172 31.1728 0.7709 6.7211 0.7274 0.691 0.436 11.34
226 173 28.4450 0.8879 6.8639 0.6925 0.700 0.462 9.58
227 173 29.8945 0.7359 6.5712 0.7364 0.716 0.613 12.24
228 174 29.9494 0.8134 6.6412 0.7406 0.700 0.654 8.65
229 174 27.7701 0.7741 6.5737 0.7234 0.713 0.579 9.76
230 175 26.3184 0.7456 6.2580 0.7221 0.725 0.486 8.27
231 175 32.1402 0.7254 6.1632 0.7263 0.719 0.512 8.81
232 176 30.8124 0.6615 6.5241 0.7727 0.719 0.490 12.89
233 176 29.0137 0.8195 6.5679 0.7830 0.706 0.447 9.37
234 177 28.4850 0.7301 6.5645 0.7948 0.725 0.320 10.16
235 177 29.1575 0.7459 6.6873 0.7778 0.741 0.483 10.81
236 178 30.3080 0.7407 6.6462 0.7613 0.734 0.595 8.22
237 178 31.9779 0.7912 7.0743 0.7846 0.716 0.533 11.99
238 179 28.4842 0.7960 7.1766 0.7570 0.734 0.347 10.23
239 179 29.1451 0.7051 7.3814 0.6970 0.744 0.657 6.94
240 180 27.0521 0.7551 7.5919 0.7029 0.747 0.561 14.95
241 180 29.2306 0.7803 7.4374 0.7621 0.741 0.631 11.60
242 181 31.6744 0.8153 7.2517 0.7723 0.744 0.543 11.96
243 181 29.9907 0.8493 7.1724 0.7850 0.753 0.473 8.38
244 182 30.3142 0.8385 7.0263 0.7347 0.747 0.577 9.40
245 182 28.0690 0.8455 6.6680 0.7079 0.763 0.547 6.15
246 183 29.9990 0.7703 6.8453 0.7601 0.762 0.462 8.67
247 183 28.4991 0.8011 6.5480 0.7586 0.784 0.449 9.27
248 184 31.0285 0.8214 6.6136 0.7408 0.787 0.555 11.99
249 184 30.1759 0.7170 6.5592 0.7162 0.775 0.548 11.21
250 185 30.2035 0.7605 6.3821 0.7903 0.759 0.602 11.42
251 185 31.5820 0.8042 6.8510 0.8105 0.756 0.365 11.55
252 186 28.4596 0.7913 6.9404 0.8052 0.747 0.563 10.85
253 186 32.6595 0.7245 7.1579 0.7328 0.731 0.442 8.12
254 187 30.0297 0.8243 7.2861 0.7337 0.738 0.500 6.99
255 187 29.2908 0.9186 7.4509 0.7987 0.722 0.546 7.88
256 188 29.6276 0.8589 7.2140 0.7343 0.731 0.574 11.37
257 188 29.5572 0.7826 6.9838 0.8094 0.725 0.506 7.11
258 189 32.0643 0.9345 6.8816 0.8622 0.734 0.422 6.84
259 189 27.8913 0.8634 6.7638 0.8209 0.750 0.393 8.08
260 190 30.1443 0.8469 7.0730 0.7345 0.753 0.537 9.12
261 190 29.4173 0.8140 6.6955 0.7619 0.766 0.461 6.93
262 191 31.4749 0.9072 6.6487 0.8695 0.769 0.616 12.57
263 191 27.1217 0.9212 6.5722 0.7581 0.791 0.473 13.30
264 192 29.4020 0.9285 6.3936 0.8384 0.794 0.349 8.96
265 192 28.2533 0.8044 6.2050 0.7047 0.788 0.629 10.22
266 193 29.4945 0.8165 6.2326 0.8484 0.791 0.427 8.33
267 193 31.7745 0.8935 6.2664 0.8265 0.772 0.598 11.63
268 194 32.1086 0.8490 6.3506 0.8550 0.759 0.652 12.40
269 194 30.4537 0.6768 6.4522 0.8460 0.756 0.532 8.37
270 195 31.5269 0.8464 6.3302 0.8579 0.759 0.572 10.26
271 195 29.2396 0.8836 6.4165 0.7823 0.775 0.544 8.25
272 196 29.1608 0.9322 6.6417 0.8479 0.800 0.429 10.63
273 196 29.4951 0.8566 6.5984 0.8082 0.803 0.513 7.55
274 197 30.4335 0.8187 6.6657 0.8661 0.803 0.514 9.31
275 197 28.3951 0.8584 6.7654 0.8656 0.812 0.124 9.27
276 198 31.6750 0.8893 6.9711 0.8395 0.791 0.561 10.10
277 198 30.0703 0.9726 7.0577 0.7909 0.819 0.528 9.81
278 199 30.0291 0.8650 7.2000 0.9091 0.816 0.254 13.54
279 199 28.8505 0.9581 7.2432 0.8932 0.809 0.573 10.53
280 200 28.3829 0.9656 7.2613 0.8486 0.816 0.515 7.99
281 200 28.6794 0.9985 7.3827 0.8605 0.800 0.472 10.45
282 201 31.1351 0.9078 7.2101 0.9228 0.794 0.432 8.06
283 201 30.0020 0.9731 7.2420 0.8894 0.794 0.315 8.11
284 202 28.0057 1.0122 7.2005 0.7620 0.800 0.567 14.99
285 202 30.2240 0.8463 7.2982 0.8120 0.800 0.462 13.03
286 203 29.7793 0.8605 7.1907 0.8153 0.812 0.502 9.77
287 203 31.0010 0.9629 7.2061 0.8040 0.797 0.592 10.02
288 204 31.2750 0.9670 6.9921 0.7758 0.806 0.520 8.48
289 204 31.9253 0.9237 7.1947 0.7966 0.806 0.486 11.18
290 205 31.9397 0.9875 7.5390 0.8194 0.806 0.336 14.23
291 205 31.3376 0.9791 7.7003 0.7844 0.822 0.540 8.41
292 206 32.6443 1.0041 7.5849 0.8061 0.822 0.514 8.44
293 206 29.8782 1.0934 7.6979 0.8956 0.816 0.469 11.63
294 207 29.2549 1.0303 7.6992 0.8994 0.825 0.370 11.92
295 207 28.5965 0.9574 7.6636 0.8818 0.838 0.478 13.65
296 208 31.2716 0.8987 7.6399 0.8936 0.838 0.470 12.08
297 208 29.7960 0.9512 7.9191 0.9245 0.850 0.468 9.66
298 209 30.6266 0.9705 8.3406 0.8753 0.853 0.504 9.31
299 209 30.5199 0.9670 8.3578 0.8980 0.866 0.433 9.28
300 210 32.3031 0.9686 8.1021 0.8638 0.881 0.496 11.49
301 210 30.8778 0.9514 8.1814 0.9083 0.878 0.532 7.50
302 211 30.6367 1.1767 8.4350 0.9305 0.888 0.308 6.79
303 211 29.7575 0.9032 8.2513 0.9141 0.894 0.550 9.68
304 212 30.0234 1.0399 8.2910 0.8682 0.878 0.618 14.94
305 212 31.3225 0.8938 8.3978 0.8986 0.856 0.378 13.79
306 213 28.5127 0.8350 8.0497 0.8526 0.866 0.681 10.71
307 213 28.8605 0.8435 7.9119 0.8790 0.859 0.473 9.49
308 214 29.2673 0.9160 7.4849 0.8962 0.863 0.582 12.42
309 214 30.5611 1.1424 7.8255 0.9078 0.850 0.301 10.88
310 215 30.5681 1.0583 8.0024 0.9926 0.847 0.456 10.55
311 215 29.7569 1.1127 7.6953 0.9571 0.844 0.549 9.64
312 216 29.3527 0.9647 7.7866 0.8513 0.838 0.414 9.22
313 216 31.3002 0.9803 7.8294 0.9021 0.844 0.489 9.85
314 217 32.0561 1.0788 7.8204 0.9191 0.850 0.324 11.42
315 217 31.1309 1.0210 7.7605 0.9073 0.872 0.439 10.43
316 218 30.6909 1.0799 8.3549 0.9675 0.875 0.485 11.32
317 218 27.7870 1.1512 8.4958 0.9300 0.881 0.483 5.76
318 219 28.3119 1.2115 8.9041 0.9198 0.887 0.584 8.01
319 219 29.1081 1.0928 8.5531 0.8832 0.903 0.561 11.39
320 220 30.5181 1.1685 8.5544 0.9909 0.900 0.064 11.26
321 220 30.0904 1.1861 8.8717 0.9136 0.906 0.377 12.19
322 221 29.3180 0.9843 8.7707 0.9048 0.916 0.231 9.79
323 221 30.2717 1.0867 8.9667 0.9763 0.906 0.404 10.08
324 222 31.7344 0.9573 9.0035 0.9295 0.916 0.562 9.76
325 222 31.2501 1.0571 8.9609 0.8970 0.900 0.444 9.27
326 223 31.5190 1.1162 8.8159 0.9144 0.900 0.502 6.67
327 223 30.7088 1.0666 8.7178 0.9543 0.900 0.547 13.96
328 224 29.6596 1.0105 8.4211 0.9208 0.900 0.543 8.49
329 224 30.0619 1.1422 8.2698 0.9786 0.894 0.239 9.73
330 225 29.9384 1.1261 8.2730 0.9854 0.900 0.217 10.06
331 225 28.5259 1.0904 8.1991 0.8883 0.903 0.382 12.07
332 226 28.1600 1.1873 8.3656 0.9339 0.900 0.446 14.26
333 226 30.8477 1.1448 8.1355 0.9711 0.909 0.481 8.80
334 227 28.8835 1.3418 8.1539 0.8709 0.909 0.555 8.17
335 227 30.7836 1.1142 8.0875 0.9179 0.922 0.567 9.71
336 228 29.7878 1.0616 7.9607 0.9089 0.922 0.509 12.32
337 228 29.8772 1.2501 7.9741 0.9120 0.925 0.456 9.59
338 229 29.1812 1.1224 8.2951 0.9075 0.928 0.380 13.35
339 229 28.8290 1.0034 8.4493 1.0018 0.934 0.444 14.09
340 230 31.3677 1.2866 8.4327 0.9703 0.934 0.262 10.17
341 230 30.3539 1.1691 8.1638 0.9744 0.934 0.636 14.96
342 231 31.3116 0.9755 8.1090 1.0685 0.928 0.327 9.83
343 231 30.8838 1.0963 7.9714 0.9277 0.922 0.557 9.81
344 232 31.3341 1.1226 8.4341 0.9501 0.922 0.368 6.64
345 232 28.2186 0.9434 8.4620 1.0160 0.925 0.517 11.63
346 233 29.7882 1.1576 8.8664 0.9059 0.922 0.443 9.80
347 233 29.1089 1.1337 8.9394 0.9251 0.928 0.463 10.28
348 234 28.3592 1.1491 8.7790 1.0084 0.925 0.566 12.90
349 234 30.3752 1.2051 8.7759 0.9235 0.925 0.493 7.85
350 235 28.5369 1.1056 8.6076 0.9868 0.928 0.449 9.80
351 235 27.7422 1.0831 8.6273 1.0706 0.931 0.570 10.46
352 236 29.5992 1.1225 8.3319 1.0036 0.938 0.653 8.55
353 236 31.1326 1.1856 8.6530 0.9967 0.941 0.462 10.30
354 237 30.2828 1.3030 8.3711 0.9138 0.947 0.340 7.81
355 237 30.5659 0.9790 8.4631 0.9910 0.950 0.514 9.22
356 238 31.3687 1.1815 8.4232 0.9594 0.956 0.557 9.50
357 238 29.3640 1.1900 8.2079 0.9182 0.950 0.551 8.18
358 239 30.6135 1.2286 8.1762 0.9954 0.953 0.470 8.97
359 239 29.2563 1.1985 8.1297 1.0083 0.956 0.488 11.32
360 240 27.7592 1.3325 8.2274 1.0320 0.956 0.390 9.04
361 240 29.7890 1.1330 8.2814 0.9657 0.959 0.578 10.69
362 241 30.9879 1.2871 8.8826 1.0173 0.963 0.416 10.98
363 241 30.5710 1.5046 8.9452 0.8626 0.963 0.468 9.34
364 242 30.7044 1.3917 9.2032 1.0760 0.956 0.340 6.63
365 242 31.8604 1.3142 9.5298 1.0538 0.947 0.571 11.87
366 243 28.9670 1.3569 9.4656 0.9250 0.944 0.464 9.44
367 243 29.5949 1.3234 10.0738 1.0456 0.953 0.183 14.92
368 244 29.8292 1.1548 10.2246 0.9537 0.953 0.524 10.01
369 244 31.4209 1.2912 10.2942 1.0082 0.953 0.402 7.67
370 245 32.3673 1.1253 10.2284 1.0347 0.956 0.319 10.83
371 245 31.6821 1.2987 10.5599 0.9305 0.956 0.526 11.55
372 246 30.7566 1.3484 10.3013 1.0055 0.956 0.302 12.51
373 246 30.6418 1.2911 10.0481 1.0593 0.956 0.358 10.65
374 247 30.5868 1.2778 9.5769 1.1037 0.956 0.611 10.59
375 247 30.7667 1.2460 9.3126 1.0312 0.963 0.303 9.81
376 248 29.8405 1.3120 9.1218 1.0659 0.966 0.484 12.56
377 248 32.7632 1.0431 8.6009 1.0396 0.959 0.348 11.52
378 249 29.0013 1.1551 8.4788 1.0712 0.956 0.386 10.03
379 249 29.5240 1.1497 8.4594 1.1140 0.953 0.500 11.01
380 250 31.6011 1.1483 8.8325 1.0203 0.950 0.154 10.48
381 250 27.8839 1.1140 8.5287 1.0176 0.950 0.377 10.22
382 251 30.6237 1.5604 8.8710 1.1035 0.944 0.312 7.99
383 251 29.6760 1.2182 9.4049 1.0428 0.950 0.352 10.50
384 252 30.4170 1.4226 9.4875 1.0783 0.956 0.511 7.78
385 252 31.5252 1.2631 9.7451 1.0302 0.959 0.482 12.55
386 253 30.3082 1.3445 10.0340 0.9618 0.959 0.266 8.04
387 253 30.4799 1.3810 10.1270 1.0350 0.959 0.334 7.15
388 254 29.9054 1.2842 10.5796 1.0906 0.966 0.258 6.27
389 254 32.0291 1.4853 10.9413 1.0793 0.969 0.436 9.27
390 255 30.2245 1.2271 10.7892 1.0163 0.972 0.467 8.33
391 255 31.9279 1.5184 11.2839 1.1233 0.972 0.354 5.76
392 256 30.1016 1.4298 10.9042 1.0690 0.978 0.426 6.19
393 256 28.6447 1.2267 10.5442 0.9278 0.975 0.478 8.97
394 257 30.1715 1.2672 10.5296 1.0219 0.972 0.439 11.74
395 257 29.5426 1.2372 10.4734 0.9862 0.966 0.433 8.32
396 258 33.0331 1.4349 10.4723 1.1609 0.966 0.291 7.54
397 258 31.4574 1.4749 10.7421 1.1714 0.972 0.215 10.97
398 259 31.6347 1.2317 10.3292 1.0794 0.966 0.529 12.80
399 259 32.4317 1.1218 9.9633 1.1328 0.966 0.408 10.88
400 260 30.2600 1.1979 9.4691 1.0976 0.966 0.674 9.63
401 260 33.1446 1.5585 9.4435 1.0698 0.963 0.215 10.71
402 261 31.6534 1.5343 9.5801 1.1171 0.966 0.264 9.53
403 261 31.8167 1.2859 9.3419 1.0797 0.969 0.479 9.25
404 262 31.6315 1.2877 9.7378 1.1581 0.969 0.403 10.49
405 262 27.9033 1.1758 9.5993 1.1473 0.975 0.407 7.43
406 263 28.1541 1.3505 9.6288 1.1095 0.981 0.412 12.10
407 263 31.5116 1.3931 9.4870 1.1006 0.981 0.532 10.33
408 264 32.4124 1.3205 9.8521 1.0508 0.984 0.307 8.13
409 264 32.1095 1.3661 9.8119 1.1250 0.978 0.509 12.84
410 265 32.5219 1.2023 10.6900 1.1247 0.975 0.428 8.87
411 265 30.8862 1.2601 10.3073 1.1580 0.978 0.529 9.63
412 266 31.3503 1.3296 10.0518 1.0583 0.975 0.572 13.32
413 266 29.4403 1.2078 10.5644 1.1039 0.969 0.407 10.06
414 267 31.4504 1.6663 10.8909 1.0327 0.969 0.373 6.99
415 267 32.7001 1.3091 10.9346 1.1579 0.972 0.483 7.93
416 268 29.7985 1.4297 10.8799 1.1235 0.972 0.279 7.51
417 268 29.3369 1.3414 10.8924 1.0905 0.972 0.201 8.98
418 269 28.9507 1.5353 10.5035 1.0943 0.975 0.368 9.26
419 269 28.8640 1.6286 10.5815 1.1133 0.984 0.456 6.71
420 270 31.6209 1.5398 10.5345 1.0928 0.981 0.347 8.80
421 270 31.2232 1.4496 10.7452 1.1062 0.981 0.379 11.45
422 271 30.8202 1.2812 10.7372 1.1447 0.981 0.594 9.06
423 271 30.1530 1.4284 10.8146 1.0426 0.987 0.348 9.43
424 272 32.0383 1.4495 9.9583 1.1104 0.975 0.599 9.34
425 272 30.7130 1.4197 10.1246 1.0340 0.969 0.308 10.34
426 273 29.9468 1.3267 9.9485 1.1863 0.966 0.374 10.18
427 273 32.1473 1.5657 10.4424 1.1024 0.966 0.197 9.68
428 274 30.6428 1.1923 10.3557 1.0796 0.963 0.573 7.70
429 274 29.9540 1.2605 10.3645 1.1457 0.956 0.453 14.40
430 275 31.1846 1.4052 10.0683 1.1320 0.959 0.353 10.32
431 275 30.9264 1.4628 9.8909 1.0399 0.950 0.430 8.58
432 276 30.4575 1.5879 9.9036 1.2138 0.950 0.418 7.14
433 276 30.8734 1.5883 9.4706 1.2420 0.950 0.533 10.34
434 277 29.0415 1.4545 9.7138 1.2214 0.966 0.304 7.94
435 277 30.2880 1.6718 10.3093 1.1822 0.966 0.330 7.44
436 278 30.2993 1.3043 10.1241 1.1932 0.966 0.532 9.33
437 278 32.3684 1.6940 9.5498 1.2235 0.956 0.481 12.10
438 279 29.1641 1.5124 10.2029 1.1088 0.956 0.339 11.18
439 279 29.0802 1.3580 10.0454 1.2316 0.963 0.496 9.59
440 280 28.6025 1.1918 9.9733 1.0433 0.963 0.409 8.34
441 280 31.0409 1.4286 10.3226 1.1935 0.966 0.367 7.54
442 281 30.1658 1.5199 10.6974 1.1767 0.966 0.539 14.48
443 281 29.8484 1.4195 10.9527 1.0367 0.963 0.492 11.85
444 282 32.4958 1.5255 11.0145 1.2405 0.956 0.414 9.80
445 282 31.8449 1.4487 10.5132 1.1730 0.959 0.399 8.13
446 283 31.1364 1.6979 10.5579 1.2107 0.963 0.519 6.38
447 283 31.5108 1.5215 10.4996 1.2029 0.972 0.467 9.59
448 284 31.2047 1.4867 10.0445 1.1546 0.975 0.524 10.78
449 284 29.3381 1.4254 10.4911 1.1794 0.972 0.516 6.90
450 285 31.0830 1.5660 10.8436 1.1507 0.969 0.265 7.43
451 285 31.1060 1.4950 10.8277 1.1985 0.975 0.412 9.85
452 286 33.7288 1.6705 10.7963 1.1779 0.966 0.548 9.88
453 286 27.2113 1.5989 10.8762 1.2778 0.966 0.521 8.13
454 287 32.2529 1.4440 10.8373 1.0836 0.966 0.274 9.53
455 287 30.4605 1.2041 10.6048 1.1805 0.969 0.561 11.58
456 288 28.9684 1.2756 11.1706 1.2570 0.966 0.313 9.79
457 288 31.8080 1.3078 11.6014 1.2314 0.963 0.458 10.09
458 289 30.9455 1.4349 11.7341 1.2847 0.963 0.451 9.23
459 289 32.9655 1.4156 11.5170 1.2311 0.963 0.515 12.72
460 290 32.0197 1.4551 11.5040 1.3408 0.966 0.359 8.32
461 290 30.4154 1.4112 11.5890 1.2319 0.963 0.477 10.12
462 291 31.6239 1.3647 11.5511 1.0657 0.969 0.536 9.39
463 291 31.1199 1.5720 11.6663 1.2317 0.966 0.437 9.88
464 292 30.6526 1.6388 12.0728 1.1979 0.969 0.273 8.76
465 292 31.9548 1.7913 12.4205 1.2932 0.963 0.352 14.03
466 293 30.9438 1.4846 12.4434 1.3013 0.966 0.399 8.75
467 293 32.6710 1.7099 12.4679 1.1720 0.969 0.469 9.02
468 294 30.5523 1.4505 12.3521 1.2537 0.969 0.441 9.46
469 294 30.5219 1.6030 12.7592 1.2112 0.972 0.336 7.91
470 295 33.3925 1.6361 12.6795 1.2877 0.966 0.438 13.21
471 295 32.8672 1.4304 12.2914 1.3547 0.962 0.469 12.07
472 296 34.3083 1.5007 12.4411 1.2889 0.962 0.384 10.98
473 296 30.9331 1.2520 12.2267 1.2257 0.966 0.463 8.70
474 297 32.3328 1.4542 12.4661 1.2666 0.966 -0.005 8.80
475 297 32.1994 1.5188 12.2459 1.2634 0.956 0.477 8.14
476 298 34.3422 1.2907 11.7326 1.2634 0.953 0.291 8.47
477 298 32.5588 1.5434 11.7612 1.2795 0.947 0.358 6.56
478 299 30.2334 1.1983 11.6372 1.3095 0.944 0.552 10.99
479 299 31.2729 1.4129 11.4176 1.2996 0.944 0.369 14.99
480 300 34.4228 1.8043 11.7670 1.3305 0.947 0.265 8.13
481 300 31.9231 1.4193 11.7266 1.3726 0.950 0.439 10.14
482 300 32.1000 1.4586 11.2302 1.2623 0.950 0.580 8.28
483 300 32.6878 1.6129 11.1130 1.2152 0.953 0.497 7.77
484 300 29.2223 1.3384 10.4388 1.2765 0.956 0.526 8.09
485 300 31.0452 1.4307 10.5032 1.3037 0.972 0.300 9.87
486 300 30.8821 1.8129 10.6175 1.4033 0.972 0.488 7.77
487 300 30.5293 1.4255 10.2202 1.1631 0.975 0.522 7.51
488 300 31.4045 1.6130 10.6674 1.2044 0.978 0.327 8.83
489 300 31.9365 1.5626 10.9762 1.0644 0.975 0.437 8.07
490 300 31.5681 1.4099 10.5602 1.3601 0.975 0.381 10.88
491 300 28.1965 1.4414 10.7538 1.2014 0.978 0.413 9.47
492 300 28.8401 1.7637 11.1967 1.4087 0.984 0.484 10.74
493 300 31.2185 1.3761 11.2301 1.1551 0.984 0.372 7.70
494 300 30.6269 1.4130 11.2783 1.3722 0.984 0.432 11.25
495 300 32.0053 1.4676 11.0375 1.2850 0.978 0.495 8.06
496 300 31.6352 1.5524 10.7942 1.1505 0.981 0.590 11.46
497 300 32.6191 1.6855 11.1771 1.3166 0.984 0.324 8.09
498 300 30.6852 1.3349 10.7980 1.3141 0.978 0.446 11.81
499 300 31.4419 1.5066 10.6345 1.2521 0.981 0.447 11.53
500 300 29.4230 1.3551 10.6771 1.2724 0.987 0.438 10.20
501 300 32.6120 1.5651 10.9758 1.2130 0.987 0.354 10.73
502 300 32.4013 1.4119 10.6681 1.1697 0.987 0.493 9.98
503 300 32.9520 1.6473 10.7722 1.3311 0.987 0.614 6.21
504 300 31.4260 1.6368 11.1029 1.2354 0.984 0.424 8.63
505 300 32.1197 1.4368 11.6098 1.2294 0.991 0.485 11.71
506 300 28.0286 1.2351 11.9086 1.2738 0.988 0.405 8.72
507 300 28.3534 1.4869 11.5940 1.1894 0.988 0.431 8.53
508 300 32.1328 1.8535 12.2256 1.1256 0.994 0.365 7.22
509 300 32.5823 1.5030 12.1043 1.1795 0.994 0.514 8.70
510 300 32.5060 1.9368 12.4825 1.3913 0.984 0.317 9.32
511 300 32.4462 1.4600 12.2866 1.2231 0.981 0.443 14.98
512 300 30.8242 1.5931 12.5202 1.2532 0.978 0.407 9.43
513 300 28.4818 1.3647 12.4249 1.2657 0.978 0.361 11.38
514 300 30.3378 1.3881 12.4264 1.2063 0.978 0.398 9.12
515 300 31.3901 1.5822 12.2397 1.2224 0.972 0.390 14.44
516 300 31.6429 1.5248 12.3207 1.1992 0.966 0.437 8.93
517 300 32.3428 1.3498 12.1577 1.2451 0.966 0.554 9.53
518 300 33.1449 1.5141 11.6426 1.2072 0.966 0.477 10.36
519 300 32.4935 1.2940 11.7180 1.2621 0.963 0.409 9.90
520 300 30.4890 1.2656 10.9538 1.2180 0.969 0.442 12.07
521 300 32.5878 1.4579 11.2214 1.2848 0.969 0.302 12.14
522 300 32.7298 1.3387 11.0982 1.2247 0.972 0.368 9.37
523 300 32.1990 1.3883 11.3370 1.2024 0.969 0.465 8.11
524 300 29.3499 1.2782 10.9631 1.2305 0.972 0.420 10.50
525 300 32.3986 1.3776 10.9166 1.2717 0.978 0.490 8.04
526 300 34.5659 1.7837 11.2333 1.3470 0.975 0.442 10.85
527 300 31.7050 1.6876 11.3445 1.1440 0.975 0.449 9.16
528 300 30.5541 1.3239 11.4052 1.2892 0.975 0.336 8.44
529 300 30.5402 1.5061 11.6184 1.2025 0.975 0.295 9.73
530 300 30.1645 1.6145 11.9443 1.0915 0.975 0.388 7.81
531 300 30.9170 1.4591 11.7272 1.2468 0.975 0.279 9.49
532 300 29.7723 1.7899 12.1436 1.1415 0.972 0.477 7.39
533 300 31.6642 1.7441 11.9150 1.4181 0.969 0.424 12.27
534 300 31.7877 1.8233 12.3329 1.2129 0.953 0.358 8.86
535 300 30.6397 1.4739 11.9887 1.1214 0.947 0.572 7.87
536 300 30.4477 1.5603 11.8493 1.3410 0.956 0.423 9.44
537 300 30.1992 1.4689 11.8287 1.1793 0.956 0.466 7.51
538 300 29.3727 1.4384 12.0048 1.2335 0.953 0.123 8.06
539 300 31.3584 1.4438 11.7410 1.2338 0.950 0.536 9.56
540 300 31.8864 1.5402 11.6956 1.2606 0.950 0.467 14.92
541 300 33.3871 1.4706 11.6585 1.1789 0.953 0.516 10.16
542 300 33.5246 1.4773 11.2605 1.3322 0.953 0.388 10.66
543 300 31.5085 1.5722 11.3402 1.2723 0.959 0.419 11.73
544 300 31.8792 1.4127 11.0288 1.1755 0.975 0.535 9.71
545 300 31.9638 1.4460 11.7364 1.2648 0.978 0.335 14.25
546 300 32.8910 1.5142 11.7350 1.3270 0.981 0.343 9.44
547 300 30.0955 1.3127 11.7488 1.2228 0.981 0.575 6.80
548 300 31.5698 1.5392 11.3957 1.2460 0.981 0.465 7.54
549 300 30.2045 1.1686 11.0496 1.2296 0.988 0.564 9.06
550 300 31.1484 1.6603 11.4621 1.2952 0.984 0.464 12.72
551 300 30.6455 1.3310 11.1021 1.2958 0.984 0.411 8.36
552 300 29.7904 1.5714 11.1766 1.2126 0.987 0.474 13.95
553 300 31.3932 1.5312 11.2856 1.2429 0.984 0.477 8.21
554 300 31.5714 1.5167 11.2330 1.3435 0.984 0.460 8.52
555 300 28.3770 1.4785 10.6319 1.1656 0.987 0.401 12.72
556 300 29.9503 1.3605 10.0256 1.2538 0.984 0.588 9.75
557 300 32.4260 1.7384 10.4767 1.3145 0.978 0.304 12.24
558 300 29.4541 1.6374 10.7616 1.1625 0.978 0.337 10.06
559 300 31.2351 1.5814 11.4082 1.3444 0.978 0.407 6.03
560 300 29.2854 1.4660 10.9182 1.3361 0.981 0.423 7.84
561 300 30.8307 1.2563 11.1379 1.3198 0.981 0.438 7.84
562 300 31.2305 1.3273 11.1901 1.2435 0.981 0.442 9.56
563 300 30.2464 1.5925 11.3259 1.1497 0.984 0.361 9.41
564 300 31.8876 1.2692 11.2168 1.2115 0.981 0.389 10.59
565 300 29.8823 1.3841 11.3943 1.1684 0.975 0.539 9.64
566 300 30.0316 1.5215 11.6793 1.1910 0.975 0.494 10.19
567 300 31.9471 1.6008 11.2907 1.2231 0.981 0.388 12.45
568 300 31.5175 1.3627 11.3580 1.2302 0.978 0.515 9.61
569 300 30.9267 1.2989 10.5446 1.3140 0.975 0.607 8.40
570 300 29.6039 1.2500 10.4379 1.1230 0.978 0.453 8.82
571 300 31.2059 1.3415 10.6043 1.1118 0.975 0.344 12.15
572 300 31.2055 1.3217 10.3369 1.2501 0.975 0.424 9.13
573 300 31.1850 1.3739 10.1422 1.1427 0.972 0.477 9.48
574 300 28.8266 1.5920 10.4244 1.2121 0.975 0.388 7.71
575 300 30.4614 1.4108 10.5930 1.1568 0.981 0.405 10.35
576 300 30.4661 1.3959 10.7968 1.2902 0.981 0.409 10.36
577 300 29.1555 1.1992 10.3530 1.1446 0.981 0.675 9.51
578 300 29.2930 1.5451 10.2273 1.1435 0.984 0.429 9.17
579 300 29.7753 1.6437 11.0761 1.2055 0.988 0.287 10.24
580 300 30.1076 1.4648 11.1095 1.3599 0.988 0.328 7.64
581 300 29.9497 1.4532 11.2620 1.2228 0.991 0.357 11.51
582 300 30.7194 1.5072 11.6240 1.2452 0.988 0.522 7.60
583 300 31.2399 1.6033 11.3355 1.1568 0.988 0.459 9.78
584 300 31.8166 1.4852 11.1723 1.3473 0.988 0.533 9.28
585 300 28.2077 1.4732 10.8472 1.2070 0.984 0.366 9.95
586 300 29.8706 1.5183 10.8543 1.2379 0.988 0.499 11.60
587 300 31.7326 1.5900 11.4048 1.3274 0.981 0.301 10.38
588 300 29.9080 1.2622 11.2702 1.2951 0.981 0.550 10.23
589 300 31.2147 1.4547 10.3974 1.2251 0.981 0.560 8.81
590 300 31.0746 1.4523 10.7383 1.2820 0.975 0.511 8.76
591 300 29.6779 1.4901 10.1450 1.2698 0.975 0.401 9.25
592 300 30.4947 1.3522 10.0700 1.3642 0.975 0.064 9.12
593 300 32.2966 1.4153 10.3998 1.3382 0.972 0.275 13.58
594 300 28.6742 1.1215 10.3564 1.1766 0.972 0.450 10.30
595 300 28.6845 1.3476 10.6104 1.2833 0.972 0.464 6.28
596 300 32.4750 1.3192 10.5275 1.2729 0.966 0.446 9.12
597 300 30.8572 1.4567 10.5830 1.2914 0.966 0.408 8.80
598 300 29.8730 1.7605 10.7472 1.3182 0.966 0.500 11.11
599 300 31.3968 1.4918 11.7599 1.2846 0.966 0.197 12.38
600 300 31.4627 1.3998 11.6281 1.1459 0.972 0.431 10.94
601 300 29.3661 1.3273 12.1675 1.3903 0.972 0.384 10.82
602 300 30.4708 1.3742 12.0375 1.2066 0.972 0.399 9.13
603 300 30.4527 1.4082 11.8225 1.1870 0.978 0.384 9.51
604 300 29.3964 1.5542 11.6421 1.2047 0.978 0.585 7.17
605 300 28.6829 1.3420 11.4442 1.2317 0.978 0.346 7.45
606 300 30.8618 1.4909 11.2512 1.1722 0.981 0.632 10.65
607 300 28.4907 1.7088 11.4835 1.2597 0.984 0.298 10.04
608 300 32.4877 1.7411 11.9172 1.1898 0.978 0.257 9.73
609 300 30.1964 1.8068 11.9576 1.3027 0.978 0.327 6.95
610 300 32.1273 1.3656 11.6509 1.2962 0.975 0.461 10.16
611 300 33.4202 1.8581 11.6954 1.2581 0.959 0.270 9.92
612 300 30.7398 1.5812 11.8109 1.1899 0.959 0.353 7.88
613 300 30.0529 1.5854 12.0402 1.2228 0.956 0.307 8.16
614 300 31.4089 1.4970 12.7165 1.2073 0.953 0.395 8.70
615 300 29.1336 1.6001 12.9181 1.3106 0.956 0.405 9.97
616 300 27.1806 1.5869 13.3378 1.1797 0.959 0.419 7.83
617 300 30.4795 1.4542 13.2312 1.2266 0.953 0.533 10.18
618 300 29.6507 1.4261 12.7302 1.2999 0.962 0.405 11.43
619 300 32.3047 1.5241 12.2550 1.2920 0.959 0.479 10.27
620 300 32.0905 1.4601 12.6883 1.3011 0.959 0.218 14.73
621 300 30.3201 1.3736 12.2383 1.1827 0.975 0.522 8.59
622 300 30.8200 1.4002 12.1395 1.1941 0.975 0.400 9.29
623 300 29.8680 1.3775 11.6799 1.3036 0.978 0.523 7.83
624 300 28.9292 1.4903 11.7313 1.1776 0.981 0.270 7.27
625 300 30.6703 1.3862 11.2999 1.2696 0.981 0.545 13.37
626 300 32.0683 1.4389 10.8339 1.2248 0.978 0.500 8.35
627 300 31.2126 1.6790 10.9884 1.2117 0.984 0.384 8.45
628 300 30.9187 1.6213 11.2820 1.2132 0.981 0.579 7.56
629 300 31.0949 1.5883 11.1012 1.3019 0.984 0.533 6.70
630 300 33.3902 1.6747 11.4465 1.0961 0.978 0.231 10.11
631 300 30.6479 1.7373 11.9013 1.2489 0.975 0.277 7.74
632 300 30.9527 1.5277 12.1199 1.1958 0.978 0.398 9.91
633 300 32.3375 1.4739 12.3952 1.2964 0.975 0.408 11.86
634 300 30.2455 1.3194 11.7781 1.1941 0.975 0.420 7.98
635 300 31.5307 1.4084 12.0726 1.2604 0.966 0.432 9.59
636 300 27.5152 1.2055 12.1605 1.1948 0.969 0.382 10.72
637 300 30.4488 1.2118 11.6288 1.2760 0.972 0.582 9.12
638 300 29.5267 1.3392 11.0774 1.1937 0.975 0.555 10.64
639 300 31.0132 1.6654 11.0712 1.2412 0.975 0.489 10.20
640 300 30.8633 1.3227 10.3631 1.2731 0.984 0.334 10.58
641 300 30.3623 1.3892 9.8310 1.3564 0.984 0.529 12.51
642 300 31.0184 1.4352 9.4900 1.2696 0.984 0.362 10.54
643 300 31.8742 1.4803 9.7358 1.2001 0.987 0.345 8.59
644 300 31.1343 1.4792 9.9827 1.3019 0.984 0.325 7.73
645 300 30.1834 1.6842 10.2242 1.3285 0.994 0.351 8.33
646 300 32.6120 1.1912 10.1747 1.2017 0.984 0.520 12.57
647 300 30.9014 1.4663 10.7463 1.1397 0.984 0.298 6.86
648 300 28.6709 1.3583 11.1168 1.2293 0.984 0.452 9.94
649 300 32.9698 1.3705 11.0482 1.3657 0.981 0.376 7.61
650 300 30.5208 1.2247 10.9234 1.3692 0.981 0.581 11.55
651 300 29.9961 1.4380 11.0998 1.2274 0.981 0.480 13.98
652 300 30.8180 1.5834 11.3964 1.2976 0.978 0.515 8.77
653 300 28.8232 1.9526 11.6168 1.1496 0.975 0.367 5.29
654 300 29.9281 1.2971 11.5246 1.2658 0.978 0.436 8.95
655 300 30.4377 1.4293 11.8691 1.2305 0.975 0.243 8.80
656 300 30.2145 1.3005 11.7587 1.1269 0.984 0.334 9.35
657 300 29.4432 1.2895 11.1253 1.2554 0.984 0.583 7.94
658 300 30.9965 1.5360 10.5577 1.1303 0.984 0.624 8.01
659 300 31.5639 1.4296 10.8838 1.2186 0.987 0.332 11.44
660 300 31.1501 1.4444 11.3211 1.3812 0.987 0.503 12.59
661 300 28.9198 1.4426 11.4945 1.1893 0.987 0.364 7.43
662 300 27.7653 1.4817 11.3105 1.1105 0.991 0.342 7.62
663 300 27.8284 1.4924 11.1877 1.2027 0.994 0.428 11.00
664 300 31.3968 1.8281 11.6189 1.0944 0.994 0.378 6.75
665 300 30.2936 1.3692 10.9869 1.2783 0.994 0.434 9.56
666 300 29.9104 1.5762 11.8242 1.2493 0.994 0.147 7.79
667 300 32.2911 1.7094 11.8467 1.3041 0.994 0.530 8.89
668 300 29.9216 1.5430 12.9493 1.2160 0.994 0.049 11.32
669 300 31.5974 1.5508 12.4993 1.2106 0.994 0.384 9.92
670 300 28.5899 1.2684 12.6425 1.2679 0.994 0.328 12.47
671 300 27.7861 1.2607 12.2095 1.2379 0.997 0.556 10.19
672 300 29.8741 1.1610 12.2459 1.3861 0.994 0.212 7.58
673 300 31.4804 1.4355 12.0359 1.2768 0.991 0.398 9.89
674 300 32.8866 1.6774 11.8340 1.2992 0.988 0.346 6.68
675 300 31.2880 1.4543 11.9671 1.2970 0.991 0.358 10.41
676 300 32.5303 1.4825 11.2117 1.3510 0.991 0.516 11.21
677 300 29.3211 1.2315 11.2289 1.2262 0.988 0.343 10.39
678 300 30.8376 1.5615 10.2349 1.2293 0.972 0.514 8.68
679 300 28.6624 1.1910 10.1015 1.1897 0.972 0.525 10.07
680 300 32.0295 1.5200 9.8644 1.3272 0.969 0.532 11.62
681 300 28.5762 1.3881 10.5164 1.3806 0.966 0.528 10.00
682 300 31.0239 1.3654 10.5413 1.2225 0.966 0.406 7.47
683 300 30.3361 1.7745 10.7380 1.2270 0.969 0.466 10.08
684 300 29.4852 1.6265 10.4354 1.2579 0.963 0.582 7.24
685 300 32.8085 1.8268 10.6040 1.1414 0.959 0.363 10.68
686 300 31.2213 1.7663 11.3171 1.2758 0.959 0.293 11.45
687 300 28.8138 1.5648 11.3257 1.2216 0.962 0.454 5.89
688 300 31.7432 1.7136 12.1279 1.3200 0.975 0.203 5.55
689 300 30.5105 1.4110 12.4266 1.2555 0.975 0.393 7.21
690 300 30.0241 1.4048 12.4610 1.2531 0.978 0.416 10.24
691 300 30.6453 1.4065 12.3131 1.2245 0.981 0.343 10.16
692 300 30.5403 1.2552 11.9244 1.3515 0.981 0.480 10.49
693 300 30.8959 1.5124 11.7986 1.2847 0.978 0.399 10.90
694 300 31.6163 1.5372 11.9970 1.2806 0.988 0.432 10.50
695 300 30.1419 1.6510 11.9253 1.2750 0.984 0.422 10.80
696 300 31.3024 1.4033 11.3716 1.3139 0.984 0.323 12.18
697 300 32.6276 1.4245 11.5045 1.3037 0.984 0.337 10.84
698 300 30.4158 1.4159 10.8484 1.2115 0.984 0.475 13.69
699 300 31.5108 1.5328 10.8393 1.2238 0.981 0.426 10.28
700 300 31.2461 1.4432 10.8040 1.2138 0.978 0.477 10.29
701 300 29.3872 1.4495 10.7562 1.3213 0.972 0.430 8.02
702 300 30.5890 1.3301 10.8645 1.3293 0.966 0.471 12.05
703 300 29.9069 1.5203 10.6272 1.2646 0.963 0.493 7.52
704 300 28.3357 1.2902 10.6613 1.2880 0.962 0.550 8.71
705 300 29.2411 1.5032 10.5051 1.3316 0.969 0.352 9.96
706 300 30.3531 1.6285 10.8382 1.1282 0.966 0.424 6.53
707 300 28.6657 1.4541 10.8076 1.2292 0.966 0.575 12.15
708 300 31.1335 1.3442 11.2142 1.2383 0.966 0.479 7.91
709 300 31.7515 1.7896 11.6568 1.2034 0.959 0.474 8.89
710 300 30.0318 1.5957 11.7199 1.2752 0.959 0.355 10.05
711 300 29.9968 1.4263 11.3930 1.2818 0.963 0.474 8.87
712 300 29.7985 1.5370 11.4825 1.2383 0.972 0.481 9.96
713 300 30.6417 1.4512 11.2716 1.2870 0.978 0.579 14.27
714 300 29.5988 1.2484 10.8446 1.2310 0.978 0.637 12.01
715 300 28.7976 1.3599 10.7522 1.1995 0.975 0.411 9.61
716 300 31.0124 1.4688 11.2902 1.3015 0.975 0.166 8.64
717 300 29.1428 1.3846 11.2258 1.1597 0.972 0.465 13.55
718 300 28.7455 1.4785 11.0170 1.1847 0.972 0.353 8.46
719 300 30.3542 1.5315 10.5594 1.2708 0.975 0.254 11.50
720 300 31.5325 1.4231 10.3444 1.1594 0.975 0.523 9.97
721 300 29.5385 1.5293 10.4025 1.1939 0.975 0.497 12.11
722 300 28.5777 1.4795 10.5052 1.2146 0.972 0.446 11.02
723 300 29.1957 1.2957 10.5906 1.1880 0.972 0.428 7.80
724 300 31.2594 1.4626 10.8214 1.2243 0.966 0.348 10.51
725 300 30.4119 1.5197 10.9172 1.3511 0.966 0.480 8.74
726 300 29.9433 1.4198 10.1170 1.3120 0.963 0.310 11.93
727 300 28.3068 1.4294 10.3784 1.1971 0.966 0.377 6.88
728 300 30.4071 1.3180 10.1343 1.2023 0.966 0.368 11.55
729 300 29.3662 1.4916 10.1861 1.2123 0.972 0.420 11.30
730 300 31.4601 1.5279 10.6302 1.2861 0.972 0.360 9.74
731 300 31.1641 1.3966 10.6584 1.2380 0.972 0.377 11.66
732 300 30.9872 1.3144 10.5097 1.2388 0.972 0.259 10.95
733 300 29.6446 1.4464 10.5215 1.1571 0.969 0.538 11.80
734 300 30.9934 1.4384 10.4595 1.2203 0.972 0.289 9.65
735 300 30.6508 1.5348 10.8268 1.4067 0.975 0.460 11.08
736 300 28.1182 1.8690 11.1496 1.2039 0.978 0.419 8.92
737 300 28.3739 1.2483 10.7998 1.2710 0.978 0.477 10.94
738 300 29.6572 1.7186 11.5737 1.3216 0.978 0.391 11.86
739 300 30.1835 1.5062 11.7358 1.2160 0.972 0.356 10.85
740 300 29.2092 1.1959 11.4595 1.2953 0.966 0.478 10.76
741 300 27.9581 1.2669 11.3843 1.1738 0.966 0.185 9.44
742 300 30.7159 1.5296 12.0400 1.2652 0.966 0.243 7.78
743 300 29.3615 1.4457 11.9971 1.3001 0.969 0.520 10.59
744 300 28.9709 1.4287 12.3073 1.1960 0.972 0.428 7.77
745 300 31.7898 1.4775 12.1830 1.2645 0.972 0.445 7.62
746 300 29.3997 1.4937 11.7038 1.2934 0.975 0.487 9.83
747 300 30.2743 1.3621 11.6838 1.2908 0.975 0.531 7.98
748 300 32.5659 1.5079 11.1405 1.2906 0.972 0.347 9.07
749 300 31.1184 1.6120 11.4484 1.3366 0.975 0.217 9.20
750 300 29.3809 1.1351 11.1401 1.2175 0.981 0.577 8.60
751 300 30.0219 1.4586 11.2324 1.3022 0.978 0.450 11.67
752 300 30.0328 1.4023 11.0866 1.2348 0.978 0.327 12.13
753 300 28.8011 1.4362 11.6383 1.3686 0.978 0.411 8.00
754 300 29.4708 1.6121 11.1503 1.2724 0.978 0.586 9.08
755 300 28.6283 1.2673 10.7211 1.1693 0.978 0.454 12.19
756 300 29.8737 1.2828 10.7332 1.3068 0.975 0.305 6.83
757 300 30.3642 1.3820 10.4617 1.2506 0.972 0.432 12.62
758 300 30.4624 1.4399 10.5062 1.2348 0.975 0.205 8.47
759 300 30.0318 1.4037 10.0354 1.2974 0.978 0.453 8.65
760 300 30.5253 1.5135 10.1806 1.3009 0.981 0.446 10.79
761 300 29.2996 1.2912 10.5153 1.3469 0.984 0.393 7.82
762 300 29.2615 1.5956 10.9098 1.2299 0.984 0.262 8.90
763 300 32.1345 1.6301 10.7505 1.4112 0.984 0.273 9.59
764 300 28.7736 1.2526 10.9306 1.3428 0.975 0.414 7.56
765 300 29.8702 1.4144 11.4522 1.1951 0.972 0.342 8.44
766 300 28.1989 1.4962 11.4716 1.2441 0.975 0.462 10.97
767 300 31.2666 1.5579 12.2175 1.3629 0.975 0.536 10.08
768 300 31.0196 1.4335 12.3372 1.3451 0.975 0.455 9.99
769 300 30.6901 1.3295 11.9501 1.3147 0.975 0.458 10.17
770 300 28.3243 1.4044 11.6980 1.2930 0.975 0.295 9.55
771 300 28.6734 1.5040 11.3708 1.3826 0.972 0.509 9.58
772 300 30.7339 1.5348 11.1051 1.1566 0.969 0.414 11.20
773 300 32.4769 1.8204 11.5782 1.2470 0.959 0.153 9.55
774 300 30.1495 1.4637 11.3780 1.2919 0.966 0.490 12.22
775 300 30.8788 1.5673 10.9635 1.2047 0.966 0.422 9.47
776 300 30.5445 1.5297 11.5154 1.2965 0.966 0.481 8.70
777 300 29.1391 1.2542 11.3880 1.3230 0.966 0.421 10.86
778 300 28.5383 1.7499 11.4697 1.2152 0.966 0.382 8.47
779 300 32.0165 1.2667 12.0749 1.2998 0.963 0.458 12.50
780 300 30.6398 1.6234 12.3266 1.1236 0.963 0.538 11.68
781 300 25.9360 1.3111 12.5121 1.1708 0.969 0.387 9.57
782 300 27.4723 1.3600 12.0086 1.1604 0.975 0.604 7.74
783 300 29.5666 1.5694 11.1633 1.2261 0.984 0.519 9.03
784 300 29.9798 1.3115 11.3461 1.3084 0.987 0.518 13.66
785 300 30.9297 1.1876 11.2862 1.2515 0.987 0.430 11.32
786 300 31.7143 1.4803 11.3102 1.2402 0.984 0.225 8.65
787 300 28.1340 1.4998 11.2400 1.3589 0.988 0.406 9.53
788 300 30.9008 1.3445 10.6281 1.2515 0.988 0.513 9.39
789 300 29.2405 1.5900 10.9020 1.2618 0.991 0.350 7.90
790 300 28.9161 1.2809 10.6859 1.2585 0.988 0.503 9.76
791 300 31.3588 1.6046 10.9478 1.1971 0.981 0.340 7.62
792 300 31.0381 1.3239 10.6294 1.1504 0.981 0.474 9.54
793 300 31.1340 1.3246 10.7242 1.2248 0.972 0.201 11.04
794 300 30.9537 1.4484 10.8712 1.2957 0.966 0.370 10.38
795 300 29.3751 1.6161 11.0551 1.3204 0.969 0.499 8.32
796 300 29.9625 1.3341 10.6424 1.2999 0.972 0.420 11.28
797 300 31.5078 1.8146 10.9716 1.1813 0.966 0.406 11.24
798 300 27.8531 1.6460 11.5831 1.2180 0.969 0.219 10.98
799 300 27.5278 1.4832 11.8186 1.2564 0.966 0.359 9.75
