it n time energy barrier aux reached lf_min al_max
0 60 25.5661 0.2966 1.6933 0.2705 0.062 0.582 11.21
1 60 23.6426 0.2899 1.7784 0.2543 0.062 0.560 13.72
2 61 24.0359 0.2780 1.8240 0.2589 0.062 0.551 7.14
3 62 23.1433 0.2619 1.9034 0.2646 0.059 0.567 10.70
4 62 27.8658 0.3060 1.9652 0.2475 0.056 0.516 10.01
5 63 23.6177 0.2851 1.9312 0.2541 0.059 0.547 11.54
6 64 27.5886 0.3400 1.8614 0.2814 0.056 0.775 8.91
7 64 25.3203 0.2936 1.9490 0.2392 0.056 0.435 11.70
8 65 24.3720 0.3267 1.9475 0.2707 0.056 0.597 13.82
9 66 26.7936 0.3325 1.9481 0.2812 0.056 0.568 7.40
10 67 25.8123 0.3644 1.9126 0.2690 0.053 0.618 13.84
11 67 26.9738 0.3211 1.8345 0.2883 0.047 0.344 6.55
12 68 26.8314 0.3565 1.7391 0.2744 0.050 0.621 11.21
13 69 27.2671 0.3688 1.6953 0.3145 0.050 0.614 4.69
14 69 28.0671 0.3706 1.6039 0.2759 0.050 0.507 8.61
15 70 26.4040 0.3354 1.5762 0.2774 0.047 0.706 10.24
16 71 27.5896 0.3563 1.6265 0.2842 0.044 0.661 5.39
17 72 28.0772 0.3596 1.4805 0.3009 0.044 0.679 7.96
18 72 29.2192 0.3861 1.4528 0.3015 0.037 0.727 7.62
19 73 27.6074 0.3561 1.4146 0.2769 0.031 0.684 8.06
20 74 26.1932 0.3554 1.4557 0.3104 0.034 0.644 6.14
21 74 28.5987 0.3819 1.5219 0.2879 0.037 0.544 5.80
22 75 26.9901 0.3761 1.5981 0.3236 0.034 0.616 7.75
23 76 26.3094 0.3727 1.5703 0.3083 0.044 0.634 7.83
24 77 25.0093 0.3620 1.6223 0.3075 0.053 0.746 8.90
25 77 26.4086 0.3910 1.6998 0.3037 0.056 0.677 11.65
26 78 23.8969 0.4084 1.8022 0.3023 0.075 0.649 8.91
27 79 24.4955 0.3872 2.0333 0.3443 0.081 0.637 9.58
28 79 27.6282 0.4177 2.0696 0.3458 0.081 0.622 7.80
29 80 22.7172 0.4316 2.1686 0.3330 0.103 0.652 4.77
30 81 26.6890 0.4247 2.3082 0.3247 0.113 0.640 6.63
31 81 26.3244 0.4085 2.2616 0.3462 0.119 0.687 8.57
32 82 26.9826 0.4336 2.3300 0.3749 0.125 0.458 6.37
33 83 27.3711 0.4531 2.3229 0.3368 0.122 0.743 5.47
34 84 25.7082 0.4582 2.3755 0.3339 0.119 0.633 4.85
35 84 24.8221 0.4651 2.4718 0.3424 0.141 0.600 4.45
36 85 26.2844 0.4641 2.4928 0.3391 0.166 0.562 3.33
37 86 27.4647 0.4909 2.4110 0.3663 0.181 0.632 4.40
38 86 26.1076 0.4820 2.5708 0.3389 0.206 0.516 5.05
39 87 29.3156 0.5022 2.5528 0.3707 0.219 0.601 4.84
40 88 27.3597 0.4791 2.5875 0.3646 0.225 0.664 5.47
41 89 25.4400 0.4446 2.5601 0.3771 0.241 0.715 4.27
42 89 28.0264 0.4785 2.5755 0.3742 0.247 0.642 3.34
43 90 27.2058 0.4803 2.6806 0.3982 0.266 0.557 6.60
44 91 27.4894 0.5003 2.7196 0.3862 0.287 0.528 7.43
45 91 28.9103 0.4887 2.6436 0.3511 0.278 0.675 5.26
46 92 28.1145 0.4932 2.6743 0.3926 0.266 0.668 7.35
47 93 27.6272 0.5053 2.8187 0.3701 0.275 0.364 6.38
48 94 26.2640 0.5006 2.6941 0.3855 0.284 0.649 8.32
49 94 27.0183 0.5080 2.7489 0.3702 0.287 0.687 6.56
50 95 27.5613 0.4999 2.7109 0.3690 0.300 0.542 8.49
51 96 27.7968 0.4858 2.8842 0.3871 0.303 0.579 12.42
52 96 28.2556 0.4822 2.8547 0.4106 0.306 0.675 11.38
53 97 26.7952 0.4982 2.8085 0.4110 0.316 0.708 10.93
54 98 28.7887 0.5070 2.8243 0.4283 0.312 0.445 6.52
55 98 29.2879 0.5074 2.9924 0.4246 0.316 0.574 8.06
56 99 26.0992 0.5496 2.9187 0.4321 0.341 0.616 7.37
57 100 31.4200 0.5297 2.8378 0.4412 0.328 0.291 8.95
58 101 26.7598 0.5800 3.0864 0.4039 0.353 0.557 5.77
59 101 27.7703 0.5451 3.0315 0.4020 0.359 0.634 6.11
60 102 27.8656 0.5430 3.0181 0.4470 0.369 0.496 7.62
61 103 28.1481 0.5408 3.0810 0.4345 0.378 0.520 13.51
62 103 24.3505 0.5286 3.0691 0.4207 0.397 0.523 8.91
63 104 29.2340 0.5105 3.0888 0.4518 0.388 0.620 8.99
64 105 27.2587 0.4844 3.1122 0.4584 0.384 0.720 9.07
65 106 27.0103 0.5068 3.0975 0.4093 0.394 0.670 8.76
66 106 27.8894 0.5027 3.2351 0.4610 0.375 0.571 7.56
67 107 26.8410 0.5289 3.1245 0.4204 0.384 0.574 7.71
68 108 27.3720 0.5492 2.9856 0.4569 0.375 0.689 8.18
69 108 26.5338 0.5032 3.1621 0.4339 0.391 0.588 10.11
70 109 27.4677 0.5658 3.3819 0.4511 0.419 0.537 7.16
71 110 29.0329 0.4754 3.3534 0.4333 0.425 0.452 9.38
72 111 26.9669 0.5792 3.3863 0.4789 0.450 0.668 3.98
73 111 27.3278 0.5325 3.5871 0.4660 0.478 0.461 8.01
74 112 28.9531 0.4999 3.6291 0.4707 0.481 0.554 9.04
75 113 30.0538 0.4812 3.6243 0.4843 0.478 0.695 14.97
76 113 29.1029 0.4626 3.5939 0.5386 0.481 0.638 12.51
77 114 27.3741 0.5084 3.6655 0.4402 0.488 0.586 8.67
78 115 28.9971 0.4774 3.6095 0.4770 0.488 0.706 8.04
79 115 29.4236 0.4414 3.6379 0.4616 0.463 0.677 6.09
80 116 29.5413 0.4882 3.5465 0.4634 0.431 0.619 9.66
81 117 28.8724 0.4738 3.5078 0.5092 0.422 0.572 9.54
82 118 29.6050 0.4792 3.5612 0.5002 0.388 0.623 9.56
83 118 29.5453 0.4900 3.3361 0.5027 0.375 0.654 7.12
84 119 29.4854 0.4884 3.3324 0.4366 0.375 0.646 9.62
85 120 27.7863 0.5510 3.3697 0.4652 0.388 0.527 14.15
86 120 27.3737 0.5115 3.4944 0.4593 0.400 0.498 7.14
87 121 26.5648 0.6649 3.5007 0.5317 0.434 0.672 10.62
88 122 27.4907 0.5866 3.6334 0.4843 0.441 0.470 9.56
89 123 28.3554 0.5297 3.8164 0.5092 0.478 0.529 13.60
90 123 26.1659 0.5765 3.7515 0.5354 0.500 0.586 9.33
91 124 30.0745 0.5807 3.9182 0.4960 0.522 0.654 13.67
92 125 28.6450 0.6052 4.0283 0.5251 0.534 0.499 8.83
93 125 28.4646 0.5812 4.1729 0.5130 0.541 0.659 9.67
94 126 30.3598 0.5529 4.1686 0.5623 0.550 0.578 8.94
95 127 31.3755 0.5335 4.2694 0.5385 0.538 0.421 12.26
96 128 28.7050 0.4817 4.2862 0.5237 0.528 0.625 14.97
97 128 29.3226 0.5320 4.2255 0.5076 0.494 0.767 11.20
98 129 28.6661 0.5342 4.2347 0.5222 0.484 0.697 9.75
99 130 28.5908 0.5485 3.8847 0.4466 0.463 0.742 7.85
100 130 30.2541 0.6135 3.9478 0.5578 0.456 0.601 7.21
101 131 30.7500 0.5947 3.7836 0.5089 0.441 0.583 8.88
102 132 30.1563 0.5938 3.7544 0.5924 0.444 0.569 12.07
103 132 27.9380 0.7022 4.0189 0.5794 0.459 0.342 9.72
104 133 29.9750 0.6511 4.0246 0.5635 0.481 0.523 9.42
105 134 28.4757 0.6270 3.9076 0.5620 0.513 0.691 13.02
106 135 29.2164 0.5722 4.0467 0.5400 0.544 0.636 13.81
107 135 28.9967 0.6857 4.2436 0.6012 0.581 0.668 9.55
108 136 30.0012 0.6304 4.1858 0.5468 0.603 0.665 13.91
109 137 30.2633 0.6266 4.3130 0.5838 0.619 0.593 10.77
110 137 30.1262 0.6918 4.3249 0.5999 0.631 0.548 10.36
111 138 30.9596 0.5735 4.2227 0.5591 0.647 0.729 14.07
112 139 30.4313 0.6662 4.1609 0.6046 0.669 0.695 6.06
113 140 30.3598 0.6538 3.8636 0.5697 0.687 0.623 9.75
114 140 28.9878 0.6374 4.0127 0.5224 0.706 0.577 8.15
115 141 28.5779 0.7092 4.1829 0.6132 0.706 0.275 8.56
116 142 29.9539 0.7576 4.0272 0.5610 0.722 0.648 9.70
117 142 29.8034 0.7030 4.1560 0.6117 0.719 0.589 14.11
118 143 30.2329 0.6889 4.2674 0.6203 0.719 0.586 14.91
119 144 30.6632 0.6940 4.6079 0.5876 0.712 0.485 10.32
120 145 33.8493 0.6878 4.7579 0.6642 0.719 0.546 14.09
121 145 32.3911 0.7223 4.9150 0.6077 0.741 0.458 11.18
122 146 30.7018 0.7120 5.2315 0.5691 0.744 0.591 10.95
123 147 32.9813 0.6395 5.3297 0.5877 0.731 0.632 9.77
124 147 31.3386 0.6296 5.2670 0.6202 0.728 0.658 12.29
125 148 33.4137 0.7368 5.3013 0.6450 0.725 0.411 14.44
126 149 29.2940 0.6735 5.3342 0.6358 0.712 0.454 10.00
127 149 33.1111 0.6245 5.3436 0.6649 0.684 0.609 7.89
128 150 32.5756 0.6667 5.3632 0.5865 0.669 0.650 7.92
129 151 31.2657 0.7010 5.1888 0.6376 0.656 0.332 8.14
130 152 35.2108 0.5169 5.0568 0.6444 0.609 0.683 8.85
131 152 34.3758 0.7073 5.0941 0.6409 0.572 0.545 7.90
132 153 31.8268 0.6610 4.9835 0.6565 0.550 0.482 10.16
133 154 30.1274 0.6489 5.0155 0.6453 0.562 0.558 10.59
134 154 31.8561 0.6546 5.2379 0.6661 0.562 0.570 13.55
135 155 32.2267 0.6430 5.1788 0.6858 0.597 0.584 12.20
136 156 33.3835 0.5951 5.1525 0.6496 0.609 0.711 10.48
137 157 31.1554 0.6580 5.3080 0.6898 0.650 0.426 12.53
138 157 32.9892 0.6915 5.4131 0.6725 0.672 0.567 10.15
139 158 31.3757 0.7234 5.3135 0.5570 0.706 0.607 10.86
140 159 32.8374 0.7587 5.2873 0.6130 0.744 0.429 7.92
141 159 33.4411 0.6542 5.3733 0.6895 0.759 0.657 13.96
142 160 32.5005 0.7338 5.4062 0.7179 0.778 0.562 8.44
143 161 33.9523 0.6981 5.5583 0.7401 0.759 0.519 14.98
144 162 33.1225 0.6321 5.4414 0.6353 0.766 0.535 12.85
145 162 32.9917 0.6691 5.6912 0.7316 0.766 0.472 13.15
146 163 32.8796 0.7013 5.7526 0.6799 0.734 0.424 5.23
147 164 33.6548 0.7428 5.6305 0.6535 0.700 0.492 5.30
148 164 33.4771 0.7202 5.5236 0.6699 0.691 0.529 8.69
149 165 36.5568 0.6850 5.5865 0.6243 0.650 0.554 7.06
150 166 33.5505 0.7008 5.5910 0.6777 0.650 0.557 7.64
151 166 36.4679 0.7193 5.7557 0.7083 0.638 0.597 10.35
152 167 36.2227 0.6877 6.0393 0.7217 0.622 0.522 14.46
153 168 35.4814 0.7723 5.9824 0.7540 0.616 0.594 10.57
154 169 33.6887 0.7137 6.0793 0.7926 0.603 0.556 14.97
155 169 33.6167 0.7204 5.8714 0.6961 0.606 0.623 13.49
156 170 33.7488 0.7504 5.8340 0.6813 0.625 0.639 7.85
157 171 35.4887 0.7535 5.6904 0.6503 0.644 0.627 10.33
158 171 34.1167 0.7984 5.7900 0.7355 0.656 0.405 9.70
159 172 36.0085 0.8701 5.9111 0.7105 0.688 0.566 10.01
160 173 34.3680 0.7772 5.7795 0.7309 0.706 0.595 11.79
161 174 36.7708 0.7097 5.6415 0.7455 0.734 0.530 10.92
162 174 35.5496 0.7780 5.3353 0.6889 0.738 0.515 10.85
163 175 37.1652 0.7327 5.4054 0.6928 0.747 0.499 11.02
164 176 37.5056 0.7232 5.1822 0.8187 0.731 0.648 9.33
165 176 35.6765 0.6834 5.3187 0.7945 0.691 0.395 14.83
166 177 38.3971 0.7253 5.3538 0.7088 0.656 0.639 14.99
167 178 37.7117 0.7070 5.6665 0.7319 0.647 0.584 12.72
168 179 35.8968 0.7354 5.6244 0.7420 0.634 0.630 12.46
169 179 37.3107 0.7503 5.6716 0.7531 0.631 0.534 8.62
170 180 38.8450 0.8115 6.0743 0.7620 0.603 0.454 13.20
171 181 35.9302 0.8461 6.1917 0.7482 0.597 0.371 7.75
172 181 36.6872 0.8452 6.0871 0.7730 0.616 0.541 8.46
173 182 36.6048 0.8043 6.2619 0.6937 0.619 0.465 7.43
174 183 36.7970 0.8565 6.6092 0.7597 0.641 0.456 12.72
175 183 37.7616 0.7576 6.3875 0.7606 0.669 0.628 8.98
176 184 36.8745 0.8235 6.6787 0.7194 0.700 0.520 11.82
177 185 38.2096 0.8120 6.7318 0.7839 0.703 0.323 5.28
178 186 39.6312 0.7526 6.9270 0.7016 0.703 0.485 13.79
179 186 37.7814 0.7794 6.9178 0.7697 0.716 0.403 10.62
180 187 37.4796 0.7580 6.6927 0.7934 0.738 0.645 10.14
181 188 40.9423 0.7648 6.4972 0.8132 0.728 0.567 13.88
182 188 38.2317 0.7577 6.6312 0.8026 0.731 0.462 8.55
183 189 41.3856 0.7647 6.4157 0.7395 0.722 0.607 8.25
184 190 41.1891 0.8279 6.0717 0.7879 0.697 0.659 12.63
185 191 39.6579 0.8343 6.2206 0.7719 0.666 0.525 12.45
186 191 37.7808 0.8312 5.9773 0.7951 0.666 0.539 11.24
187 192 40.0359 0.9220 6.0066 0.8360 0.675 0.611 11.98
188 193 38.7887 0.8811 6.0162 0.7857 0.706 0.589 8.80
189 193 40.2569 0.9270 6.1671 0.8011 0.709 0.492 6.95
190 194 38.3841 0.8948 6.3187 0.8244 0.713 0.529 9.16
191 195 39.3383 0.8700 6.5481 0.8009 0.738 0.387 10.77
192 196 39.0663 0.8044 6.5159 0.8407 0.750 0.591 10.04
193 196 41.2081 0.8327 6.6848 0.8484 0.759 0.525 11.15
194 197 41.7134 0.8267 6.6201 0.8607 0.772 0.721 10.99
195 198 42.0626 0.7298 6.5751 0.8392 0.781 0.595 11.61
196 198 44.5445 0.7716 6.5271 0.8146 0.759 0.593 12.61
197 199 44.7208 0.7839 6.2224 0.8430 0.731 0.581 11.74
198 200 44.3481 0.8103 6.3638 0.7292 0.681 0.552 6.36
199 200 41.2896 0.8412 6.2469 0.7900 0.663 0.514 8.12
200 201 44.2609 0.8515 6.4322 0.8385 0.634 0.531 3.45
201 202 41.3917 0.8376 6.4795 0.7983 0.622 0.575 6.26
202 203 40.6745 0.9334 6.5592 0.8637 0.622 0.553 9.36
203 203 41.7994 0.8400 6.5051 0.8506 0.631 0.574 9.96
204 204 40.3814 0.9227 6.7428 0.8581 0.659 0.432 8.24
205 205 42.9579 0.8760 6.6197 0.8275 0.672 0.609 10.35
206 205 42.1291 0.8605 6.7468 0.8953 0.700 0.500 10.87
207 206 42.4158 0.8159 6.6004 0.7947 0.719 0.678 7.49
208 207 43.1529 0.8620 6.2888 0.9030 0.738 0.523 12.42
209 208 45.8433 0.8526 6.4383 0.8323 0.731 0.517 9.74
210 208 45.0977 0.8284 6.2940 0.8661 0.734 0.641 11.54
211 209 46.7139 0.9268 6.1625 0.8516 0.709 0.538 8.02
212 210 44.7959 0.9037 6.1894 0.9134 0.691 0.561 7.37
213 210 44.8510 0.9100 6.2545 0.8785 0.678 0.456 8.13
214 211 42.7527 0.9394 6.2677 0.8389 0.669 0.539 9.47
215 212 44.2984 0.9598 6.5309 0.8825 0.666 0.581 9.35
216 213 42.9153 0.9674 6.6675 0.8894 0.663 0.587 14.94
217 213 43.5203 0.9524 7.1278 0.8865 0.681 0.528 12.28
218 214 41.4368 0.9671 7.1662 0.9214 0.703 0.575 10.41
219 215 45.9338 0.9449 7.1564 0.8983 0.697 0.443 11.77
220 215 47.3624 0.9943 7.6962 0.9191 0.691 0.390 10.05
221 216 47.2651 0.9792 7.6341 0.8922 0.703 0.606 9.62
222 217 47.4630 0.9899 7.8086 0.8921 0.697 0.531 9.50
223 217 43.7176 0.9629 7.5677 0.8789 0.703 0.419 10.01
224 218 47.6431 0.9731 7.4280 0.8817 0.684 0.596 10.97
225 219 44.0388 0.9614 7.2638 0.9250 0.691 0.709 11.46
226 220 46.4109 0.9529 7.3070 0.9351 0.681 0.510 9.33
227 220 45.6906 0.9482 7.0264 0.9262 0.666 0.630 7.26
228 221 48.6267 0.9812 7.1849 0.8679 0.644 0.444 6.36
229 222 47.1325 1.0484 6.9812 0.8770 0.650 0.406 4.47
230 222 47.2785 0.9852 6.5498 1.0111 0.653 0.569 7.17
231 223 47.9005 0.9778 6.5308 1.0226 0.666 0.519 9.82
232 224 46.6715 1.0335 6.5503 0.9164 0.672 0.479 8.92
233 225 47.1407 0.9772 6.8166 0.9292 0.672 0.594 9.88
234 225 49.2969 0.9986 7.0071 0.9891 0.681 0.413 5.48
235 226 44.4714 0.9790 7.0681 0.8874 0.700 0.499 10.71
236 227 51.5791 1.0452 7.1058 1.0026 0.688 0.543 9.96
237 227 50.3135 0.9816 7.3827 0.9558 0.672 0.517 7.62
238 228 53.6848 0.9936 7.0824 0.9601 0.659 0.578 9.94
239 229 49.8764 1.0585 7.2151 1.0274 0.675 0.559 12.00
240 230 47.7835 0.9995 7.3575 0.9742 0.691 0.442 8.62
241 230 46.0368 1.0449 7.4976 0.9179 0.706 0.622 13.05
242 231 49.4808 0.9971 7.3420 0.9554 0.694 0.531 12.96
243 232 48.9070 1.0093 7.4740 1.0670 0.694 0.567 13.24
244 232 49.1045 1.0221 7.8128 1.0469 0.681 0.504 10.04
245 233 51.6294 1.0167 7.8439 0.9247 0.647 0.478 9.26
246 234 53.8523 1.0628 7.6127 0.9420 0.637 0.481 9.32
247 234 53.5570 0.9986 7.3380 0.9209 0.622 0.624 6.36
248 235 54.5780 1.1069 7.7481 1.0158 0.613 0.575 5.97
249 236 57.6008 1.0297 7.5821 0.9766 0.562 0.551 8.53
250 237 53.0785 1.1099 7.2694 0.9867 0.537 0.633 5.53
251 237 49.7974 1.1016 7.4073 1.0495 0.516 0.495 11.26
252 238 50.3720 1.0959 7.5020 1.0108 0.534 0.552 12.14
253 239 47.7259 1.0058 7.1274 0.9659 0.541 0.610 10.48
254 239 48.0770 1.0007 6.8996 1.0188 0.569 0.502 10.78
255 240 46.1996 1.0452 6.8070 0.9685 0.597 0.566 14.18
256 241 50.1084 1.0366 6.5914 1.1193 0.631 0.561 14.92
257 242 49.2751 1.1065 6.5865 0.9609 0.678 0.577 6.71
258 242 55.2896 1.1331 6.7753 1.0464 0.681 0.447 4.69
259 243 56.1500 1.0292 7.2703 1.0045 0.688 0.408 11.04
260 244 50.3193 1.0338 7.2361 0.9822 0.706 0.511 8.19
261 244 53.2744 1.0588 7.2241 0.9937 0.684 0.558 11.23
262 245 49.2468 1.0404 7.2169 1.0610 0.659 0.613 8.37
263 246 49.3592 1.1296 7.2987 1.0811 0.653 0.518 8.77
264 247 54.0680 1.1040 7.5502 1.0100 0.628 0.557 7.77
265 247 53.4211 1.0740 7.7131 1.0563 0.584 0.531 9.22
266 248 57.6653 1.1174 8.1270 1.0517 0.553 0.530 14.98
267 249 57.0394 1.1209 8.6422 1.0730 0.516 0.434 8.97
268 249 56.3514 1.1045 8.4922 1.0596 0.503 0.477 4.72
269 250 54.1677 1.2354 8.3452 0.9784 0.516 0.558 10.36
270 251 53.6960 1.2275 8.5620 1.0619 0.503 0.414 8.55
271 251 50.5548 1.1890 8.7431 1.1068 0.522 0.472 14.11
272 252 45.4616 1.3170 8.9905 1.0860 0.534 0.590 7.97
273 253 47.6895 1.2233 9.1509 0.9961 0.531 0.490 10.97
274 254 49.9090 1.1927 9.5152 1.0424 0.534 0.355 13.85
275 254 50.2821 1.3133 9.6716 1.0752 0.553 0.499 10.24
276 255 55.4693 1.3653 9.8926 1.0166 0.553 0.416 8.35
277 256 54.1834 1.2713 9.7695 1.0574 0.547 0.469 11.91
278 256 57.9620 1.2379 9.5815 1.1260 0.559 0.630 9.93
279 257 54.6684 1.2325 9.5064 1.0485 0.559 0.480 6.42
280 258 55.3691 1.1745 9.4152 0.9940 0.566 0.588 8.29
281 259 51.3357 1.0896 9.3649 1.1276 0.566 0.505 7.43
282 259 51.6345 1.1020 9.4697 1.1528 0.566 0.363 8.65
283 260 51.9220 1.1483 9.4849 1.0453 0.556 0.471 7.98
284 261 53.7469 1.1033 9.0152 1.0700 0.547 0.611 9.00
285 261 53.2777 1.1265 8.8457 1.0434 0.525 0.568 6.16
286 262 60.9784 1.1601 8.6229 1.1249 0.522 0.417 7.01
287 263 52.9289 1.2794 8.6807 1.0156 0.534 0.299 8.54
288 264 62.8905 1.2839 9.2195 1.1170 0.528 0.499 5.75
289 264 59.0686 1.2622 9.4477 1.0646 0.528 0.529 6.23
290 265 55.0727 1.2266 9.6289 1.0564 0.541 0.559 8.05
291 266 54.1167 1.2515 9.5724 1.0104 0.556 0.393 10.01
292 266 51.5767 1.2353 9.5488 1.0804 0.572 0.448 13.47
293 267 47.0655 1.2333 9.8196 1.0804 0.588 0.537 8.77
294 268 47.2180 1.2867 9.7419 1.0878 0.600 0.612 14.96
295 268 47.5243 1.2494 9.5681 1.0653 0.622 0.673 10.97
296 269 50.8148 1.2475 9.4130 1.1548 0.641 0.570 11.04
297 270 55.3083 1.3317 9.0659 1.1356 0.628 0.559 7.94
298 271 53.0260 1.5325 8.6086 1.1119 0.625 0.571 4.93
299 271 58.1493 1.4130 8.7180 1.1767 0.616 0.504 6.67
300 272 58.5719 1.4489 9.0780 1.1001 0.591 0.184 8.08
301 273 59.2636 1.3743 9.1111 1.0526 0.569 0.420 7.26
302 273 53.5484 1.2418 9.1557 1.1121 0.550 0.467 10.00
303 274 54.2240 1.2741 9.0224 1.0718 0.544 0.532 10.81
304 275 56.2250 1.2047 9.3953 1.1901 0.541 0.545 12.01
305 276 53.7026 1.1627 9.8118 1.0838 0.538 0.633 13.08
306 276 55.6319 1.1691 9.9428 1.1167 0.544 0.568 11.49
307 277 56.3510 1.2950 10.2831 1.0747 0.541 0.520 9.13
308 278 60.3425 1.3301 10.3298 1.1074 0.538 0.471 8.38
309 278 52.2886 1.5279 10.0423 1.1623 0.547 0.387 7.58
310 279 53.1626 1.4749 9.6158 1.1347 0.547 0.499 6.38
311 280 50.6389 1.3843 9.7036 1.1373 0.544 0.479 7.92
312 281 52.0330 1.4398 9.6385 1.0747 0.553 0.538 6.13
313 281 49.6525 1.2082 9.5801 1.1102 0.563 0.534 12.42
314 282 51.6794 1.2677 9.6420 1.2099 0.572 0.514 9.53
315 283 51.2567 1.1220 9.7710 1.2001 0.588 0.450 11.49
316 283 54.1219 1.1249 10.1793 1.1955 0.578 0.511 14.91
317 284 52.0116 1.2017 10.1855 1.1701 0.597 0.551 12.94
318 285 56.1869 1.1630 10.1226 1.0858 0.628 0.556 9.94
319 285 58.0056 1.1883 10.0974 1.1378 0.619 0.498 12.51
320 286 56.4098 1.2813 10.2703 1.2319 0.619 0.462 7.73
321 287 58.2359 1.2281 10.0937 1.0872 0.606 0.540 5.49
322 288 56.8906 1.2552 9.8221 1.2398 0.581 0.491 6.57
323 288 59.0737 1.2930 10.3604 1.1471 0.544 0.526 7.42
324 289 49.3275 1.3471 9.7502 1.1584 0.534 0.666 6.38
325 290 55.0083 1.2029 9.6926 1.3095 0.519 0.365 8.17
326 290 58.4154 1.2882 9.3688 1.1577 0.503 0.588 7.56
327 291 50.9549 1.4321 9.1721 1.3163 0.519 0.614 8.78
328 292 56.5545 1.3125 9.7305 1.2645 0.522 0.373 9.78
329 293 54.3178 1.3540 9.7616 1.1004 0.547 0.507 10.47
330 293 46.8242 1.3329 9.7024 1.1529 0.575 0.440 8.69
331 294 56.0958 1.2785 9.7024 1.2090 0.609 0.570 13.83
332 295 53.5828 1.2385 9.7435 1.1519 0.634 0.433 9.92
333 295 49.8027 1.2146 9.0885 1.2009 0.684 0.465 7.02
334 296 49.9927 1.2713 9.5480 1.1751 0.691 0.459 9.57
335 297 58.3193 1.2582 9.2187 1.2195 0.691 0.605 10.09
336 298 53.2474 1.4322 9.3400 1.2459 0.694 0.421 8.10
337 298 54.6240 1.4860 9.9815 1.2518 0.678 0.392 6.87
338 299 52.1546 1.5622 9.6399 1.2980 0.691 0.190 10.60
339 300 50.1726 1.4419 9.5517 1.1673 0.709 0.437 12.12
340 300 50.2047 1.3981 9.7627 1.1506 0.716 0.312 9.98
341 301 52.8658 1.1696 10.0029 1.1322 0.706 0.453 12.88
342 302 57.1326 1.2330 10.2208 1.2617 0.691 0.559 9.43
343 302 59.1305 1.0769 10.4883 1.2095 0.656 0.588 9.09
344 303 61.2703 1.0700 10.4234 1.1570 0.634 0.497 11.05
345 304 62.0673 1.0666 10.9505 1.3898 0.609 0.396 11.78
346 305 60.9381 1.1411 10.8304 1.2665 0.609 0.614 11.65
347 305 58.5023 1.2064 10.1043 1.3040 0.588 0.632 5.33
348 306 52.8420 1.1403 10.2103 1.3031 0.550 0.632 8.34
349 307 53.3293 1.2653 10.6791 1.2924 0.525 0.417 5.13
350 307 53.2373 1.1871 10.3995 1.3508 0.528 0.524 10.38
351 308 48.8985 1.3259 10.3418 1.3102 0.547 0.555 8.93
352 309 47.9053 1.3843 9.9628 1.3479 0.578 0.500 8.21
353 310 43.5160 1.3165 10.0354 1.2339 0.603 0.403 11.66
354 310 49.9050 1.2448 9.8137 1.2276 0.634 0.501 12.39
355 311 49.2893 1.4092 9.7662 1.3786 0.681 0.267 9.47
356 312 47.9509 1.3817 10.1836 1.3485 0.713 0.512 8.46
357 312 48.5855 1.3345 10.8687 1.3171 0.772 0.288 8.24
358 313 51.1852 1.4335 11.0225 1.2986 0.806 0.301 7.70
359 314 46.5778 1.2976 10.7404 1.2158 0.828 0.426 6.62
360 315 53.9761 1.1923 11.2084 1.3311 0.806 0.462 7.35
361 315 50.3244 1.1918 11.1331 1.3939 0.794 0.597 13.71
362 316 56.5885 1.2018 11.6174 1.4098 0.759 0.483 9.92
363 317 49.9818 1.3050 11.2969 1.3056 0.722 0.445 9.98
364 317 50.4227 1.1463 11.6613 1.4271 0.709 0.519 7.97
365 318 48.9225 1.3447 11.7152 1.3496 0.697 0.304 8.22
366 319 51.4633 1.3999 11.6687 1.4659 0.688 0.475 13.78
367 319 51.3470 1.2393 11.0504 1.2996 0.681 0.541 10.70
368 320 51.8746 1.2217 10.9471 1.3398 0.681 0.491 7.61
369 321 54.4620 1.2553 10.9417 1.2700 0.672 0.502 8.29
370 322 53.9588 1.2860 10.4548 1.3413 0.681 0.460 7.92
371 322 49.7996 1.1634 10.6443 1.3126 0.700 0.510 8.32
372 323 50.9474 1.4591 10.3422 1.2819 0.738 0.485 10.16
373 324 44.0611 1.3730 10.7892 1.2942 0.784 0.225 8.93
374 324 49.3353 1.2509 10.5432 1.1383 0.803 0.498 11.96
375 325 52.2566 1.2243 10.7875 1.3280 0.809 0.227 7.90
376 326 45.5113 1.1362 10.4669 1.4098 0.825 0.531 11.40
377 327 50.5916 1.3279 10.7504 1.2822 0.800 0.354 9.44
378 327 49.9457 1.3329 11.1716 1.3295 0.797 0.401 8.37
379 328 50.1292 1.4095 11.4014 1.2799 0.803 0.406 9.11
380 329 49.7721 1.4656 12.2842 1.3569 0.806 0.116 6.54
381 329 48.6567 1.5294 12.3347 1.3678 0.784 0.428 5.94
382 330 49.3540 1.2381 12.3995 1.3714 0.772 0.469 8.58
383 331 50.0017 1.3616 12.6761 1.3388 0.763 0.286 9.73
384 332 51.5341 1.3023 12.7170 1.3344 0.747 0.525 6.62
385 332 48.2113 1.1735 12.4614 1.2373 0.756 0.172 9.11
386 333 51.7679 1.3496 12.5412 1.4074 0.734 0.519 12.85
387 334 51.4750 1.3810 12.6455 1.4155 0.756 0.340 7.95
388 334 44.8592 1.5115 12.2950 1.3110 0.769 0.372 8.87
389 335 47.6971 1.3989 12.3261 1.3965 0.787 0.362 7.31
390 336 51.2419 1.5205 12.1158 1.3273 0.791 0.438 6.79
391 336 52.0299 1.4752 12.6008 1.4837 0.803 0.232 9.27
392 337 53.8200 1.3478 13.1987 1.4705 0.809 0.428 9.32
393 338 45.9434 1.4204 13.1374 1.3861 0.816 0.283 8.93
394 339 47.4177 1.3413 13.0133 1.3339 0.831 0.454 8.43
395 339 47.9855 1.3305 13.4928 1.5484 0.822 0.370 9.53
396 340 49.1207 1.3400 13.5107 1.2297 0.834 0.312 8.58
397 341 47.3853 1.3953 13.3151 1.3194 0.831 0.167 8.89
398 341 47.7918 1.6451 13.7548 1.3351 0.828 0.446 6.48
399 342 52.1452 1.2584 13.2224 1.3964 0.819 0.481 11.15
400 343 57.3908 1.6160 12.8022 1.4564 0.825 0.484 10.53
401 344 46.3555 1.5227 12.8508 1.5283 0.834 0.330 7.71
402 344 50.5724 1.2738 12.6370 1.3376 0.841 0.312 10.36
403 345 48.2730 1.3851 12.4196 1.3046 0.841 0.366 13.02
404 346 47.8920 1.4308 12.9927 1.3633 0.837 0.465 6.52
405 346 45.8082 1.2952 12.9557 1.6028 0.850 0.264 7.78
406 347 52.3984 1.3059 12.7287 1.4025 0.831 0.536 10.73
407 348 57.5259 1.2954 13.0571 1.4643 0.816 0.452 7.01
408 349 47.3008 1.2722 12.8526 1.4737 0.809 0.445 5.33
409 349 51.9484 1.2818 13.2130 1.3687 0.800 0.384 7.60
410 350 48.8367 1.3693 13.6120 1.4951 0.800 0.265 6.86
411 351 53.4531 1.4371 13.0083 1.5228 0.794 0.546 7.96
412 351 50.7382 1.5425 13.1683 1.3079 0.791 0.345 10.68
413 352 48.5775 1.2090 12.8018 1.5168 0.794 0.340 8.24
414 353 44.2588 1.5798 12.6347 1.5755 0.800 0.206 7.81
415 353 46.6430 1.4069 12.0674 1.5233 0.806 0.312 12.35
416 354 47.4513 1.3439 12.0752 1.4551 0.838 0.546 13.56
417 355 51.0387 1.4302 12.3050 1.4719 0.859 0.332 7.82
418 356 52.2931 1.3880 12.2042 1.5582 0.863 0.189 6.25
419 356 47.0658 1.5237 12.5387 1.3697 0.884 0.463 12.29
420 357 46.2758 1.3728 11.9334 1.5273 0.894 0.581 7.69
421 358 48.7551 1.3083 11.8397 1.5295 0.900 0.477 10.37
422 358 52.9440 1.2927 11.6507 1.5046 0.894 0.464 10.68
423 359 55.5358 1.3138 11.6761 1.5768 0.884 0.475 8.09
424 360 49.1119 1.4772 11.7029 1.5775 0.872 0.572 9.72
425 361 49.6950 1.3774 11.7689 1.4332 0.850 0.418 8.85
426 361 49.6043 1.3277 12.2879 1.4090 0.841 0.424 8.29
427 362 48.4465 1.5829 11.9697 1.3495 0.841 0.462 6.98
428 363 50.2963 1.9606 12.5685 1.5214 0.856 0.241 8.89
429 363 46.8459 1.6465 13.0883 1.4458 0.853 0.257 8.32
430 364 54.8562 1.8976 14.1303 1.3543 0.853 0.322 7.62
431 365 54.0114 1.6891 14.0614 1.4348 0.853 0.510 7.01
432 366 52.0606 1.5778 13.8161 1.6008 0.853 0.459 7.15
433 366 54.9002 1.2786 14.1760 1.5571 0.838 0.543 8.97
434 367 53.0532 1.4427 14.1343 1.4941 0.838 0.492 8.49
435 368 47.8488 1.6264 14.1133 1.5500 0.853 0.458 5.11
436 368 42.8488 1.5192 13.8048 1.5439 0.872 0.495 9.55
437 369 46.2602 1.6111 14.1231 1.5490 0.866 0.411 8.27
438 370 48.7736 1.4763 13.3473 1.5939 0.859 0.400 7.23
439 370 48.1797 1.6667 12.5584 1.4363 0.863 0.441 10.85
440 371 49.9542 1.4572 12.0137 1.5104 0.866 0.417 8.77
441 372 46.7108 1.6218 12.5118 1.4900 0.866 0.302 4.54
442 373 52.3952 1.5546 12.4576 1.5775 0.850 0.547 5.98
443 373 54.6879 1.4822 12.4486 1.4929 0.869 0.441 6.16
444 374 55.1750 1.4398 12.4121 1.5089 0.853 0.303 9.12
445 375 56.2164 1.5176 12.9910 1.4813 0.847 0.271 10.62
446 375 52.4738 1.5126 12.9002 1.5022 0.831 0.541 8.60
447 376 49.2644 1.6528 12.5869 1.6653 0.850 0.410 7.32
448 377 54.0460 1.5119 12.6045 1.5182 0.856 0.285 8.49
449 378 51.5054 1.4780 12.5484 1.5351 0.850 0.305 8.60
450 378 51.8779 1.7316 12.8974 1.5024 0.841 0.413 7.88
451 379 51.8637 1.5944 12.6166 1.5841 0.844 0.471 9.48
452 380 50.2301 1.5167 12.7361 1.6474 0.856 0.540 9.24
453 380 49.1453 1.5428 12.9164 1.5563 0.866 0.393 7.64
454 381 52.1907 1.5759 13.2392 1.6436 0.891 0.403 5.78
455 382 48.2204 1.8301 13.2033 1.6083 0.897 0.439 4.45
456 383 47.5487 1.5335 13.6071 1.5345 0.909 0.405 8.23
457 383 50.6715 1.6113 13.8465 1.4976 0.900 0.350 9.07
458 384 50.7496 1.4435 13.8174 1.5106 0.894 0.482 8.39
459 385 56.0399 1.6531 14.4828 1.5830 0.881 0.378 12.49
460 385 51.6890 1.3937 13.5857 1.4339 0.881 0.599 7.60
461 386 56.3693 1.7295 13.9459 1.6599 0.881 0.541 8.96
462 387 46.9536 1.5183 13.8784 1.4959 0.897 0.394 11.36
463 387 53.6732 1.7328 14.0457 1.7493 0.881 0.400 7.54
464 388 49.0226 1.5804 14.0563 1.6088 0.891 0.199 7.82
465 389 54.3991 1.5580 13.6454 1.5297 0.884 0.462 13.20
466 390 50.8503 1.7169 13.7832 1.5586 0.881 0.341 6.49
467 390 52.0703 1.6845 13.5471 1.6146 0.875 0.335 7.64
468 391 54.7192 1.8189 13.7217 1.6933 0.859 0.352 10.15
469 392 51.9776 1.7497 13.5872 1.5494 0.869 0.262 9.88
470 392 49.4347 1.5235 14.0249 1.6977 0.872 0.483 9.95
471 393 50.3947 1.7659 14.1774 1.5297 0.872 0.443 6.92
472 394 52.9206 1.4340 14.7298 1.8290 0.872 0.422 9.44
473 395 51.1154 1.7756 14.8066 1.6630 0.881 0.161 6.25
474 395 52.3442 1.6533 14.7001 1.5533 0.872 0.402 8.35
475 396 51.5964 1.8480 14.6390 1.6477 0.875 0.558 12.52
476 397 47.5042 1.9535 14.5824 1.7608 0.872 0.383 8.70
477 397 54.5650 1.5258 14.7544 1.8519 0.878 0.457 8.11
478 398 49.5819 1.5540 14.8847 1.5926 0.894 0.441 7.12
479 399 51.2587 1.3978 14.5610 1.6226 0.900 0.388 7.70
480 400 59.4357 1.5019 14.3025 1.7066 0.887 0.422 7.52
481 400 66.1310 1.4727 13.7106 1.7365 0.862 0.418 7.66
482 400 55.0296 1.5381 13.6099 1.6802 0.862 0.353 6.87
483 400 51.5026 1.7503 13.1908 1.7043 0.859 0.452 9.27
484 400 55.8787 1.8990 13.5360 1.6919 0.869 0.007 9.45
485 400 51.5624 1.8465 13.9909 1.6273 0.881 0.388 9.19
486 400 50.9216 1.7692 13.9971 1.6792 0.888 0.200 9.21
487 400 50.6858 1.8131 13.8308 1.5777 0.881 0.355 13.60
488 400 48.2636 1.7118 13.9803 1.6190 0.891 0.474 11.28
489 400 52.9946 1.5605 14.5013 1.7150 0.894 0.271 6.65
490 400 53.1423 1.3536 14.6292 1.6386 0.900 0.564 7.43
491 400 54.2884 1.8659 14.9332 1.3781 0.906 0.510 5.68
492 400 51.2449 1.6398 14.6590 1.7252 0.891 0.565 7.21
493 400 50.8073 1.7240 14.8625 1.5719 0.884 0.432 7.66
494 400 49.7278 1.7128 14.4127 1.5335 0.878 0.176 10.41
495 400 51.9949 1.5392 13.8759 1.7166 0.866 0.591 9.11
496 400 54.4371 1.8670 14.0512 1.7562 0.863 0.231 5.56
497 400 53.0207 1.6603 14.5151 1.6514 0.863 0.458 7.52
498 400 49.3652 1.6995 13.7567 1.5744 0.859 0.535 8.95
499 400 50.4992 1.4824 13.0076 1.6822 0.863 0.534 14.14
500 400 55.0891 1.6679 12.8452 1.6661 0.863 0.599 11.15
501 400 59.7435 1.5023 12.1693 1.7304 0.872 0.526 8.94
502 400 59.7414 1.7794 12.5216 1.7294 0.863 0.394 8.79
503 400 52.0774 1.5758 12.0654 1.4601 0.866 0.422 8.44
504 400 55.1233 1.7246 12.1998 1.6060 0.850 0.456 8.82
505 400 50.1880 1.8328 12.1618 1.5212 0.847 0.475 7.27
506 400 50.6738 2.0978 11.9234 1.6770 0.841 0.433 8.20
507 400 51.7229 1.8857 11.7897 1.7442 0.841 0.060 8.34
508 400 50.2087 1.8988 12.1865 1.7259 0.828 0.336 6.27
509 400 50.6292 1.6634 12.1359 1.5913 0.822 0.527 8.16
510 400 52.4060 1.6799 12.3085 1.6823 0.831 0.478 11.62
511 400 48.6281 1.5486 12.3711 1.5125 0.847 0.581 7.95
512 400 48.0155 1.6480 11.8719 1.4830 0.869 0.456 5.10
513 400 58.4851 1.5605 12.2004 1.6900 0.872 0.389 10.01
514 400 61.2262 1.6166 12.4933 1.5507 0.887 0.202 8.42
515 400 55.2074 1.8097 12.5276 1.7358 0.887 0.544 5.89
516 400 54.0683 1.8334 12.8397 1.5831 0.894 0.212 9.01
517 400 48.6555 1.7304 12.4900 1.5165 0.906 0.402 5.64
518 400 51.9103 1.9951 12.2807 1.6666 0.912 0.470 9.84
519 400 47.2434 2.0499 13.1638 1.6693 0.912 0.197 5.44
520 400 53.7898 1.7346 13.8613 1.7615 0.909 0.235 8.36
521 400 53.8910 1.8624 14.8864 1.6742 0.894 0.297 7.92
522 400 51.4982 1.6193 14.9013 1.6593 0.894 0.392 6.99
523 400 48.1996 1.7677 14.5843 1.6673 0.894 0.235 8.38
524 400 47.2028 1.6561 14.3026 1.6263 0.891 0.467 10.75
525 400 50.1204 1.3884 14.4430 1.6424 0.900 0.458 10.66
526 400 47.4912 1.7325 14.4764 1.6104 0.903 0.353 9.74
527 400 45.7612 1.9998 14.5910 1.7568 0.903 0.408 9.14
528 400 48.5546 1.7610 15.4539 1.4580 0.909 0.217 7.16
529 400 48.0909 1.8328 15.1202 1.7545 0.916 0.306 5.98
530 400 50.5556 1.8129 15.1062 1.6415 0.928 0.349 7.94
531 400 44.9087 1.9882 14.9497 1.6786 0.944 0.327 11.84
532 400 56.1996 1.8802 15.5246 1.5017 0.944 0.235 6.27
533 400 54.4098 1.5379 15.7461 1.7378 0.953 0.462 10.14
534 400 46.5375 1.4166 15.7070 1.6835 0.956 0.466 6.68
535 400 57.7870 1.4970 15.6239 1.6390 0.944 0.517 7.20
536 400 53.2407 1.6590 15.5617 1.6286 0.931 0.449 9.85
537 400 50.5924 1.6342 15.1258 1.6420 0.925 0.484 8.98
538 400 48.6646 1.6953 14.5942 1.6197 0.919 0.509 6.11
539 400 49.2550 1.8437 14.2413 1.5581 0.916 0.456 7.37
540 400 46.7037 1.6835 13.4861 1.4447 0.906 0.376 8.69
541 400 47.6825 1.6945 12.8720 1.5278 0.906 0.415 7.26
542 400 47.2874 1.6231 12.3691 1.6729 0.916 0.490 9.06
543 400 49.5047 1.7872 12.9036 1.6036 0.909 0.315 7.86
544 400 47.9148 1.5944 12.7109 1.7396 0.916 0.375 7.96
545 400 53.7679 1.6629 12.6321 1.7682 0.928 0.488 5.80
546 400 45.6638 1.7028 12.2639 1.7454 0.944 0.436 7.64
547 400 48.7964 1.9543 12.5095 1.5897 0.947 0.478 9.34
548 400 48.9312 1.7605 12.5152 1.5783 0.953 0.473 6.05
549 400 53.0518 2.0479 12.7835 1.6836 0.953 0.300 9.76
550 400 53.5619 2.0994 13.4017 1.6010 0.956 0.308 7.44
551 400 47.2308 2.1430 14.2685 1.6278 0.956 0.287 4.53
552 400 48.7411 1.8649 14.8429 1.5626 0.950 0.334 8.48
553 400 46.9510 1.7506 14.1917 1.7391 0.953 0.488 8.20
554 400 50.6672 1.4918 14.3902 1.4761 0.950 0.264 10.22
555 400 56.3946 1.3920 14.2417 1.7253 0.947 0.549 6.98
556 400 53.5952 1.6736 14.2170 1.7827 0.934 0.453 6.63
557 400 50.5244 1.6643 14.2178 1.6946 0.925 0.317 7.41
558 400 47.5189 1.6755 13.9156 1.6634 0.922 0.478 6.83
559 400 46.8460 1.5735 13.8591 1.7630 0.916 0.516 5.45
560 400 48.5606 1.9881 13.3986 1.6324 0.912 0.489 6.01
561 400 50.7655 1.4543 12.9209 1.5158 0.906 0.301 7.59
562 400 51.5827 1.6126 12.5496 1.5887 0.909 0.417 7.43
563 400 49.5606 1.7552 12.6303 1.6607 0.912 0.413 9.23
564 400 52.1072 1.6824 12.3579 1.7106 0.913 0.456 7.13
565 400 47.6518 1.7731 13.1760 1.6382 0.909 0.395 9.60
566 400 47.2512 1.7307 12.8070 1.7067 0.916 0.533 6.63
567 400 46.2499 1.8676 13.4153 1.5673 0.928 0.471 7.82
568 400 47.7992 1.9709 13.6528 1.6150 0.934 0.267 9.11
569 400 47.0786 1.6958 13.2919 1.8247 0.947 0.503 6.48
570 400 46.1297 1.7486 13.6027 1.6889 0.956 0.372 9.18
571 400 45.0199 1.7597 13.4075 1.6820 0.963 0.467 7.23
572 400 49.1604 1.7712 13.4449 1.6487 0.959 0.431 5.94
573 400 44.8538 1.9735 13.3223 1.5999 0.950 0.526 8.24
574 400 51.7339 1.6188 13.4137 1.7034 0.950 0.518 7.60
575 400 50.0231 1.7459 12.9689 1.8266 0.953 0.393 10.65
576 400 54.4656 1.9533 13.8770 1.6376 0.947 0.476 7.53
577 400 46.5967 1.7650 13.9115 1.6266 0.938 0.200 9.58
578 400 46.2565 1.7546 13.5220 1.4556 0.931 0.330 8.33
579 400 47.2368 1.9918 13.6579 1.6734 0.931 0.477 7.46
580 400 47.2548 1.7430 13.0492 1.7887 0.925 0.560 6.38
581 400 44.1178 1.8765 12.9431 1.6423 0.922 0.529 6.09
582 400 43.8012 1.7854 13.0531 1.7104 0.925 0.374 6.19
583 400 48.8781 1.7632 12.9149 1.6081 0.931 0.465 8.04
584 400 49.6232 2.0244 13.1397 1.7100 0.931 0.440 8.81
585 400 50.3629 1.8552 13.6220 1.6683 0.941 0.383 10.34
586 400 49.8990 1.7201 13.0685 1.8482 0.950 0.477 8.58
587 400 50.3119 1.5941 12.5801 1.7429 0.950 0.425 6.88
588 400 47.8010 1.5421 13.0886 1.6225 0.950 0.489 7.17
589 400 54.2549 1.6067 12.9901 1.7572 0.941 0.490 6.98
590 400 46.8004 1.7191 13.8483 1.7055 0.947 0.367 7.68
591 400 49.4929 2.0516 14.3793 1.6595 0.947 0.349 6.36
592 400 42.7917 1.7109 14.5346 1.6597 0.947 0.355 7.34
593 400 47.1921 1.9322 15.1605 1.5069 0.947 0.214 8.86
594 400 50.9001 1.5303 14.6878 1.7284 0.947 0.277 7.22
595 400 45.0220 1.8222 13.9601 1.6789 0.941 0.413 6.91
596 400 46.0908 1.6254 13.6089 1.7367 0.931 0.595 7.55
597 400 47.4411 1.6793 13.6544 1.6855 0.938 0.416 8.37
598 400 46.0335 1.6902 13.1602 1.5412 0.938 0.444 8.00
599 400 47.3862 1.6479 13.2177 1.6360 0.938 0.408 7.49
600 400 45.0624 1.8255 12.6889 1.7120 0.931 0.564 7.46
601 400 45.1538 1.6757 12.2720 1.7763 0.938 0.490 11.88
602 400 46.1253 1.7600 12.1162 1.6648 0.931 0.444 7.38
603 400 44.8915 1.5309 12.1788 1.5785 0.937 0.468 9.04
604 400 50.4259 1.6894 12.1361 1.6066 0.941 0.533 7.83
605 400 47.4015 1.6626 12.3821 1.6362 0.941 0.396 8.43
606 400 48.3541 1.5582 12.9945 1.6883 0.947 0.342 9.39
607 400 46.0642 1.8240 13.1437 1.6024 0.944 0.413 8.48
608 400 48.5694 1.7756 13.6571 1.6000 0.950 0.318 8.29
609 400 48.8676 1.7191 13.4976 1.6762 0.950 0.518 5.25
610 400 47.8044 2.1158 14.5637 1.7272 0.956 0.272 11.13
611 400 45.2089 1.6380 14.6050 1.5739 0.950 0.483 8.29
612 400 45.0531 1.5688 14.0093 1.5674 0.953 0.523 7.37
613 400 52.2959 1.9443 13.7657 1.6666 0.944 0.473 5.94
614 400 44.6819 1.6897 14.0054 1.6559 0.944 0.480 8.37
615 400 43.9685 1.7568 13.9301 1.6811 0.944 0.442 7.01
616 400 47.9406 1.9908 14.1117 1.5496 0.950 0.364 8.91
617 400 45.8020 1.9970 13.8761 1.3638 0.959 0.409 6.85
618 400 48.0827 1.8068 13.8619 1.5759 0.953 0.422 5.31
619 400 45.3911 1.7512 13.8271 1.6641 0.950 0.494 9.40
620 400 55.1697 1.5869 12.7405 1.7070 0.941 0.484 7.21
621 400 51.1779 1.5015 12.8542 1.6852 0.937 0.186 7.44
622 400 48.3006 1.7104 13.2106 1.7007 0.941 0.289 5.72
623 400 43.2570 1.8401 12.7331 1.6821 0.950 0.523 5.34
624 400 46.2876 1.9477 13.2696 1.7464 0.950 0.411 8.15
625 400 46.4411 1.8177 13.8871 1.6250 0.956 0.314 8.57
626 400 50.1543 1.6942 13.3015 1.6480 0.947 0.531 7.37
627 400 46.4084 1.7175 13.3881 1.6332 0.944 0.467 10.02
628 400 47.4009 1.7542 13.0485 1.6532 0.947 0.483 6.63
629 400 49.4607 1.3911 13.0175 1.7786 0.953 0.552 6.77
630 400 47.5779 1.7172 13.1297 1.7322 0.956 0.289 10.40
631 400 46.6968 1.7443 12.7819 1.7491 0.966 0.457 7.77
632 400 48.0477 1.8268 12.6649 1.6858 0.963 0.459 9.31
633 400 46.8350 1.7637 12.4557 1.6593 0.956 0.459 9.30
634 400 44.8474 1.6891 11.9933 1.6673 0.956 0.580 6.67
635 400 48.6976 1.7257 11.5728 1.6009 0.950 0.362 8.88
636 400 50.2617 1.6157 11.5682 1.7715 0.953 0.406 6.01
637 400 50.2591 1.7257 11.4169 1.6268 0.950 0.447 7.97
638 400 49.3911 1.7108 12.0649 1.6720 0.941 0.395 6.85
639 400 46.7270 1.3126 12.2836 1.6389 0.941 0.466 6.08
640 400 42.6733 1.6676 12.4913 1.6518 0.947 0.109 9.72
641 400 48.1112 2.0262 12.6823 1.6076 0.947 0.340 7.65
642 400 45.2291 1.7157 13.0294 1.6651 0.944 0.279 10.21
643 400 46.3186 1.6971 13.3995 1.7507 0.944 0.515 7.31
644 400 44.9396 1.6443 13.2189 1.6035 0.947 0.386 8.05
645 400 45.2795 1.6927 13.0258 1.4601 0.947 0.243 10.81
646 400 45.9974 1.7363 13.6509 1.5412 0.950 0.197 8.39
647 400 48.4986 2.1156 14.2446 1.6383 0.953 0.356 6.67
648 400 48.4044 1.5947 13.4843 1.7942 0.959 0.456 8.05
649 400 48.1276 1.8814 13.7624 1.6651 0.966 0.486 7.61
650 400 46.2161 1.8422 13.4155 1.6412 0.966 0.316 7.52
651 400 44.6036 1.9714 13.9745 1.6862 0.966 0.276 6.27
652 400 45.1438 1.6077 13.5899 1.6890 0.972 0.467 6.52
653 400 48.7312 1.9065 13.9324 1.6715 0.978 0.382 6.64
654 400 50.5103 1.6849 13.7439 1.6926 0.972 0.574 6.94
655 400 46.8264 1.6633 13.8676 1.6293 0.975 0.485 8.42
656 400 46.6795 1.6172 13.3333 1.6325 0.969 0.448 7.96
657 400 43.7343 1.7283 12.7117 1.6509 0.972 0.404 7.42
658 400 44.2818 1.7708 12.9164 1.5184 0.978 0.378 9.76
659 400 42.5589 1.9380 13.7973 1.6545 0.978 0.170 5.11
660 400 42.4496 1.6685 13.3865 1.7456 0.978 0.475 5.78
661 400 50.3819 1.7297 12.7304 1.5623 0.969 0.244 8.17
662 400 46.8089 1.7361 12.7549 1.6046 0.962 0.481 7.79
663 400 42.8001 1.9074 12.9024 1.6446 0.959 0.310 6.90
664 400 45.2258 1.6193 13.0007 1.5981 0.962 0.362 6.76
665 400 43.5121 1.8991 13.4703 1.6495 0.959 0.243 6.84
666 400 43.6709 1.7805 13.6793 1.5130 0.969 0.351 5.68
667 400 46.7989 2.0687 13.8483 1.6368 0.959 0.335 7.29
668 400 51.1021 1.9769 14.3464 1.5897 0.947 0.423 6.27
669 400 48.6897 1.7427 13.2950 1.7198 0.941 0.376 8.40
670 400 46.4989 2.0031 14.2555 1.6156 0.931 0.293 8.53
671 400 48.4761 2.3641 14.5623 1.5378 0.931 0.354 8.18
672 400 48.2478 1.7843 15.5888 1.7092 0.928 0.292 9.51
673 400 49.9595 1.7836 15.7369 1.6582 0.928 0.330 10.06
674 400 47.6766 1.6304 16.3217 1.5134 0.925 0.388 6.40
675 400 50.4234 1.7431 16.1022 1.6941 0.916 0.337 10.02
676 400 45.7847 1.6676 15.9805 1.6219 0.913 0.320 9.86
677 400 43.2563 1.8323 15.9341 1.6077 0.916 0.350 7.49
678 400 44.4795 1.7332 15.9268 1.5668 0.928 0.356 10.06
679 400 47.2081 2.0343 16.7374 1.7109 0.925 0.308 5.77
680 400 44.6360 1.7378 16.4536 1.5029 0.931 0.433 5.86
681 400 46.8223 1.6159 16.1245 1.6189 0.941 0.332 9.11
682 400 47.2666 1.8917 15.3995 1.6089 0.944 0.339 6.18
683 400 46.1397 1.8922 14.9387 1.7674 0.944 0.424 6.33
684 400 48.9253 1.9293 14.8247 1.7555 0.950 0.428 9.70
685 400 45.0687 2.0054 15.8022 1.6259 0.966 0.084 8.49
686 400 44.9852 1.8463 16.0099 1.7357 0.969 0.242 11.87
687 400 51.6691 1.7157 16.0562 1.5392 0.969 0.386 9.62
688 400 42.0298 1.8502 15.6579 1.5964 0.969 0.443 12.35
689 400 44.0398 1.6650 14.6507 1.6511 0.978 0.584 7.31
690 400 47.5258 1.6990 14.5294 1.5903 0.969 0.496 9.20
691 400 44.0737 1.6889 14.8681 1.6637 0.966 0.492 7.56
692 400 47.2854 1.7849 14.7281 1.7547 0.972 0.388 12.23
693 400 46.9935 1.5580 14.9158 1.6306 0.972 0.435 8.02
694 400 41.8109 1.7739 14.6502 1.6384 0.972 0.499 7.74
695 400 43.0228 1.7956 13.1554 1.6507 0.966 0.304 5.32
696 400 46.0882 1.8839 12.8907 1.5465 0.963 0.456 8.63
697 400 46.0327 1.6283 13.1144 1.4848 0.969 0.456 8.87
698 400 45.3396 2.1489 13.3263 1.6345 0.969 0.437 9.67
699 400 48.3499 1.7907 13.5697 1.6805 0.969 0.409 8.16
700 400 45.0332 2.0099 14.2212 1.6936 0.975 0.250 9.07
701 400 43.3904 1.8960 14.5492 1.5212 0.969 0.331 10.10
702 400 44.6036 1.7670 15.0617 1.7668 0.969 0.337 5.21
703 400 46.1873 1.8639 15.0455 1.6842 0.972 0.452 10.81
704 400 42.3676 1.9121 15.4292 1.6444 0.969 0.333 7.57
705 400 46.0742 1.9862 15.4409 1.6015 0.972 0.510 5.71
706 400 48.2522 1.5145 15.3828 1.4725 0.969 0.424 5.46
707 400 43.8825 1.5907 14.8345 1.6608 0.966 0.391 6.87
708 400 42.3999 1.7821 14.8527 1.6829 0.956 0.297 7.00
709 400 43.6523 1.5516 15.1807 1.6534 0.953 0.412 8.42
710 400 41.2150 1.8769 14.3231 1.6649 0.959 0.494 6.92
711 400 46.0405 1.8084 13.9403 1.4868 0.963 0.478 6.35
712 400 46.0161 2.2191 14.4025 1.6409 0.966 0.382 7.26
713 400 48.7738 1.5945 13.7732 1.6350 0.963 0.485 7.54
714 400 45.2721 1.6586 13.4284 1.6689 0.959 0.342 10.07
715 400 47.4341 1.6111 13.3468 1.5580 0.963 0.510 6.25
716 400 49.1833 1.7265 13.3727 1.5914 0.959 0.388 5.92
717 400 46.8753 1.8664 13.7128 1.7791 0.959 0.294 6.74
718 400 48.4046 1.9093 13.1669 1.5896 0.956 0.581 6.93
719 400 44.9418 1.6955 12.9469 1.5966 0.953 0.308 8.87
720 400 44.6675 1.9573 13.0153 1.6100 0.950 0.232 8.44
721 400 45.5040 1.5740 12.7691 1.6821 0.956 0.383 8.03
722 400 46.1751 1.9532 11.9150 1.5580 0.953 0.380 6.02
723 400 46.3979 1.8313 12.6808 1.6466 0.953 0.255 8.51
724 400 46.7545 1.8214 12.7590 1.6801 0.959 0.409 9.37
725 400 43.6540 1.8185 13.2193 1.5591 0.956 0.332 7.87
726 400 41.7629 1.7071 13.3705 1.7133 0.963 0.267 6.42
727 400 48.1671 1.8833 13.4270 1.5668 0.966 0.366 7.49
728 400 43.4298 1.9550 14.2336 1.6067 0.978 0.373 7.07
729 400 47.7082 1.7150 14.4882 1.6734 0.981 0.349 9.24
730 400 45.6003 1.7407 14.7019 1.3920 0.981 0.412 6.60
731 400 40.9338 1.7701 14.7792 1.5703 0.981 0.297 5.85
732 400 41.9334 1.9818 15.5134 1.7601 0.981 0.350 6.78
733 400 49.9976 1.9128 15.5283 1.6265 0.978 0.391 5.38
734 400 44.2785 1.8434 15.6219 1.7856 0.975 0.386 8.04
735 400 44.4714 1.7613 15.2443 1.6701 0.972 0.437 8.71
736 400 47.6357 1.5248 14.7362 1.6257 0.969 0.565 7.05
737 400 44.6494 1.7995 14.4555 1.7675 0.966 0.523 8.04
738 400 45.5162 1.9203 14.2266 1.6360 0.963 0.365 10.09
739 400 44.5457 1.8223 13.4496 1.7904 0.963 0.540 6.75
740 400 43.5464 1.7880 13.8134 1.6785 0.959 0.312 8.58
741 400 46.6243 1.8346 13.6897 1.6179 0.956 0.476 9.38
742 400 45.3013 1.7152 12.8877 1.6529 0.956 0.411 9.39
743 400 45.7020 1.5941 12.4248 1.6644 0.956 0.498 9.28
744 400 46.7509 1.6374 12.4818 1.6384 0.953 0.389 7.78
745 400 45.2966 1.9895 12.8359 1.6658 0.959 0.459 8.97
746 400 43.2533 1.9417 13.8016 1.7024 0.963 0.289 9.44
747 400 45.5876 1.4528 13.7328 1.6693 0.966 0.471 6.09
748 400 47.6461 1.6157 13.6652 1.7313 0.963 0.397 6.72
749 400 46.8515 1.6417 14.3074 1.6568 0.963 0.284 8.58
750 400 47.6779 1.8906 14.1965 1.5537 0.959 0.350 7.24
751 400 42.8156 1.8811 14.3851 1.4242 0.963 0.420 6.69
752 400 46.6346 1.8355 14.5746 1.6493 0.959 0.464 7.49
753 400 45.6088 1.7887 14.8053 1.7965 0.963 0.390 8.30
754 400 47.1088 1.9689 14.8383 1.5811 0.963 0.374 8.04
755 400 44.7962 1.9754 14.9478 1.6320 0.963 0.114 6.71
756 400 45.5723 1.8770 14.8121 1.7000 0.966 0.296 7.95
757 400 41.1917 1.9104 14.6099 1.7943 0.966 0.423 8.27
758 400 45.4317 1.6828 14.5431 1.7752 0.969 0.408 7.22
759 400 47.9166 1.8132 13.9886 1.6813 0.963 0.449 6.08
760 400 43.6539 1.7921 13.9383 1.7298 0.966 0.349 5.17
761 400 46.7953 1.7407 13.5676 1.6109 0.966 0.315 9.96
762 400 44.8375 1.5407 13.5038 1.7258 0.969 0.479 7.79
763 400 44.1980 1.8533 13.3289 1.7102 0.966 0.430 8.49
764 400 43.2631 1.5247 12.8408 1.6647 0.972 0.460 10.13
765 400 47.8234 1.7502 12.5342 1.7959 0.969 0.289 7.15
766 400 44.2968 1.7960 12.1507 1.8244 0.966 0.436 9.32
767 400 51.2854 1.4939 12.2491 1.6093 0.959 0.483 6.86
768 400 43.9775 1.4312 11.6546 1.5762 0.963 0.363 8.35
769 400 44.1227 1.8574 11.8329 1.6012 0.966 0.370 9.01
770 400 43.3429 1.6016 11.7543 1.6869 0.972 0.318 7.15
771 400 44.4191 1.5601 11.9099 1.6529 0.966 0.546 7.10
772 400 42.4567 1.8168 11.3397 1.7132 0.966 0.472 5.35
773 400 41.5073 1.9626 11.3752 1.6774 0.969 0.386 9.07
774 400 45.5593 1.7394 11.7731 1.5778 0.966 0.411 7.23
775 400 46.8800 1.8800 12.0516 1.5468 0.959 0.348 7.60
776 400 43.4067 1.6603 12.1965 1.5812 0.959 0.354 8.90
777 400 42.9547 1.6327 12.3647 1.5854 0.966 0.468 6.90
778 400 42.0693 1.8526 12.7776 1.6384 0.963 0.491 6.75
779 400 43.0149 1.6350 12.7749 1.6055 0.966 0.421 8.06
780 400 43.2863 1.7228 12.2800 1.6412 0.963 0.449 6.70
781 400 45.7737 1.8559 12.3459 1.6801 0.966 0.480 7.87
782 400 48.5325 1.5058 12.2911 1.6277 0.963 0.541 8.41
783 400 46.5529 2.0362 12.7298 1.6950 0.966 0.344 7.89
784 400 46.4656 1.5388 12.0117 1.6782 0.966 0.522 6.50
785 400 44.4525 1.7744 12.0643 1.6877 0.975 0.380 6.80
786 400 43.6980 1.9947 12.1056 1.5341 0.978 0.319 6.81
787 400 42.1487 1.7862 12.4136 1.5855 0.975 0.342 4.95
788 400 45.0295 1.8196 12.9954 1.7332 0.975 0.363 8.08
789 400 45.0423 1.5139 12.8156 1.5748 0.975 0.477 4.87
790 400 46.6473 1.9248 13.4030 1.6097 0.969 0.246 5.96
791 400 42.1241 1.6532 13.8900 1.7132 0.972 0.346 8.08
792 400 43.3539 1.7648 14.3626 1.7084 0.975 0.353 6.00
793 400 45.4820 1.9934 14.4284 1.7579 0.969 0.358 6.65
794 400 44.6271 1.6579 14.9653 1.5748 0.966 0.308 7.01
795 400 42.5405 1.6899 14.8530 1.6329 0.966 0.469 5.06
796 400 44.2009 1.9591 14.4910 1.6447 0.963 0.492 10.47
797 400 43.4883 1.5994 14.4012 1.5349 0.963 0.364 7.21
798 400 46.3020 1.5172 13.6912 1.7163 0.966 0.384 7.47
799 400 42.2602 1.9064 14.3749 1.6066 0.966 0.265 8.29
