t V gam alpha th Tc Tr thsp Tcc Trc lf gd
0.05 13.416 -2.234 -2.522 -4.756 14.63 1.13 -5.152 13.95 4.00 0.830 -0.150
0.15 13.484 -2.768 -2.115 -4.884 14.30 5.33 -5.541 12.45 11.16 0.912 -0.094
0.25 13.551 -2.969 -2.066 -5.035 13.76 10.26 -5.761 10.95 16.47 0.987 -0.035
0.35 13.613 -2.903 -2.274 -5.177 13.04 14.67 -5.827 9.45 19.96 1.041 0.012
0.45 13.665 -2.660 -2.629 -5.289 12.19 18.05 -5.777 7.95 21.98 1.073 0.043
0.55 13.705 -2.323 -3.037 -5.361 11.21 20.36 -5.654 6.45 22.96 1.088 0.059
0.65 13.731 -1.957 -3.435 -5.392 10.14 21.76 -5.494 4.95 23.28 1.090 0.064
0.75 13.740 -1.601 -3.786 -5.387 8.99 22.49 -5.321 3.45 23.24 1.083 0.062
0.85 13.733 -1.280 -4.071 -5.351 7.78 22.78 -5.152 1.95 23.03 1.073 0.056
0.95 13.708 -1.006 -4.287 -5.293 6.52 22.80 -4.993 0.45 22.78 1.061 0.048
1.05 13.666 -0.780 -4.438 -5.219 5.34 22.72 -4.849 0.00 22.58 1.049 0.039
1.15 13.609 -0.602 -4.532 -5.134 4.37 22.61 -4.719 0.00 22.48 1.038 0.031
1.25 13.540 -0.466 -4.576 -5.043 3.58 22.54 -4.605 0.00 22.49 1.028 0.024
1.35 13.462 -0.367 -4.583 -4.949 2.93 22.56 -4.505 0.00 22.61 1.020 0.017
1.45 13.378 -0.296 -4.560 -4.856 2.40 22.68 -4.416 0.00 22.85 1.014 0.012
1.55 13.288 -0.248 -4.518 -4.765 1.96 22.89 -4.336 0.00 23.19 1.009 0.008
1.65 13.194 -0.216 -4.461 -4.678 1.61 23.19 -4.264 0.00 23.61 1.006 0.005
1.75 13.098 -0.197 -4.396 -4.593 1.32 23.58 -4.197 0.00 24.09 1.003 0.003
1.85 13.000 -0.186 -4.327 -4.513 1.08 24.04 -4.134 0.00 24.63 1.002 0.002
1.95 12.900 -0.180 -4.256 -4.436 0.88 24.55 -4.073 0.00 25.21 1.001 0.001
2.05 12.801 -0.177 -4.185 -4.362 0.72 25.10 -4.014 0.00 25.81 1.000 0.000
2.15 12.702 -0.175 -4.116 -4.291 0.59 25.68 -3.956 0.00 26.43 1.000 0.000
2.25 12.603 -0.174 -4.048 -4.222 0.48 26.29 -3.899 0.00 27.06 1.000 0.000
2.35 12.504 -0.172 -3.983 -4.156 0.40 26.91 -3.841 0.00 27.69 1.000 0.000
2.45 12.407 -0.170 -3.921 -4.091 0.32 27.53 -3.784 0.00 28.32 1.001 0.000
2.55 12.311 -0.167 -3.861 -4.027 0.27 28.16 -3.727 0.00 28.95 1.001 0.001
2.65 12.215 -0.162 -3.803 -3.965 0.22 28.78 -3.671 0.00 29.57 1.001 0.001
2.75 12.121 -0.157 -3.747 -3.904 0.18 29.40 -3.614 0.00 30.18 1.001 0.001
2.85 12.029 -0.150 -3.693 -3.843 0.15 30.01 -3.557 0.00 30.78 1.001 0.001
2.95 11.937 -0.143 -3.641 -3.784 0.12 30.61 -3.501 0.00 31.37 1.002 0.001
3.05 11.847 -0.135 -3.590 -3.725 0.10 31.20 -3.445 0.00 31.94 1.002 0.001
3.15 11.758 -0.126 -3.540 -3.667 0.08 31.78 -3.390 0.00 32.51 1.002 0.001
3.25 11.671 -0.118 -3.491 -3.609 0.07 32.35 -3.335 0.00 33.06 1.002 0.001
3.35 11.584 -0.109 -3.443 -3.552 0.05 32.91 -3.281 0.00 33.60 1.002 0.001
3.45 11.499 -0.099 -3.396 -3.495 0.04 33.45 -3.227 0.00 34.14 1.002 0.002
3.55 11.416 -0.090 -3.349 -3.439 0.04 33.98 -3.174 0.00 34.66 1.002 0.002
3.65 11.333 -0.081 -3.303 -3.384 0.03 34.51 -3.122 0.00 35.17 1.002 0.001
3.75 11.252 -0.073 -3.257 -3.329 0.02 35.02 -3.071 0.00 35.67 1.002 0.001
3.85 11.172 -0.064 -3.212 -3.276 0.02 35.53 -3.020 0.00 36.16 1.002 0.001
3.95 11.093 -0.056 -3.167 -3.222 0.02 36.02 -2.970 0.00 36.64 1.002 0.001
4.05 11.015 -0.048 -3.122 -3.170 0.01 36.50 -2.921 0.00 37.11 1.001 0.001
4.15 10.938 -0.040 -3.078 -3.118 0.01 36.98 -2.873 0.00 37.58 1.001 0.001
4.25 10.863 -0.032 -3.035 -3.067 0.01 37.45 -2.826 0.00 38.04 1.001 0.001
4.35 10.788 -0.025 -2.992 -3.017 0.01 37.91 -2.779 0.00 38.49 1.001 0.001
4.45 10.714 -0.018 -2.949 -2.967 0.01 38.36 -2.733 0.00 38.93 1.001 0.001
4.55 10.642 -0.012 -2.907 -2.919 0.00 38.80 -2.688 0.00 39.36 1.001 0.001
4.65 10.570 -0.006 -2.865 -2.871 0.00 39.24 -2.643 0.00 39.79 1.001 0.001
4.75 10.499 -0.000 -2.823 -2.823 0.00 39.67 -2.600 0.00 40.21 1.001 0.001
4.85 10.430 0.005 -2.782 -2.777 0.00 40.09 -2.557 0.00 40.62 1.001 0.001
4.95 10.361 0.011 -2.742 -2.731 0.00 40.51 -2.514 0.00 41.03 1.001 0.001
5.05 10.293 0.015 -2.702 -2.686 0.00 40.92 -2.473 0.00 41.43 1.001 0.001
5.15 10.226 0.020 -2.662 -2.642 0.00 41.32 -2.432 0.00 41.83 1.001 0.001
5.25 10.160 0.024 -2.622 -2.598 0.00 41.72 -2.391 0.00 42.22 1.001 0.001
5.35 10.094 0.029 -2.584 -2.555 0.00 42.11 -2.351 0.00 42.60 1.001 0.001
5.45 10.030 0.032 -2.545 -2.513 0.00 42.49 -2.312 0.00 42.98 1.001 0.001
5.55 9.966 0.036 -2.507 -2.471 0.00 42.87 -2.274 0.00 43.35 1.001 0.001
5.65 9.903 0.040 -2.470 -2.430 0.00 43.25 -2.235 0.00 43.72 1.001 0.001
5.75 9.841 0.043 -2.432 -2.389 0.00 43.61 -2.198 0.00 44.08 1.000 0.001
5.85 9.780 0.046 -2.396 -2.350 0.00 43.98 -2.161 0.00 44.44 1.000 0.000
5.95 9.719 0.049 -2.359 -2.310 0.00 44.34 -2.124 0.00 44.79 1.000 0.000
6.05 9.659 0.051 -2.323 -2.272 0.00 44.69 -2.088 0.00 45.13 1.000 0.000
6.15 9.599 0.054 -2.288 -2.234 0.00 45.04 -2.053 0.00 45.47 1.000 0.000
6.25 9.541 0.056 -2.252 -2.196 0.00 45.38 -2.018 0.00 45.81 1.000 0.000
6.35 9.483 0.059 -2.218 -2.159 0.00 45.72 -1.983 0.00 46.14 1.000 0.000
6.45 9.425 0.061 -2.183 -2.122 0.00 46.05 -1.949 0.00 46.47 1.000 0.000
6.55 9.369 0.063 -2.149 -2.086 0.00 46.38 -1.915 0.00 46.80 1.000 0.000
6.65 9.312 0.065 -2.115 -2.051 0.00 46.71 -1.882 0.00 47.11 1.000 0.000
6.75 9.257 0.066 -2.082 -2.016 0.00 47.03 -1.849 0.00 47.43 1.000 0.000
6.85 9.202 0.068 -2.049 -1.981 0.00 47.34 -1.817 0.00 47.74 1.000 0.000
6.95 9.148 0.070 -2.016 -1.947 0.00 47.65 -1.785 0.00 48.05 1.000 0.000
7.05 9.094 0.071 -1.984 -1.913 0.00 47.96 -1.753 0.00 48.35 1.000 0.000
7.15 9.041 0.072 -1.952 -1.880 0.00 48.27 -1.722 0.00 48.65 1.000 0.000
7.25 8.988 0.073 -1.920 -1.847 0.00 48.57 -1.691 0.00 48.94 1.000 0.000
7.35 8.936 0.075 -1.889 -1.814 0.00 48.86 -1.660 0.00 49.23 1.000 0.000
7.45 8.884 0.076 -1.858 -1.782 0.00 49.15 -1.630 0.00 49.52 1.000 0.000
7.55 8.833 0.077 -1.827 -1.750 0.00 49.44 -1.600 0.00 49.81 1.000 0.000
7.65 8.782 0.078 -1.796 -1.719 0.00 49.73 -1.570 0.00 50.09 1.000 0.000
7.75 8.732 0.078 -1.766 -1.688 0.00 50.01 -1.541 0.00 50.36 1.000 0.000
7.85 8.682 0.079 -1.736 -1.657 0.00 50.29 -1.512 0.00 50.64 1.000 0.000
7.95 8.633 0.080 -1.707 -1.627 0.00 50.56 -1.483 0.00 50.91 1.000 0.000
8.05 8.584 0.081 -1.677 -1.597 0.00 50.83 -1.454 0.00 51.18 1.000 0.000
8.15 8.536 0.081 -1.648 -1.567 0.00 51.10 -1.426 0.00 51.44 1.000 0.000
8.25 8.488 0.082 -1.619 -1.538 0.00 51.37 -1.398 0.00 51.70 1.000 0.000
8.35 8.440 0.082 -1.591 -1.509 0.00 51.63 -1.371 0.00 51.96 1.000 0.000
8.45 8.393 0.083 -1.562 -1.480 0.00 51.89 -1.344 0.00 52.21 1.000 0.000
8.55 8.347 0.083 -1.534 -1.451 0.00 52.14 -1.317 0.00 52.47 1.000 0.000
8.65 8.300 0.083 -1.507 -1.423 0.00 52.40 -1.290 0.00 52.72 1.000 0.000
8.75 8.254 0.084 -1.479 -1.395 0.00 52.65 -1.263 0.00 52.96 1.000 -0.000
8.85 8.209 0.084 -1.452 -1.368 0.00 52.89 -1.237 0.00 53.21 1.000 -0.000
8.95 8.164 0.084 -1.424 -1.340 0.00 53.14 -1.211 0.00 53.45 1.000 -0.000
9.05 8.119 0.084 -1.398 -1.313 0.00 53.38 -1.185 0.00 53.69 1.000 -0.000
9.15 8.075 0.084 -1.371 -1.287 0.00 53.62 -1.159 0.00 53.92 1.000 -0.000
9.25 8.031 0.084 -1.344 -1.260 0.00 53.86 -1.134 0.00 54.15 1.000 -0.000
9.35 7.987 0.084 -1.318 -1.234 0.00 54.09 -1.109 0.00 54.39 1.000 -0.000
9.45 7.943 0.085 -1.292 -1.207 0.00 54.32 -1.084 0.00 54.61 1.000 -0.000
9.55 7.900 0.085 -1.266 -1.182 0.00 54.55 -1.059 0.00 54.84 1.000 -0.000
9.65 7.858 0.085 -1.240 -1.156 0.00 54.78 -1.034 0.00 55.06 1.000 -0.000
9.75 7.815 0.084 -1.215 -1.131 0.00 55.00 -1.010 0.00 55.29 1.000 -0.000
9.85 7.773 0.084 -1.190 -1.105 0.00 55.22 -0.986 0.00 55.50 1.000 -0.000
9.95 7.731 0.084 -1.165 -1.080 0.00 55.44 -0.962 0.00 55.72 1.000 -0.000
10.05 7.690 0.084 -1.140 -1.056 0.00 55.66 -0.938 0.00 55.94 1.000 -0.000
10.15 7.648 0.084 -1.115 -1.031 0.00 55.88 -0.914 0.00 56.15 1.000 -0.000
10.25 7.607 0.084 -1.090 -1.007 0.00 56.09 -0.891 0.00 56.36 1.000 -0.000
10.35 7.567 0.084 -1.066 -0.982 0.00 56.30 -0.867 0.00 56.57 1.000 -0.000
10.45 7.526 0.084 -1.042 -0.958 0.00 56.51 -0.844 0.00 56.77 1.000 -0.000
10.55 7.486 0.083 -1.018 -0.934 0.00 56.72 -0.821 0.00 56.98 1.000 -0.000
10.65 7.446 0.083 -0.994 -0.911 0.00 56.92 -0.798 0.00 57.18 1.000 -0.000
10.75 7.407 0.083 -0.970 -0.887 0.00 57.13 -0.776 0.00 57.38 1.000 -0.000
10.85 7.367 0.083 -0.947 -0.864 0.00 57.33 -0.753 0.00 57.58 1.000 -0.000
10.95 7.328 0.082 -0.923 -0.841 0.00 57.53 -0.731 0.00 57.78 1.000 -0.000
11.05 7.289 0.082 -0.900 -0.818 0.00 57.72 -0.709 0.00 57.97 1.000 -0.000
11.15 7.250 0.082 -0.877 -0.795 0.00 57.92 -0.687 0.00 58.17 1.000 -0.000
11.25 7.212 0.081 -0.854 -0.772 0.00 58.11 -0.665 0.00 58.36 1.000 -0.000
11.35 7.174 0.081 -0.831 -0.750 0.00 58.31 -0.643 0.00 58.55 1.000 -0.000
11.45 7.136 0.081 -0.808 -0.727 0.00 58.50 -0.621 0.00 58.74 1.000 -0.000
11.55 7.098 0.080 -0.786 -0.705 0.00 58.69 -0.600 0.00 58.92 1.000 -0.000
11.65 7.060 0.080 -0.763 -0.683 0.00 58.87 -0.578 0.00 59.11 1.000 -0.000
11.75 7.023 0.080 -0.741 -0.661 0.00 59.06 -0.557 0.00 59.29 1.000 -0.000
11.85 6.986 0.079 -0.719 -0.639 0.00 59.24 -0.536 0.00 59.47 1.000 -0.000
11.95 6.949 0.079 -0.696 -0.617 0.00 59.42 -0.514 0.00 59.65 1.000 -0.000
12.05 6.912 0.079 -0.674 -0.596 0.00 59.61 -0.494 0.00 59.83 1.000 -0.000
12.15 6.875 0.078 -0.653 -0.574 0.00 59.78 -0.473 0.00 60.01 1.000 -0.000
12.25 6.839 0.078 -0.631 -0.553 0.00 59.96 -0.452 0.00 60.19 1.000 -0.000
12.35 6.802 0.077 -0.609 -0.532 0.00 60.14 -0.431 0.00 60.36 1.000 -0.000
12.45 6.766 0.077 -0.588 -0.511 0.00 60.31 -0.411 0.00 60.53 1.000 -0.000
12.55 6.730 0.077 -0.566 -0.490 0.00 60.49 -0.390 0.00 60.71 1.000 -0.000
12.65 6.694 0.076 -0.545 -0.469 0.00 60.66 -0.370 0.00 60.88 1.000 -0.000
12.75 6.659 0.076 -0.524 -0.448 0.00 60.83 -0.350 0.00 61.04 1.000 -0.000
12.85 6.623 0.075 -0.503 -0.428 0.00 61.00 -0.329 0.00 61.21 1.000 -0.000
12.95 6.588 0.075 -0.482 -0.407 0.00 61.17 -0.309 0.00 61.38 1.000 -0.000
13.05 6.553 0.074 -0.461 -0.387 0.00 61.33 -0.289 0.00 61.54 1.000 -0.000
13.15 6.518 0.074 -0.440 -0.366 0.00 61.50 -0.270 0.00 61.71 1.000 -0.000
13.25 6.483 0.074 -0.419 -0.346 0.00 61.66 -0.250 0.00 61.87 1.000 -0.000
13.35 6.448 0.073 -0.399 -0.326 0.00 61.83 -0.230 0.00 62.03 1.000 -0.000
13.45 6.413 0.073 -0.378 -0.306 0.00 61.99 -0.210 0.00 62.19 1.000 -0.000
13.55 6.379 0.072 -0.358 -0.286 0.00 62.15 -0.191 0.00 62.35 1.000 -0.000
13.65 6.345 0.072 -0.338 -0.266 0.00 62.31 -0.171 0.00 62.51 1.000 -0.000
13.75 6.310 0.071 -0.317 -0.246 0.00 62.47 -0.152 0.00 62.67 1.000 -0.000
13.85 6.276 0.071 -0.297 -0.226 0.00 62.62 -0.132 0.00 62.82 1.000 -0.000
13.95 6.242 0.070 -0.277 -0.207 0.00 62.78 -0.113 0.00 62.98 1.000 -0.000
14.05 6.208 0.070 -0.257 -0.187 0.00 62.93 -0.094 0.00 63.13 1.000 -0.000
14.15 6.175 0.069 -0.237 -0.167 0.00 63.09 -0.075 0.00 63.28 1.000 -0.000
14.25 6.141 0.069 -0.217 -0.148 0.00 63.24 -0.056 0.00 63.43 1.000 -0.000
14.35 6.107 0.069 -0.197 -0.129 0.00 63.39 -0.037 0.00 63.58 1.000 -0.000
14.45 6.074 0.068 -0.177 -0.109 0.00 63.54 -0.018 0.00 63.73 1.000 -0.000
14.55 6.040 0.068 -0.158 -0.090 0.00 63.69 0.001 0.00 63.88 1.000 -0.000
14.65 6.007 0.067 -0.138 -0.071 0.00 63.84 0.020 0.00 64.03 1.000 -0.000
14.75 5.974 0.067 -0.119 -0.052 0.00 63.99 0.033 0.00 64.17 1.000 -0.000
14.85 5.941 0.066 -0.103 -0.037 0.00 64.14 0.033 0.00 64.32 1.000 -0.000
14.95 5.908 0.065 -0.090 -0.024 0.00 64.28 0.033 0.00 64.47 1.000 -0.000
15.05 5.875 0.064 -0.078 -0.014 0.01 64.43 0.032 0.08 64.62 1.000 -0.000
15.15 5.843 0.064 -0.069 -0.006 0.04 64.58 0.032 0.20 64.77 1.000 -0.000
15.25 5.812 0.064 -0.062 0.001 0.08 64.73 0.032 0.31 64.92 1.000 -0.000
15.35 5.781 0.064 -0.057 0.007 0.14 64.87 0.032 0.43 65.05 1.000 -0.000
15.45 5.752 0.064 -0.053 0.011 0.21 65.01 0.032 0.55 65.19 1.000 0.000
15.55 5.723 0.065 -0.050 0.015 0.29 65.15 0.032 0.66 65.31 1.000 0.000
15.65 5.696 0.065 -0.047 0.018 0.37 65.27 0.032 0.78 65.43 1.000 0.000
15.75 5.670 0.066 -0.046 0.021 0.46 65.39 0.033 0.89 65.54 1.000 0.000
15.85 5.646 0.068 -0.045 0.023 0.55 65.51 0.034 1.00 65.65 1.000 0.000
15.95 5.623 0.069 -0.044 0.025 0.65 65.61 0.034 1.12 65.74 1.000 0.000
16.05 5.601 0.071 -0.044 0.027 0.75 65.71 0.035 1.22 65.83 1.000 0.000
16.15 5.581 0.072 -0.044 0.028 0.85 65.80 0.036 1.33 65.92 1.000 0.000
16.25 5.562 0.074 -0.044 0.030 0.95 65.89 0.037 1.43 66.00 1.000 0.000
16.35 5.545 0.076 -0.044 0.031 1.05 65.97 0.037 1.53 66.07 1.000 0.000
16.45 5.529 0.077 -0.045 0.032 1.15 66.04 0.038 1.63 66.13 1.000 0.000
16.55 5.515 0.079 -0.046 0.034 1.25 66.11 0.039 1.73 66.19 1.000 0.000
16.65 5.502 0.081 -0.046 0.035 1.35 66.16 0.040 1.82 66.24 1.000 0.000
16.75 5.490 0.083 -0.047 0.036 1.45 66.22 0.041 1.91 66.28 1.000 0.000
16.85 5.480 0.084 -0.048 0.037 1.55 66.26 0.042 2.00 66.32 1.000 0.000
16.95 5.470 0.086 -0.048 0.038 1.64 66.31 0.043 2.08 66.36 1.000 0.000
17.05 5.462 0.088 -0.049 0.039 1.73 66.34 0.043 2.16 66.38 1.000 0.000
17.15 5.456 0.089 -0.049 0.040 1.82 66.37 0.044 2.24 66.41 1.000 0.000
17.25 5.450 0.091 -0.050 0.041 1.90 66.40 0.045 2.31 66.43 1.000 0.000
17.35 5.445 0.092 -0.050 0.042 1.99 66.42 0.046 2.38 66.44 1.000 0.000
17.45 5.442 0.093 -0.051 0.042 2.07 66.43 0.046 2.45 66.45 1.000 0.000
17.55 5.439 0.095 -0.051 0.043 2.15 66.44 0.047 2.52 66.45 1.000 0.000
17.65 5.438 0.096 -0.052 0.044 2.22 66.45 0.048 2.58 66.46 1.000 0.000
17.75 5.437 0.097 -0.052 0.045 2.30 66.45 0.048 2.64 66.45 1.000 0.000
17.85 5.438 0.098 -0.052 0.045 2.37 66.45 0.049 2.70 66.45 1.000 0.000
17.95 5.439 0.098 -0.052 0.046 2.43 66.44 0.049 2.75 66.44 1.000 0.000
18.05 5.441 0.099 -0.053 0.047 2.50 66.44 0.049 2.80 66.42 1.000 0.000
18.15 5.443 0.100 -0.053 0.047 2.56 66.42 0.050 2.85 66.41 1.000 0.000
18.25 5.447 0.101 -0.053 0.048 2.62 66.41 0.050 2.90 66.39 1.000 0.000
18.35 5.451 0.101 -0.053 0.048 2.67 66.39 0.050 2.94 66.36 1.000 0.000
18.45 5.455 0.101 -0.053 0.049 2.73 66.37 0.051 2.98 66.34 1.000 0.000
18.55 5.461 0.102 -0.053 0.049 2.78 66.34 0.051 3.02 66.31 1.000 0.000
18.65 5.467 0.102 -0.053 0.049 2.83 66.32 0.051 3.05 66.28 1.000 0.000
18.75 5.473 0.102 -0.053 0.050 2.87 66.29 0.051 3.09 66.25 1.000 0.000
18.85 5.480 0.102 -0.052 0.050 2.92 66.26 0.051 3.12 66.22 1.000 0.000
18.95 5.487 0.102 -0.052 0.050 2.96 66.22 0.051 3.15 66.18 1.000 0.000
19.05 5.495 0.102 -0.052 0.050 3.00 66.19 0.051 3.18 66.14 1.000 0.000
19.15 5.503 0.102 -0.052 0.050 3.03 66.15 0.051 3.20 66.10 1.000 -0.000
19.25 5.511 0.102 -0.051 0.051 3.07 66.11 0.051 3.22 66.06 1.000 -0.000
19.35 5.520 0.102 -0.051 0.051 3.10 66.07 0.051 3.25 66.02 1.000 -0.000
19.45 5.529 0.101 -0.051 0.051 3.13 66.03 0.051 3.27 65.98 1.000 -0.000
19.55 5.539 0.101 -0.050 0.051 3.15 65.99 0.051 3.28 65.93 1.000 -0.000
19.65 5.548 0.101 -0.050 0.051 3.18 65.94 0.050 3.30 65.89 1.000 -0.000
19.75 5.558 0.100 -0.050 0.051 3.20 65.90 0.050 3.31 65.84 1.000 -0.000
19.85 5.568 0.100 -0.049 0.050 3.23 65.85 0.050 3.33 65.80 1.000 -0.000
19.95 5.578 0.099 -0.049 0.050 3.25 65.81 0.050 3.34 65.75 1.000 -0.000
