t V gam alpha th Tc Tr thsp Tcc Trc lf gd
0.05 6.000 0.000 -0.000 0.000 2.80 63.78 0.000 3.48 63.78 1.000 0.000
0.15 6.003 0.001 -0.001 0.000 3.13 63.78 0.000 4.98 63.78 1.000 0.000
0.25 6.011 0.003 -0.003 0.000 3.67 63.77 0.000 6.48 63.74 1.000 0.000
0.35 6.027 0.009 -0.009 0.000 4.39 63.72 0.000 7.98 63.66 1.001 0.001
0.45 6.053 0.019 -0.019 0.000 5.25 63.64 0.000 9.48 63.53 1.001 0.002
0.55 6.089 0.033 -0.033 0.000 6.22 63.52 0.000 10.98 63.34 1.002 0.003
0.65 6.138 0.053 -0.053 0.000 7.29 63.34 0.000 12.48 63.09 1.002 0.003
0.75 6.201 0.077 -0.077 0.000 8.44 63.10 0.000 13.98 62.77 1.003 0.004
0.85 6.277 0.107 -0.107 0.000 9.65 62.79 0.000 15.48 62.37 1.004 0.005
0.95 6.367 0.141 -0.141 0.000 10.91 62.40 0.000 16.98 61.89 1.004 0.006
1.05 6.472 0.180 -0.180 0.000 12.22 61.94 0.000 18.48 61.33 1.005 0.007
1.15 6.593 0.223 -0.223 0.000 13.56 61.40 0.000 19.98 60.68 1.005 0.008
1.25 6.728 0.269 -0.269 0.000 14.93 60.77 0.000 21.48 59.94 1.006 0.008
1.35 6.879 0.318 -0.318 0.000 16.33 60.04 0.000 22.98 59.10 1.006 0.009
1.45 7.045 0.370 -0.370 0.000 17.74 59.22 0.000 24.48 58.16 1.007 0.009
1.55 7.227 0.423 -0.423 0.000 19.17 58.30 0.000 25.98 57.10 1.007 0.010
1.65 7.423 0.479 -0.479 0.000 20.61 57.27 0.000 27.48 55.93 1.008 0.010
1.75 7.635 0.536 -0.536 0.000 22.06 56.13 0.000 28.98 54.65 1.008 0.010
1.85 7.860 0.593 -0.593 0.000 23.28 54.87 0.000 28.71 53.23 1.008 0.010
1.95 8.095 0.650 -0.650 0.000 24.21 53.49 0.000 28.29 51.71 1.008 0.010
2.05 8.336 0.704 -0.704 0.000 24.89 52.01 0.000 27.87 50.11 1.008 0.010
2.15 8.580 0.755 -0.755 0.000 25.37 50.44 0.000 27.45 48.43 1.008 0.009
2.25 8.824 0.799 -0.799 0.000 25.69 48.80 0.000 27.03 46.71 1.007 0.008
2.35 9.068 0.838 -0.838 0.000 25.88 47.11 0.000 26.62 44.95 1.006 0.007
2.45 9.308 0.870 -0.870 0.000 25.96 45.37 0.000 26.23 43.17 1.005 0.006
2.55 9.544 0.896 -0.896 0.000 25.95 43.61 0.000 25.85 41.37 1.004 0.005
2.65 9.776 0.915 -0.915 0.000 25.89 41.82 0.000 25.49 39.56 1.003 0.004
2.75 10.001 0.927 -0.927 0.000 25.77 40.03 0.000 25.14 37.76 1.002 0.003
2.85 10.221 0.934 -0.934 0.000 25.61 38.23 0.000 24.81 35.97 1.001 0.001
2.95 10.433 0.935 -0.935 0.000 25.42 36.44 0.000 24.50 34.19 1.000 0.001
3.05 10.639 0.932 -0.932 0.000 25.21 34.67 0.000 24.20 32.43 0.999 -0.000
3.15 10.838 0.924 -0.924 0.000 24.99 32.91 0.000 23.92 30.70 0.998 -0.001
3.25 11.030 0.912 -0.912 0.000 24.76 31.18 0.000 23.65 29.00 0.998 -0.002
3.35 11.215 0.897 -0.897 0.000 24.52 29.48 0.000 23.40 27.33 0.997 -0.002
3.45 11.393 0.879 -0.879 0.000 24.29 27.80 0.000 23.17 25.70 0.996 -0.003
3.55 11.564 0.859 -0.859 0.000 24.05 26.16 0.000 22.94 24.10 0.996 -0.003
3.65 11.729 0.837 -0.837 0.000 23.82 24.56 0.000 22.73 22.54 0.996 -0.004
3.75 11.887 0.814 -0.814 0.000 23.60 22.99 0.000 22.54 21.02 0.995 -0.004
3.85 12.039 0.789 -0.789 0.000 23.38 21.46 0.000 22.35 19.54 0.995 -0.004
3.95 12.185 0.764 -0.764 0.000 23.17 19.97 0.000 22.18 18.10 0.995 -0.004
4.05 12.325 0.739 -0.739 0.000 22.97 18.52 0.000 22.01 16.70 0.995 -0.004
4.15 12.460 0.713 -0.713 0.000 22.77 17.11 0.000 21.86 15.34 0.995 -0.004
4.25 12.589 0.687 -0.687 0.000 22.58 15.74 0.000 21.71 14.02 0.994 -0.004
4.35 12.713 0.661 -0.661 0.000 22.41 14.41 0.000 21.57 12.74 0.994 -0.004
4.45 12.831 0.636 -0.636 0.000 22.24 13.12 0.000 21.44 11.50 0.994 -0.004
4.55 12.946 0.611 -0.611 0.000 22.08 11.87 0.000 21.32 10.30 0.995 -0.004
4.65 13.055 0.588 -0.602 -0.014 21.91 10.80 -0.147 21.11 9.65 0.996 -0.004
4.75 13.160 0.578 -0.660 -0.082 21.72 10.22 -0.465 20.80 9.60 1.000 -0.002
4.85 13.261 0.583 -0.776 -0.193 21.52 9.89 -0.763 20.51 9.51 1.003 0.001
4.95 13.357 0.602 -0.937 -0.335 21.29 9.68 -1.042 20.23 9.44 1.005 0.003
5.05 13.450 0.627 -1.127 -0.500 21.06 9.54 -1.305 19.96 9.38 1.007 0.004
5.15 13.538 0.655 -1.335 -0.680 20.83 9.45 -1.550 19.72 9.35 1.007 0.005
5.25 13.622 0.682 -1.551 -0.870 20.60 9.39 -1.781 19.48 9.33 1.006 0.005
5.35 13.703 0.706 -1.771 -1.065 20.36 9.36 -1.998 19.26 9.33 1.005 0.004
5.45 13.780 0.725 -1.988 -1.262 20.13 9.35 -2.202 19.05 9.33 1.004 0.003
5.55 13.854 0.739 -2.199 -1.459 19.91 9.35 -2.394 18.85 9.35 1.003 0.002
5.65 13.924 0.748 -2.402 -1.654 19.69 9.36 -2.574 18.66 9.37 1.002 0.002
5.75 13.992 0.751 -2.596 -1.844 19.48 9.37 -2.745 18.48 9.39 1.000 0.001
5.85 14.057 0.750 -2.780 -2.030 19.27 9.39 -2.906 18.31 9.42 0.999 -0.000
5.95 14.119 0.744 -2.954 -2.210 19.08 9.41 -3.059 18.14 9.44 0.998 -0.001
6.05 14.179 0.734 -3.118 -2.384 18.88 9.44 -3.204 17.99 9.47 0.997 -0.002
6.15 14.237 0.721 -3.273 -2.552 18.70 9.46 -3.342 17.84 9.50 0.996 -0.002
6.25 14.292 0.705 -3.419 -2.713 18.53 9.49 -3.472 17.70 9.52 0.996 -0.003
6.35 14.345 0.688 -3.556 -2.868 18.36 9.51 -3.597 17.56 9.55 0.995 -0.003
6.45 14.396 0.668 -3.685 -3.017 18.20 9.54 -3.715 17.43 9.57 0.995 -0.003
6.55 14.446 0.647 -3.806 -3.159 18.04 9.56 -3.828 17.31 9.59 0.995 -0.004
6.65 14.493 0.626 -3.921 -3.295 17.89 9.58 -3.936 17.19 9.61 0.994 -0.004
6.75 14.539 0.604 -4.029 -3.426 17.75 9.61 -4.039 17.08 9.63 0.994 -0.004
6.85 14.584 0.582 -4.132 -3.550 17.61 9.63 -4.137 16.97 9.65 0.994 -0.004
6.95 14.626 0.559 -4.229 -3.670 17.48 9.64 -4.231 16.86 9.67 0.994 -0.004
7.05 14.667 0.537 -4.321 -3.784 17.36 9.66 -4.321 16.76 9.68 0.994 -0.004
7.15 14.707 0.516 -4.409 -3.893 17.23 9.68 -4.407 16.67 9.70 0.994 -0.004
7.25 14.746 0.495 -4.492 -3.998 17.12 9.69 -4.489 16.57 9.71 0.995 -0.004
7.35 14.783 0.474 -4.572 -4.098 17.01 9.71 -4.568 16.48 9.73 0.995 -0.004
7.45 14.818 0.454 -4.647 -4.194 16.90 9.72 -4.644 16.40 9.74 0.995 -0.003
7.55 14.853 0.435 -4.720 -4.285 16.80 9.74 -4.717 16.32 9.75 0.995 -0.003
7.65 14.886 0.416 -4.789 -4.373 16.70 9.75 -4.786 16.24 9.76 0.995 -0.003
7.75 14.919 0.398 -4.855 -4.457 16.60 9.76 -4.853 16.16 9.77 0.995 -0.003
7.85 14.950 0.381 -4.919 -4.538 16.51 9.77 -4.917 16.09 9.78 0.996 -0.003
7.95 14.980 0.364 -4.979 -4.615 16.43 9.78 -4.978 16.02 9.79 0.996 -0.003
8.05 15.009 0.349 -5.038 -4.689 16.34 9.79 -5.037 15.95 9.80 0.996 -0.003
8.15 15.037 0.333 -5.094 -4.760 16.26 9.80 -5.094 15.88 9.81 0.996 -0.003
8.25 15.064 0.319 -5.147 -4.828 16.18 9.81 -5.148 15.81 9.82 0.996 -0.003
8.35 15.090 0.305 -5.199 -4.893 16.11 9.82 -5.201 15.75 9.83 0.996 -0.002
8.45 15.115 0.292 -5.248 -4.956 16.03 9.82 -5.251 15.68 9.83 0.997 -0.002
8.55 15.139 0.280 -5.296 -5.016 15.96 9.83 -5.299 15.62 9.84 0.997 -0.002
8.65 15.162 0.268 -5.341 -5.074 15.89 9.84 -5.345 15.55 9.85 0.997 -0.002
8.75 15.185 0.256 -5.385 -5.129 15.82 9.85 -5.389 15.49 9.85 0.997 -0.002
8.85 15.206 0.245 -5.427 -5.182 15.75 9.85 -5.431 15.42 9.86 0.997 -0.002
8.95 15.227 0.235 -5.468 -5.233 15.68 9.86 -5.472 15.36 9.87 0.997 -0.002
9.05 15.247 0.225 -5.506 -5.281 15.61 9.86 -5.510 15.29 9.87 0.997 -0.002
9.15 15.266 0.215 -5.543 -5.328 15.55 9.87 -5.547 15.23 9.88 0.997 -0.002
9.25 15.284 0.206 -5.579 -5.373 15.48 9.88 -5.582 15.17 9.88 0.998 -0.002
9.35 15.302 0.197 -5.613 -5.415 15.41 9.88 -5.616 15.10 9.89 0.998 -0.002
9.45 15.318 0.189 -5.645 -5.456 15.35 9.89 -5.648 15.04 9.89 0.998 -0.001
9.55 15.334 0.180 -5.675 -5.495 15.29 9.89 -5.678 14.98 9.90 0.998 -0.001
9.65 15.349 0.172 -5.705 -5.532 15.22 9.90 -5.707 14.92 9.90 0.998 -0.001
9.75 15.363 0.165 -5.732 -5.568 15.16 9.90 -5.734 14.86 9.91 0.998 -0.001
9.85 15.376 0.157 -5.758 -5.601 15.10 9.91 -5.759 14.80 9.91 0.998 -0.001
9.95 15.389 0.150 -5.783 -5.633 15.03 9.91 -5.783 14.74 9.92 0.998 -0.001
10.05 15.401 0.143 -5.807 -5.664 14.97 9.92 -5.806 14.68 9.92 0.998 -0.001
10.15 15.412 0.136 -5.829 -5.692 14.91 9.92 -5.827 14.62 9.93 0.998 -0.001
10.25 15.422 0.130 -5.849 -5.720 14.85 9.92 -5.847 14.57 9.93 0.998 -0.001
10.35 15.432 0.123 -5.868 -5.745 14.79 9.93 -5.866 14.51 9.93 0.998 -0.001
10.45 15.441 0.117 -5.886 -5.769 14.73 9.93 -5.883 14.46 9.94 0.998 -0.001
10.55 15.449 0.111 -5.903 -5.792 14.68 9.94 -5.899 14.40 9.94 0.998 -0.001
10.65 15.457 0.105 -5.918 -5.814 14.62 9.94 -5.913 14.35 9.95 0.998 -0.001
10.75 15.464 0.099 -5.932 -5.833 14.56 9.95 -5.926 14.29 9.95 0.998 -0.001
10.85 15.470 0.093 -5.945 -5.852 14.51 9.95 -5.938 14.24 9.95 0.998 -0.001
10.95 15.476 0.088 -5.957 -5.869 14.45 9.95 -5.949 14.19 9.96 0.999 -0.001
11.05 15.481 0.082 -5.968 -5.885 14.40 9.96 -5.959 14.14 9.96 0.999 -0.001
11.15 15.485 0.077 -5.977 -5.900 14.34 9.96 -5.968 14.09 9.96 0.999 -0.001
11.25 15.489 0.072 -5.985 -5.913 14.29 9.96 -5.975 14.05 9.97 0.999 -0.001
11.35 15.492 0.067 -5.992 -5.925 14.24 9.97 -5.982 14.00 9.97 0.999 -0.001
11.45 15.495 0.062 -5.999 -5.936 14.19 9.97 -5.987 13.95 9.97 0.999 -0.001
11.55 15.497 0.058 -6.004 -5.946 14.14 9.97 -5.992 13.91 9.98 0.999 -0.001
11.65 15.499 0.053 -6.008 -5.955 14.09 9.98 -5.995 13.86 9.98 0.999 -0.001
11.75 15.500 0.048 -6.011 -5.962 14.05 9.98 -5.997 13.82 9.98 0.999 -0.001
11.85 15.501 0.044 -6.013 -5.969 14.00 9.98 -5.999 13.78 9.99 0.999 -0.001
11.95 15.501 0.040 -6.014 -5.975 13.95 9.99 -6.000 13.74 9.99 0.999 -0.001
12.05 15.500 0.036 -6.015 -5.979 13.91 9.99 -5.999 13.70 9.99 0.999 -0.001
12.15 15.500 0.032 -6.014 -5.983 13.87 9.99 -5.998 13.66 9.99 0.999 -0.001
12.25 15.498 0.028 -6.013 -5.985 13.82 9.99 -5.996 13.62 10.00 0.999 -0.001
12.35 15.497 0.024 -6.011 -5.987 13.78 10.00 -5.994 13.59 10.00 0.999 -0.001
12.45 15.494 0.020 -6.008 -5.988 13.74 10.00 -5.990 13.55 10.00 0.999 -0.001
12.55 15.492 0.017 -6.004 -5.988 13.70 10.00 -5.986 13.52 10.00 0.999 -0.001
12.65 15.489 0.013 -6.000 -5.987 13.66 10.00 -5.981 13.48 10.01 0.999 -0.001
12.75 15.486 0.010 -5.994 -5.985 13.63 10.01 -5.976 13.45 10.01 0.999 -0.001
12.85 15.482 0.006 -5.989 -5.982 13.59 10.01 -5.969 13.42 10.01 0.999 -0.001
12.95 15.478 0.003 -5.982 -5.979 13.55 10.01 -5.962 13.39 10.01 0.999 -0.001
13.05 15.474 -0.000 -5.975 -5.975 13.52 10.01 -5.955 13.36 10.02 0.999 -0.001
13.15 15.469 -0.003 -5.967 -5.970 13.49 10.01 -5.947 13.33 10.02 0.999 -0.001
13.25 15.464 -0.006 -5.959 -5.965 13.46 10.02 -5.938 13.30 10.02 0.999 -0.001
13.35 15.459 -0.009 -5.950 -5.959 13.42 10.02 -5.929 13.28 10.02 0.999 -0.000
13.45 15.454 -0.012 -5.940 -5.952 13.39 10.02 -5.919 13.25 10.02 0.999 -0.000
13.55 15.448 -0.014 -5.930 -5.945 13.37 10.02 -5.909 13.23 10.02 0.999 -0.000
13.65 15.442 -0.017 -5.920 -5.937 13.34 10.02 -5.898 13.21 10.03 0.999 -0.000
13.75 15.436 -0.019 -5.909 -5.928 13.31 10.03 -5.887 13.18 10.03 0.999 -0.000
13.85 15.429 -0.022 -5.897 -5.919 13.28 10.03 -5.876 13.16 10.03 0.999 -0.000
13.95 15.423 -0.024 -5.886 -5.910 13.26 10.03 -5.864 13.14 10.03 0.999 -0.000
14.05 15.416 -0.026 -5.873 -5.900 13.24 10.03 -5.851 13.12 10.03 0.999 -0.000
14.15 15.409 -0.028 -5.861 -5.889 13.21 10.03 -5.839 13.11 10.03 0.999 -0.000
14.25 15.402 -0.030 -5.848 -5.878 13.19 10.03 -5.826 13.09 10.03 0.999 -0.000
14.35 15.395 -0.032 -5.834 -5.867 13.17 10.03 -5.812 13.07 10.03 0.999 -0.000
14.45 15.387 -0.034 -5.821 -5.855 13.15 10.03 -5.799 13.06 10.04 0.999 -0.000
14.55 15.380 -0.036 -5.807 -5.843 13.13 10.04 -5.785 13.04 10.04 1.000 -0.000
14.65 15.372 -0.038 -5.793 -5.830 13.11 10.04 -5.770 13.03 10.04 1.000 -0.000
14.75 15.364 -0.039 -5.778 -5.817 13.10 10.04 -5.756 13.02 10.04 1.000 -0.000
14.85 15.356 -0.041 -5.764 -5.804 13.08 10.04 -5.741 13.01 10.04 1.000 -0.000
14.95 15.348 -0.042 -5.749 -5.791 13.07 10.04 -5.727 13.00 10.04 1.000 -0.000
15.05 15.340 -0.044 -5.734 -5.777 13.05 10.04 -5.712 12.99 10.04 1.000 -0.000
15.15 15.332 -0.045 -5.718 -5.763 13.04 10.04 -5.696 12.98 10.04 1.000 -0.000
15.25 15.324 -0.046 -5.703 -5.749 13.03 10.04 -5.681 12.97 10.04 1.000 -0.000
15.35 15.315 -0.047 -5.687 -5.735 13.01 10.04 -5.666 12.96 10.04 1.000 -0.000
15.45 15.307 -0.048 -5.672 -5.720 13.00 10.04 -5.650 12.95 10.04 1.000 -0.000
15.55 15.299 -0.049 -5.656 -5.705 12.99 10.04 -5.635 12.95 10.04 1.000 -0.000
15.65 15.290 -0.050 -5.640 -5.690 12.99 10.04 -5.619 12.94 10.04 1.000 -0.000
15.75 15.282 -0.051 -5.624 -5.675 12.98 10.04 -5.603 12.94 10.04 1.000 -0.000
15.85 15.274 -0.052 -5.608 -5.660 12.97 10.04 -5.587 12.94 10.04 1.000 -0.000
15.95 15.265 -0.053 -5.592 -5.645 12.96 10.04 -5.572 12.93 10.05 1.000 -0.000
16.05 15.257 -0.053 -5.576 -5.629 12.96 10.05 -5.556 12.93 10.05 1.000 -0.000
16.15 15.249 -0.054 -5.560 -5.614 12.95 10.05 -5.540 12.93 10.05 1.000 -0.000
16.25 15.240 -0.055 -5.544 -5.598 12.95 10.05 -5.524 12.93 10.05 1.000 -0.000
16.35 15.232 -0.055 -5.527 -5.583 12.94 10.05 -5.508 12.93 10.05 1.000 -0.000
16.45 15.224 -0.056 -5.511 -5.567 12.94 10.05 -5.493 12.93 10.05 1.000 -0.000
16.55 15.216 -0.056 -5.495 -5.551 12.94 10.05 -5.477 12.93 10.05 1.000 -0.000
16.65 15.207 -0.056 -5.480 -5.536 12.94 10.05 -5.461 12.93 10.05 1.000 -0.000
16.75 15.199 -0.056 -5.464 -5.520 12.94 10.05 -5.446 12.93 10.05 1.000 -0.000
16.85 15.191 -0.057 -5.448 -5.505 12.93 10.05 -5.431 12.93 10.05 1.000 -0.000
16.95 15.183 -0.057 -5.432 -5.489 12.93 10.05 -5.415 12.94 10.05 1.000 -0.000
17.05 15.176 -0.057 -5.417 -5.474 12.94 10.05 -5.400 12.94 10.05 1.000 -0.000
17.15 15.168 -0.057 -5.401 -5.458 12.94 10.05 -5.385 12.94 10.04 1.000 -0.000
17.25 15.160 -0.057 -5.386 -5.443 12.94 10.04 -5.370 12.95 10.04 1.000 0.000
17.35 15.152 -0.057 -5.371 -5.428 12.94 10.04 -5.355 12.95 10.04 1.000 0.000
17.45 15.145 -0.057 -5.356 -5.412 12.94 10.04 -5.341 12.96 10.04 1.000 0.000
17.55 15.138 -0.056 -5.341 -5.397 12.95 10.04 -5.326 12.96 10.04 1.000 0.000
17.65 15.130 -0.056 -5.326 -5.382 12.95 10.04 -5.312 12.97 10.04 1.000 0.000
17.75 15.123 -0.056 -5.312 -5.368 12.95 10.04 -5.298 12.97 10.04 1.000 0.000
17.85 15.116 -0.056 -5.297 -5.353 12.96 10.04 -5.284 12.98 10.04 1.000 0.000
17.95 15.109 -0.055 -5.283 -5.339 12.96 10.04 -5.270 12.99 10.04 1.000 0.000
18.05 15.102 -0.055 -5.269 -5.324 12.97 10.04 -5.257 12.99 10.04 1.000 0.000
18.15 15.095 -0.054 -5.256 -5.310 12.97 10.04 -5.243 13.00 10.04 1.000 0.000
18.25 15.089 -0.054 -5.242 -5.296 12.98 10.04 -5.230 13.01 10.04 1.000 0.000
18.35 15.082 -0.053 -5.229 -5.283 12.99 10.04 -5.217 13.02 10.04 1.000 0.000
18.45 15.076 -0.053 -5.216 -5.269 12.99 10.04 -5.205 13.03 10.04 1.000 0.000
18.55 15.070 -0.052 -5.203 -5.256 13.00 10.04 -5.192 13.03 10.04 1.000 0.000
18.65 15.063 -0.052 -5.191 -5.242 13.01 10.04 -5.180 13.04 10.04 1.000 0.000
18.75 15.057 -0.051 -5.178 -5.229 13.02 10.04 -5.168 13.05 10.04 1.000 0.000
18.85 15.052 -0.050 -5.166 -5.217 13.02 10.04 -5.156 13.06 10.04 1.000 0.000
18.95 15.046 -0.050 -5.154 -5.204 13.03 10.04 -5.145 13.07 10.04 1.000 0.000
19.05 15.040 -0.049 -5.143 -5.192 13.04 10.04 -5.134 13.08 10.04 1.000 0.000
19.15 15.035 -0.048 -5.132 -5.180 13.05 10.04 -5.123 13.09 10.03 1.000 0.000
19.25 15.029 -0.048 -5.121 -5.168 13.06 10.03 -5.112 13.10 10.03 1.000 0.000
19.35 15.024 -0.047 -5.110 -5.157 13.07 10.03 -5.102 13.11 10.03 1.000 0.000
19.45 15.019 -0.046 -5.099 -5.145 13.08 10.03 -5.092 13.12 10.03 1.000 0.000
19.55 15.014 -0.045 -5.089 -5.134 13.08 10.03 -5.082 13.13 10.03 1.000 0.000
19.65 15.010 -0.044 -5.079 -5.123 13.09 10.03 -5.072 13.14 10.03 1.000 0.000
19.75 15.005 -0.043 -5.069 -5.113 13.10 10.03 -5.063 13.15 10.03 1.000 0.000
19.85 15.000 -0.043 -5.060 -5.103 13.11 10.03 -5.054 13.16 10.03 1.000 0.000
19.95 14.996 -0.042 -5.051 -5.093 13.12 10.03 -5.045 13.17 10.03 1.000 0.000
