t V gam alpha th Tc Tr thsp Tcc Trc lf gd
0.05 5.487 4.854 -1.457 3.396 28.44 72.22 -0.223 29.12 69.35 1.060 0.141
0.15 5.766 5.120 -3.210 1.910 28.73 67.74 -5.329 30.26 61.35 0.992 0.050
0.25 6.066 4.648 -4.261 0.387 29.01 61.55 -6.851 30.26 53.35 0.910 -0.080
0.35 6.383 3.520 -4.417 -0.897 29.03 56.22 -5.874 28.76 51.48 0.855 -0.206
0.45 6.708 2.268 -3.717 -1.449 28.77 53.58 -3.441 27.26 49.15 0.851 -0.215
0.55 7.032 1.072 -2.666 -1.594 28.29 51.60 -1.930 25.76 50.34 0.865 -0.213
0.65 7.350 0.217 -1.742 -1.525 27.62 52.72 -1.032 24.26 54.66 0.918 -0.151
0.75 7.657 -0.192 -1.175 -1.368 26.81 54.07 -0.565 22.76 55.49 0.970 -0.070
0.85 7.947 -0.297 -0.893 -1.190 25.86 54.07 -0.347 21.26 53.59 0.998 -0.016
0.95 8.218 -0.273 -0.750 -1.023 24.82 52.79 -0.251 19.76 50.86 1.007 0.006
1.05 8.469 -0.227 -0.650 -0.877 23.70 50.88 -0.206 18.26 48.37 1.006 0.009
1.15 8.699 -0.198 -0.554 -0.752 22.50 48.88 -0.182 16.76 46.39 1.003 0.006
1.25 8.909 -0.186 -0.460 -0.646 21.25 47.06 -0.164 15.26 44.82 1.001 0.002
1.35 9.098 -0.183 -0.374 -0.556 19.96 45.45 -0.149 13.76 43.50 1.000 0.001
1.45 9.267 -0.182 -0.298 -0.480 18.68 44.05 -0.133 12.78 42.32 1.000 0.000
1.55 9.417 -0.181 -0.234 -0.415 17.63 42.79 -0.117 12.94 41.23 1.000 0.000
1.65 9.553 -0.179 -0.179 -0.359 16.82 41.63 -0.099 13.27 40.20 1.000 0.000
1.75 9.677 -0.178 -0.131 -0.309 16.22 40.56 -0.080 13.57 39.24 1.000 0.000
1.85 9.791 -0.177 -0.088 -0.264 15.78 39.56 -0.059 13.82 38.32 1.000 0.000
1.95 9.898 -0.176 -0.049 -0.224 15.45 38.62 -0.038 14.01 37.43 1.000 0.000
2.05 9.999 -0.175 -0.013 -0.188 15.21 37.71 -0.017 14.17 36.58 1.000 0.000
2.15 10.096 -0.174 0.021 -0.154 15.04 36.85 0.005 14.29 35.76 1.000 0.000
2.25 10.188 -0.174 0.052 -0.122 14.92 36.01 0.027 14.40 34.96 1.000 0.000
2.35 10.277 -0.173 0.081 -0.092 14.84 35.19 0.048 14.48 34.17 1.000 0.000
2.45 10.363 -0.173 0.109 -0.064 14.78 34.40 0.069 14.55 33.41 1.000 0.000
2.55 10.447 -0.172 0.135 -0.037 14.75 33.63 0.089 14.61 32.65 1.000 0.000
2.65 10.528 -0.172 0.160 -0.012 14.73 32.86 0.108 14.67 31.90 1.000 0.000
2.75 10.608 -0.172 0.184 0.012 14.73 32.11 0.126 14.72 31.17 1.000 0.000
2.85 10.685 -0.171 0.207 0.035 14.73 31.38 0.143 14.76 30.45 1.000 0.000
2.95 10.761 -0.171 0.228 0.057 14.74 30.65 0.160 14.80 29.74 1.000 0.000
3.05 10.836 -0.170 0.248 0.078 14.76 29.94 0.176 14.84 29.04 1.000 0.000
3.15 10.908 -0.169 0.267 0.098 14.78 29.24 0.191 14.88 28.35 1.000 0.000
3.25 10.980 -0.168 0.285 0.117 14.80 28.55 0.205 14.91 27.67 1.000 0.000
3.35 11.050 -0.167 0.302 0.135 14.83 27.86 0.218 14.95 27.00 1.000 0.000
3.45 11.119 -0.167 0.318 0.152 14.85 27.19 0.231 14.97 26.34 1.000 0.000
3.55 11.187 -0.166 0.333 0.168 14.88 26.52 0.244 15.00 25.69 1.000 0.000
3.65 11.253 -0.165 0.347 0.183 14.91 25.87 0.254 15.04 25.04 1.000 0.000
3.75 11.318 -0.163 0.361 0.197 14.93 25.22 0.265 15.06 24.41 1.000 0.000
3.85 11.382 -0.162 0.373 0.211 14.96 24.58 0.275 15.09 23.78 1.000 0.000
3.95 11.445 -0.161 0.385 0.224 14.99 23.95 0.283 15.12 23.16 1.000 0.000
4.05 11.507 -0.160 0.396 0.236 15.02 23.33 0.292 15.15 22.55 1.000 0.000
4.15 11.568 -0.159 0.406 0.247 15.04 22.72 0.300 15.18 21.95 1.000 0.000
4.25 11.627 -0.158 0.415 0.257 15.07 22.12 0.307 15.21 21.36 1.000 0.000
4.35 11.686 -0.156 0.424 0.267 15.10 21.52 0.314 15.23 20.78 1.000 0.000
4.45 11.744 -0.155 0.424 0.269 15.13 20.96 0.241 15.33 20.28 1.000 0.000
4.55 11.801 -0.153 0.398 0.244 15.18 20.48 0.101 15.41 19.89 1.000 0.000
4.65 11.858 -0.152 0.353 0.201 15.22 20.06 -0.027 15.41 19.55 1.000 0.000
4.75 11.914 -0.150 0.292 0.143 15.25 19.69 -0.150 15.38 19.24 1.001 0.000
4.85 11.970 -0.148 0.220 0.073 15.27 19.36 -0.271 15.34 18.96 1.001 0.000
4.95 12.025 -0.145 0.139 -0.006 15.28 19.07 -0.390 15.28 18.71 1.001 0.000
5.05 12.080 -0.142 0.051 -0.092 15.27 18.80 -0.504 15.23 18.48 1.001 0.001
5.15 12.135 -0.139 -0.043 -0.182 15.25 18.56 -0.616 15.17 18.25 1.001 0.001
5.25 12.188 -0.136 -0.139 -0.275 15.23 18.33 -0.723 15.12 18.05 1.001 0.001
5.35 12.241 -0.133 -0.238 -0.371 15.20 18.12 -0.827 15.07 17.86 1.001 0.001
5.45 12.293 -0.131 -0.337 -0.468 15.17 17.92 -0.928 15.02 17.68 1.001 0.001
5.55 12.345 -0.128 -0.437 -0.565 15.14 17.73 -1.026 14.97 17.50 1.001 0.001
5.65 12.395 -0.125 -0.536 -0.661 15.10 17.55 -1.120 14.93 17.33 1.001 0.000
5.75 12.445 -0.123 -0.634 -0.757 15.06 17.38 -1.210 14.88 17.17 1.001 0.000
5.85 12.494 -0.120 -0.731 -0.851 15.02 17.22 -1.297 14.84 17.02 1.001 0.000
5.95 12.542 -0.118 -0.827 -0.944 14.99 17.06 -1.385 14.80 16.86 1.001 0.000
6.05 12.590 -0.115 -0.921 -1.036 14.95 16.91 -1.470 14.77 16.71 1.001 0.000
6.15 12.636 -0.113 -1.013 -1.126 14.91 16.76 -1.551 14.73 16.57 1.001 0.000
6.25 12.682 -0.111 -1.103 -1.214 14.87 16.62 -1.630 14.70 16.44 1.001 0.000
6.35 12.727 -0.108 -1.192 -1.300 14.84 16.48 -1.708 14.66 16.30 1.001 0.000
6.45 12.771 -0.106 -1.278 -1.384 14.80 16.34 -1.784 14.63 16.17 1.001 0.000
6.55 12.814 -0.104 -1.363 -1.467 14.77 16.21 -1.857 14.60 16.04 1.001 0.000
6.65 12.857 -0.102 -1.445 -1.547 14.73 16.08 -1.927 14.57 15.91 1.001 0.000
6.75 12.898 -0.100 -1.526 -1.626 14.70 15.95 -1.997 14.54 15.79 1.001 0.000
6.85 12.939 -0.098 -1.605 -1.702 14.67 15.82 -2.065 14.52 15.66 1.000 0.000
6.95 12.980 -0.096 -1.681 -1.777 14.64 15.70 -2.132 14.49 15.55 1.000 0.000
7.05 13.019 -0.094 -1.756 -1.851 14.61 15.58 -2.197 14.46 15.43 1.000 0.000
7.15 13.058 -0.092 -1.830 -1.922 14.58 15.47 -2.261 14.44 15.32 1.000 0.000
7.25 13.096 -0.091 -1.902 -1.992 14.55 15.35 -2.324 14.42 15.21 1.000 0.000
7.35 13.133 -0.089 -1.972 -2.060 14.52 15.24 -2.382 14.39 15.10 1.000 0.000
7.45 13.170 -0.087 -2.040 -2.127 14.49 15.13 -2.441 14.37 14.99 1.000 0.000
7.55 13.206 -0.086 -2.106 -2.192 14.47 15.02 -2.498 14.35 14.88 1.000 0.000
7.65 13.241 -0.084 -2.171 -2.255 14.44 14.92 -2.555 14.33 14.78 1.000 0.000
7.75 13.276 -0.082 -2.235 -2.317 14.42 14.82 -2.608 14.30 14.69 1.000 0.000
7.85 13.310 -0.080 -2.297 -2.377 14.40 14.72 -2.663 14.28 14.59 1.000 0.000
7.95 13.343 -0.079 -2.358 -2.436 14.37 14.62 -2.716 14.26 14.50 1.000 0.000
8.05 13.376 -0.077 -2.417 -2.494 14.35 14.52 -2.767 14.25 14.40 1.000 0.000
8.15 13.408 -0.075 -2.475 -2.551 14.33 14.43 -2.817 14.23 14.30 1.000 0.000
8.25 13.440 -0.074 -2.532 -2.606 14.31 14.33 -2.866 14.21 14.22 1.000 0.000
8.35 13.471 -0.073 -2.587 -2.659 14.29 14.24 -2.913 14.19 14.12 1.000 0.000
8.45 13.501 -0.071 -2.640 -2.712 14.27 14.15 -2.959 14.18 14.04 1.000 0.000
8.55 13.531 -0.070 -2.693 -2.763 14.25 14.06 -3.005 14.16 13.95 1.000 0.000
8.65 13.560 -0.068 -2.745 -2.813 14.23 13.98 -3.049 14.14 13.87 1.000 0.000
8.75 13.589 -0.067 -2.795 -2.862 14.21 13.90 -3.093 14.13 13.79 1.000 0.000
8.85 13.617 -0.065 -2.844 -2.910 14.19 13.82 -3.137 14.11 13.72 1.000 0.000
8.95 13.644 -0.064 -2.892 -2.956 14.18 13.74 -3.178 14.10 13.64 1.000 0.000
9.05 13.671 -0.063 -2.939 -3.002 14.16 13.66 -3.218 14.08 13.56 1.000 0.000
9.15 13.698 -0.062 -2.985 -3.047 14.15 13.58 -3.258 14.07 13.49 1.000 0.000
9.25 13.724 -0.060 -3.030 -3.090 14.13 13.50 -3.296 14.06 13.41 1.000 0.000
9.35 13.750 -0.059 -3.074 -3.133 14.11 13.43 -3.334 14.04 13.34 1.000 0.000
9.45 13.775 -0.058 -3.117 -3.175 14.10 13.36 -3.371 14.03 13.27 1.000 0.000
9.55 13.799 -0.057 -3.158 -3.215 14.09 13.29 -3.407 14.02 13.20 1.000 0.000
9.65 13.823 -0.056 -3.199 -3.255 14.07 13.22 -3.442 14.01 13.13 1.000 0.000
9.75 13.847 -0.055 -3.239 -3.293 14.06 13.15 -3.476 13.99 13.07 1.000 0.000
9.85 13.870 -0.054 -3.278 -3.331 14.05 13.09 -3.510 13.98 13.01 1.000 0.000
9.95 13.892 -0.052 -3.316 -3.368 14.03 13.02 -3.542 13.97 12.95 1.000 0.000
10.05 13.915 -0.051 -3.353 -3.404 14.02 12.96 -3.576 13.96 12.88 1.000 0.000
10.15 13.936 -0.050 -3.390 -3.440 14.01 12.90 -3.608 13.95 12.82 1.000 0.000
10.25 13.958 -0.049 -3.426 -3.475 14.00 12.84 -3.639 13.94 12.76 1.000 0.000
10.35 13.979 -0.048 -3.460 -3.509 13.98 12.78 -3.669 13.93 12.70 1.000 0.000
10.45 13.999 -0.047 -3.494 -3.542 13.97 12.72 -3.698 13.92 12.65 1.000 0.000
10.55 14.019 -0.046 -3.527 -3.574 13.96 12.66 -3.725 13.91 12.59 1.000 0.000
10.65 14.039 -0.045 -3.560 -3.605 13.95 12.61 -3.754 13.90 12.53 1.000 0.000
10.75 14.059 -0.044 -3.592 -3.636 13.94 12.55 -3.783 13.89 12.48 1.000 0.000
10.85 14.078 -0.043 -3.623 -3.666 13.93 12.50 -3.809 13.89 12.43 1.000 0.000
10.95 14.096 -0.042 -3.654 -3.696 13.92 12.45 -3.836 13.88 12.38 1.000 0.000
11.05 14.114 -0.042 -3.683 -3.725 13.91 12.39 -3.861 13.87 12.32 1.000 0.000
11.15 14.132 -0.041 -3.712 -3.753 13.90 12.34 -3.886 13.86 12.28 1.000 0.000
11.25 14.150 -0.040 -3.740 -3.780 13.90 12.29 -3.910 13.85 12.23 1.000 0.000
11.35 14.167 -0.039 -3.768 -3.807 13.89 12.24 -3.934 13.85 12.18 1.000 0.000
11.45 14.184 -0.039 -3.795 -3.834 13.88 12.20 -3.958 13.84 12.14 1.000 0.000
11.55 14.200 -0.038 -3.822 -3.859 13.87 12.15 -3.982 13.83 12.10 1.000 0.000
11.65 14.216 -0.037 -3.848 -3.885 13.86 12.11 -4.004 13.82 12.05 1.000 0.000
11.75 14.232 -0.036 -3.873 -3.909 13.86 12.06 -4.026 13.82 12.01 1.000 0.000
11.85 14.248 -0.035 -3.898 -3.933 13.85 12.02 -4.047 13.81 11.96 1.000 0.000
11.95 14.263 -0.035 -3.922 -3.957 13.84 11.98 -4.069 13.80 11.92 1.000 0.000
12.05 14.278 -0.034 -3.946 -3.980 13.83 11.93 -4.090 13.80 11.88 1.000 0.000
12.15 14.293 -0.033 -3.970 -4.003 13.83 11.89 -4.110 13.79 11.84 1.000 0.000
12.25 14.307 -0.033 -3.993 -4.025 13.82 11.86 -4.130 13.79 11.81 1.000 0.000
12.35 14.321 -0.032 -4.015 -4.047 13.81 11.82 -4.149 13.78 11.77 1.000 0.000
12.45 14.335 -0.031 -4.037 -4.068 13.81 11.78 -4.168 13.78 11.73 1.000 0.000
12.55 14.348 -0.031 -4.058 -4.089 13.80 11.74 -4.187 13.77 11.70 1.000 0.000
12.65 14.361 -0.030 -4.079 -4.109 13.79 11.71 -4.205 13.77 11.66 1.000 0.000
12.75 14.374 -0.029 -4.100 -4.129 13.79 11.67 -4.223 13.76 11.62 1.000 0.000
12.85 14.387 -0.029 -4.120 -4.148 13.78 11.64 -4.240 13.76 11.59 1.000 0.000
12.95 14.400 -0.028 -4.139 -4.167 13.78 11.60 -4.258 13.75 11.56 1.000 0.000
13.05 14.412 -0.028 -4.158 -4.186 13.77 11.57 -4.273 13.74 11.53 1.000 0.000
13.15 14.424 -0.027 -4.177 -4.204 13.77 11.54 -4.290 13.74 11.50 1.000 0.000
13.25 14.435 -0.026 -4.196 -4.222 13.76 11.51 -4.306 13.74 11.47 1.000 0.000
13.35 14.447 -0.026 -4.213 -4.239 13.76 11.47 -4.321 13.73 11.43 1.000 0.000
13.45 14.458 -0.025 -4.231 -4.256 13.75 11.44 -4.336 13.73 11.40 1.000 0.000
13.55 14.469 -0.025 -4.248 -4.273 13.75 11.41 -4.350 13.72 11.37 1.000 0.000
13.65 14.480 -0.024 -4.265 -4.289 13.74 11.38 -4.366 13.72 11.34 1.000 0.000
13.75 14.491 -0.024 -4.281 -4.305 13.74 11.35 -4.380 13.71 11.32 1.000 0.000
13.85 14.501 -0.023 -4.297 -4.320 13.73 11.32 -4.395 13.71 11.29 1.000 0.000
13.95 14.511 -0.023 -4.313 -4.336 13.73 11.30 -4.408 13.70 11.26 1.000 0.000
14.05 14.521 -0.022 -4.328 -4.351 13.72 11.27 -4.421 13.70 11.23 1.000 0.000
14.15 14.531 -0.022 -4.343 -4.365 13.72 11.24 -4.434 13.70 11.21 1.000 0.000
14.25 14.540 -0.021 -4.358 -4.379 13.71 11.22 -4.446 13.69 11.19 1.000 0.000
14.35 14.550 -0.021 -4.372 -4.393 13.71 11.19 -4.458 13.69 11.15 1.000 0.000
14.45 14.559 -0.021 -4.386 -4.407 13.71 11.16 -4.471 13.69 11.13 1.000 0.000
14.55 14.568 -0.020 -4.400 -4.420 13.70 11.14 -4.482 13.68 11.10 1.000 0.000
14.65 14.577 -0.020 -4.413 -4.433 13.70 11.11 -4.494 13.68 11.08 1.000 0.000
14.75 14.585 -0.020 -4.426 -4.445 13.69 11.09 -4.504 13.68 11.06 1.000 0.000
14.85 14.594 -0.019 -4.439 -4.458 13.69 11.07 -4.516 13.67 11.04 1.000 0.000
14.95 14.602 -0.019 -4.451 -4.470 13.69 11.04 -4.526 13.67 11.01 1.000 0.000
15.05 14.610 -0.018 -4.463 -4.481 13.68 11.02 -4.536 13.67 10.99 1.000 0.000
15.15 14.618 -0.018 -4.475 -4.493 13.68 11.00 -4.548 13.66 10.97 1.000 0.000
15.25 14.626 -0.017 -4.487 -4.505 13.68 10.98 -4.560 13.66 10.95 1.000 0.000
15.35 14.633 -0.017 -4.499 -4.516 13.67 10.96 -4.570 13.66 10.93 1.000 0.000
15.45 14.641 -0.016 -4.511 -4.527 13.67 10.94 -4.581 13.66 10.92 1.000 0.000
15.55 14.648 -0.016 -4.522 -4.539 13.67 10.92 -4.591 13.65 10.90 1.000 0.000
15.65 14.655 -0.016 -4.533 -4.549 13.66 10.90 -4.599 13.65 10.88 1.000 0.000
15.75 14.662 -0.015 -4.544 -4.559 13.66 10.88 -4.607 13.65 10.86 1.000 0.000
15.85 14.669 -0.015 -4.554 -4.569 13.66 10.86 -4.615 13.64 10.84 1.000 0.000
15.95 14.676 -0.015 -4.564 -4.579 13.66 10.84 -4.624 13.64 10.82 1.000 0.000
16.05 14.682 -0.015 -4.574 -4.588 13.65 10.83 -4.634 13.64 10.81 1.000 0.000
16.15 14.689 -0.014 -4.584 -4.598 13.65 10.81 -4.643 13.64 10.79 1.000 0.000
16.25 14.695 -0.014 -4.593 -4.607 13.65 10.79 -4.652 13.64 10.77 1.000 0.000
16.35 14.701 -0.014 -4.603 -4.616 13.65 10.78 -4.658 13.63 10.76 1.000 0.000
16.45 14.707 -0.013 -4.612 -4.625 13.64 10.76 -4.667 13.63 10.74 1.000 0.000
16.55 14.713 -0.013 -4.621 -4.634 13.64 10.75 -4.676 13.63 10.73 1.000 0.000
16.65 14.719 -0.013 -4.630 -4.642 13.64 10.73 -4.684 13.63 10.71 1.000 0.000
16.75 14.725 -0.013 -4.638 -4.651 13.64 10.71 -4.691 13.63 10.70 1.000 0.000
16.85 14.730 -0.012 -4.647 -4.659 13.63 10.70 -4.697 13.62 10.68 1.000 0.000
16.95 14.736 -0.012 -4.655 -4.667 13.63 10.68 -4.705 13.62 10.67 1.000 0.000
17.05 14.741 -0.012 -4.663 -4.675 13.63 10.67 -4.712 13.62 10.65 1.000 0.000
17.15 14.746 -0.012 -4.671 -4.682 13.63 10.66 -4.718 13.62 10.64 1.000 0.000
17.25 14.752 -0.011 -4.679 -4.690 13.63 10.64 -4.725 13.62 10.62 1.000 0.000
17.35 14.757 -0.011 -4.686 -4.697 13.62 10.63 -4.732 13.61 10.61 1.000 0.000
17.45 14.762 -0.011 -4.694 -4.704 13.62 10.62 -4.738 13.61 10.60 1.000 0.000
17.55 14.766 -0.011 -4.701 -4.711 13.62 10.60 -4.744 13.61 10.59 1.000 0.000
17.65 14.771 -0.010 -4.708 -4.718 13.62 10.59 -4.750 13.61 10.57 1.000 0.000
17.75 14.776 -0.010 -4.715 -4.725 13.62 10.58 -4.755 13.61 10.56 1.000 0.000
17.85 14.780 -0.010 -4.721 -4.731 13.61 10.57 -4.762 13.61 10.55 1.000 0.000
17.95 14.785 -0.010 -4.728 -4.738 13.61 10.55 -4.769 13.60 10.54 1.000 0.000
18.05 14.789 -0.009 -4.735 -4.744 13.61 10.54 -4.775 13.60 10.52 1.000 0.000
18.15 14.793 -0.009 -4.741 -4.751 13.61 10.53 -4.782 13.60 10.52 1.000 0.000
18.25 14.798 -0.009 -4.748 -4.757 13.61 10.52 -4.788 13.60 10.51 1.000 0.000
18.35 14.802 -0.009 -4.754 -4.763 13.61 10.51 -4.792 13.60 10.50 1.000 0.000
18.45 14.806 -0.009 -4.760 -4.769 13.60 10.50 -4.797 13.59 10.49 1.000 0.000
18.55 14.810 -0.009 -4.766 -4.775 13.60 10.49 -4.802 13.60 10.48 1.000 0.000
18.65 14.814 -0.009 -4.772 -4.780 13.60 10.48 -4.806 13.59 10.47 1.000 0.000
18.75 14.817 -0.008 -4.777 -4.786 13.60 10.47 -4.812 13.59 10.46 1.000 0.000
18.85 14.821 -0.008 -4.783 -4.791 13.60 10.46 -4.817 13.59 10.45 1.000 0.000
18.95 14.825 -0.008 -4.788 -4.796 13.60 10.45 -4.820 13.59 10.44 1.000 0.000
19.05 14.828 -0.008 -4.793 -4.801 13.60 10.44 -4.823 13.59 10.43 1.000 0.000
19.15 14.832 -0.008 -4.798 -4.806 13.59 10.43 -4.829 13.59 10.42 1.000 0.000
19.25 14.835 -0.008 -4.803 -4.811 13.59 10.42 -4.834 13.59 10.41 1.000 0.000
19.35 14.838 -0.007 -4.808 -4.815 13.59 10.41 -4.839 13.59 10.40 1.000 0.000
19.45 14.842 -0.007 -4.813 -4.820 13.59 10.40 -4.843 13.59 10.39 1.000 0.000
19.55 14.845 -0.007 -4.818 -4.825 13.59 10.39 -4.847 13.58 10.38 1.000 0.000
19.65 14.848 -0.007 -4.822 -4.829 13.59 10.39 -4.850 13.58 10.38 1.000 0.000
19.75 14.851 -0.007 -4.826 -4.833 13.59 10.38 -4.852 13.58 10.37 1.000 0.000
19.85 14.854 -0.007 -4.830 -4.837 13.59 10.37 -4.855 13.58 10.36 1.000 0.000
19.95 14.857 -0.006 -4.835 -4.841 13.58 10.36 -4.861 13.58 10.35 1.000 0.000
