t V gam alpha th Tc Tr thsp Tcc Trc lf gd
0.05 13.416 -2.245 -2.423 -4.669 14.63 0.00 -4.231 13.95 0.00 0.821 -0.150
0.15 13.482 -2.899 -1.695 -4.594 14.30 0.00 -4.268 12.45 0.00 0.865 -0.114
0.25 13.546 -3.386 -1.155 -4.540 13.76 0.00 -4.305 10.95 0.00 0.900 -0.085
0.35 13.606 -3.740 -0.763 -4.503 13.04 0.00 -4.341 9.45 0.00 0.928 -0.062
0.45 13.658 -3.992 -0.486 -4.478 12.19 0.00 -4.374 7.95 0.00 0.949 -0.044
0.55 13.699 -4.168 -0.295 -4.463 11.21 0.00 -4.400 6.45 0.00 0.964 -0.031
0.65 13.729 -4.291 -0.164 -4.454 10.14 0.00 -4.421 4.95 0.00 0.975 -0.021
0.75 13.744 -4.377 -0.073 -4.450 8.99 0.00 -4.434 3.45 0.00 0.982 -0.015
0.85 13.746 -4.443 -0.005 -4.448 7.78 0.00 -4.439 1.95 0.00 0.986 -0.011
0.95 13.733 -4.499 0.053 -4.446 6.52 0.00 -4.435 0.45 0.00 0.987 -0.010
1.05 13.705 -4.555 0.113 -4.443 5.34 0.00 -4.424 0.00 0.00 0.986 -0.010
1.15 13.666 -4.619 0.182 -4.437 4.37 0.00 -4.404 0.00 0.00 0.983 -0.011
1.25 13.618 -4.693 0.266 -4.427 3.58 0.00 -4.379 0.00 0.00 0.980 -0.013
1.35 13.562 -4.781 0.367 -4.414 2.93 0.00 -4.349 0.00 0.00 0.977 -0.015
1.45 13.502 -4.882 0.484 -4.398 2.40 0.00 -4.316 0.00 0.00 0.974 -0.018
1.55 13.438 -4.997 0.619 -4.378 1.96 0.00 -4.280 0.00 0.00 0.971 -0.020
1.65 13.373 -5.123 0.768 -4.355 1.61 0.00 -4.243 0.00 0.00 0.968 -0.022
1.75 13.306 -5.261 0.931 -4.330 1.32 0.00 -4.205 0.00 0.00 0.966 -0.024
1.85 13.239 -5.407 1.105 -4.302 1.08 0.00 -4.167 0.00 0.00 0.964 -0.026
1.95 13.173 -5.561 1.289 -4.272 0.88 0.00 -4.129 0.00 0.00 0.963 -0.027
2.05 13.107 -5.722 1.481 -4.241 0.72 0.00 -4.091 0.00 0.00 0.962 -0.028
2.15 13.044 -5.887 1.678 -4.209 0.59 0.00 -4.054 0.00 0.00 0.961 -0.029
2.25 12.981 -6.055 1.879 -4.176 0.48 0.00 -4.018 0.00 0.00 0.961 -0.029
2.35 12.921 -6.224 2.082 -4.142 0.40 0.00 -3.983 0.00 0.00 0.961 -0.030
2.45 12.863 -6.395 2.286 -4.108 0.32 0.00 -3.949 0.00 0.00 0.961 -0.030
2.55 12.808 -6.565 2.490 -4.075 0.27 0.00 -3.916 0.00 0.00 0.961 -0.030
2.65 12.755 -6.733 2.692 -4.042 0.22 0.00 -3.885 0.00 0.00 0.962 -0.029
2.75 12.704 -6.900 2.891 -4.009 0.18 0.00 -3.855 0.00 0.00 0.962 -0.029
2.85 12.656 -7.064 3.086 -3.978 0.15 0.00 -3.827 0.00 0.00 0.963 -0.029
2.95 12.610 -7.224 3.277 -3.947 0.12 0.00 -3.800 0.00 0.00 0.964 -0.028
3.05 12.567 -7.380 3.463 -3.916 0.10 0.00 -3.775 0.00 0.00 0.965 -0.027
3.15 12.526 -7.532 3.644 -3.887 0.08 0.00 -3.750 0.00 0.00 0.966 -0.026
3.25 12.487 -7.678 3.819 -3.859 0.07 0.00 -3.728 0.00 0.00 0.968 -0.026
3.35 12.450 -7.820 3.988 -3.833 0.05 0.00 -3.706 0.00 0.00 0.969 -0.025
3.45 12.416 -7.957 4.150 -3.807 0.04 0.00 -3.686 0.00 0.00 0.970 -0.024
3.55 12.384 -8.088 4.306 -3.782 0.04 0.00 -3.667 0.00 0.00 0.971 -0.023
3.65 12.354 -8.214 4.455 -3.759 0.03 0.00 -3.649 0.00 0.00 0.973 -0.022
3.75 12.325 -8.334 4.598 -3.737 0.02 0.00 -3.632 0.00 0.00 0.974 -0.021
3.85 12.299 -8.449 4.734 -3.715 0.02 0.00 -3.616 0.00 0.00 0.975 -0.020
3.95 12.274 -8.559 4.863 -3.695 0.02 0.00 -3.602 0.00 0.00 0.976 -0.019
4.05 12.251 -8.662 4.986 -3.677 0.01 0.00 -3.588 0.00 0.00 0.978 -0.018
4.15 12.230 -8.761 5.102 -3.659 0.01 0.00 -3.575 0.00 0.00 0.979 -0.017
4.25 12.210 -8.854 5.212 -3.642 0.01 0.00 -3.563 0.00 0.00 0.980 -0.016
4.35 12.191 -8.943 5.317 -3.626 0.01 0.00 -3.552 0.00 0.00 0.981 -0.015
4.45 12.173 -9.026 5.415 -3.611 0.01 0.00 -3.542 0.00 0.00 0.982 -0.015
4.55 12.157 -9.105 5.507 -3.597 0.00 0.00 -3.532 0.00 0.00 0.983 -0.014
4.65 12.142 -9.179 5.594 -3.584 0.00 0.00 -3.523 0.00 0.00 0.984 -0.013
4.75 12.128 -9.248 5.676 -3.572 0.00 0.00 -3.515 0.00 0.00 0.985 -0.012
4.85 12.115 -9.314 5.753 -3.561 0.00 0.00 -3.508 0.00 0.00 0.986 -0.011
4.95 12.104 -9.375 5.825 -3.550 0.00 0.00 -3.500 0.00 0.00 0.987 -0.011
5.05 12.092 -9.432 5.892 -3.540 0.00 0.00 -3.494 0.00 0.00 0.988 -0.010
5.15 12.082 -9.486 5.955 -3.531 0.00 0.00 -3.488 0.00 0.00 0.989 -0.009
5.25 12.073 -9.536 6.014 -3.522 0.00 0.00 -3.482 0.00 0.00 0.989 -0.009
5.35 12.064 -9.583 6.069 -3.514 0.00 0.00 -3.477 0.00 0.00 0.990 -0.008
5.45 12.056 -9.627 6.120 -3.507 0.00 0.00 -3.472 0.00 0.00 0.991 -0.008
5.55 12.048 -9.667 6.167 -3.500 0.00 0.00 -3.468 0.00 0.00 0.991 -0.007
5.65 12.042 -9.705 6.212 -3.493 0.00 0.00 -3.463 0.00 0.00 0.992 -0.007
5.75 12.035 -9.740 6.253 -3.488 0.00 0.00 -3.460 0.00 0.00 0.993 -0.006
5.85 12.029 -9.773 6.291 -3.482 0.00 0.00 -3.456 0.00 0.00 0.993 -0.006
5.95 12.024 -9.804 6.327 -3.477 0.00 0.00 -3.453 0.00 0.00 0.994 -0.005
6.05 12.019 -9.832 6.360 -3.472 0.00 0.00 -3.450 0.00 0.00 0.994 -0.005
6.15 12.014 -9.858 6.390 -3.468 0.00 0.00 -3.447 0.00 0.00 0.995 -0.005
6.25 12.010 -9.882 6.419 -3.464 0.00 0.00 -3.445 0.00 0.00 0.995 -0.004
6.35 12.006 -9.905 6.445 -3.460 0.00 0.00 -3.442 0.00 0.00 0.995 -0.004
6.45 12.003 -9.926 6.469 -3.456 0.00 0.00 -3.440 0.00 0.00 0.996 -0.004
6.55 11.999 -9.945 6.492 -3.453 0.00 0.00 -3.438 0.00 0.00 0.996 -0.003
6.65 11.992 -9.836 7.008 -2.827 0.00 3.08 0.000 0.00 8.00 1.053 0.017
6.75 11.972 -9.426 7.112 -2.315 0.00 8.55 0.000 0.00 16.00 1.122 0.070
6.85 11.934 -8.697 6.802 -1.895 0.00 15.26 0.000 0.00 24.00 1.188 0.126
6.95 11.877 -7.679 6.128 -1.552 0.00 22.24 0.000 0.00 30.77 1.241 0.178
7.05 11.805 -6.486 5.215 -1.270 0.00 27.17 0.000 0.00 32.49 1.258 0.210
7.15 11.720 -5.300 4.260 -1.040 0.00 29.22 0.000 0.00 30.95 1.236 0.208
7.25 11.629 -4.269 3.418 -0.852 0.00 29.12 0.000 0.00 28.53 1.192 0.181
7.35 11.534 -3.460 2.763 -0.697 0.00 28.15 0.000 0.00 26.85 1.144 0.141
7.45 11.436 -2.859 2.289 -0.571 0.00 27.36 0.000 0.00 26.52 1.104 0.104
7.55 11.336 -2.413 1.946 -0.467 0.00 27.25 0.000 0.00 27.36 1.079 0.077
7.65 11.235 -2.060 1.677 -0.383 0.00 27.86 0.000 0.00 28.81 1.065 0.061
7.75 11.132 -1.754 1.441 -0.313 0.00 28.90 0.000 0.00 30.31 1.058 0.053
7.85 11.029 -1.473 1.216 -0.256 0.00 30.08 0.000 0.00 31.56 1.053 0.049
7.95 10.926 -1.213 1.003 -0.210 0.00 31.17 0.000 0.00 32.49 1.048 0.045
8.05 10.823 -0.980 0.808 -0.172 0.00 32.08 0.000 0.00 33.19 1.042 0.041
8.15 10.720 -0.780 0.639 -0.141 0.00 32.86 0.000 0.00 33.81 1.035 0.035
8.25 10.618 -0.613 0.498 -0.115 0.00 33.57 0.000 0.00 34.46 1.028 0.029
8.35 10.517 -0.478 0.384 -0.094 0.00 34.28 0.000 0.00 35.19 1.023 0.023
8.45 10.416 -0.367 0.290 -0.077 0.00 35.03 0.000 0.00 35.98 1.019 0.019
8.55 10.317 -0.275 0.211 -0.063 0.00 35.80 0.000 0.00 36.79 1.016 0.016
8.65 10.220 -0.195 0.144 -0.052 0.00 36.59 0.000 0.00 37.59 1.013 0.014
8.75 10.123 -0.127 0.084 -0.042 0.00 37.37 0.000 0.00 38.35 1.011 0.012
8.85 10.028 -0.067 0.033 -0.035 0.00 38.13 0.000 0.00 39.08 1.010 0.010
8.95 9.934 -0.016 -0.012 -0.028 0.00 38.86 0.000 0.00 39.77 1.008 0.009
9.05 9.842 0.026 -0.050 -0.023 0.00 39.56 0.000 0.00 40.44 1.007 0.007
9.15 9.751 0.062 -0.081 -0.019 0.00 40.25 0.000 0.00 41.11 1.005 0.006
9.25 9.662 0.091 -0.107 -0.016 0.00 40.92 0.000 0.00 41.76 1.004 0.005
9.35 9.574 0.115 -0.128 -0.013 0.00 41.58 0.000 0.00 42.41 1.004 0.004
9.45 9.487 0.135 -0.146 -0.010 0.00 42.23 0.000 0.00 43.04 1.003 0.003
9.55 9.402 0.152 -0.160 -0.009 0.00 42.86 0.000 0.00 43.66 1.002 0.003
9.65 9.318 0.166 -0.173 -0.007 0.00 43.48 0.000 0.00 44.25 1.002 0.002
9.75 9.236 0.177 -0.182 -0.006 0.00 44.08 0.000 0.00 44.83 1.002 0.002
9.85 9.155 0.185 -0.190 -0.005 0.00 44.67 0.000 0.00 45.40 1.001 0.001
9.95 9.076 0.192 -0.196 -0.004 0.00 45.24 0.000 0.00 45.96 1.001 0.001
10.05 8.998 0.197 -0.201 -0.003 0.00 45.80 0.000 0.00 46.50 1.001 0.001
10.15 8.921 0.201 -0.204 -0.003 0.00 46.34 0.000 0.00 47.03 1.000 0.001
10.25 8.845 0.204 -0.206 -0.002 0.00 46.87 0.000 0.00 47.54 1.000 0.000
10.35 8.771 0.205 -0.207 -0.002 0.00 47.39 0.000 0.00 48.04 1.000 0.000
10.45 8.698 0.206 -0.207 -0.001 0.00 47.90 0.000 0.00 48.54 1.000 0.000
10.55 8.626 0.206 -0.207 -0.001 0.00 48.39 0.000 0.00 49.02 1.000 -0.000
10.65 8.555 0.205 -0.206 -0.001 0.00 48.88 0.000 0.00 49.48 1.000 -0.000
10.75 8.486 0.204 -0.205 -0.001 0.00 49.35 0.000 0.00 49.94 1.000 -0.000
10.85 8.417 0.202 -0.203 -0.001 0.00 49.81 0.000 0.00 50.39 1.000 -0.000
10.95 8.350 0.200 -0.201 -0.001 0.00 50.26 0.000 0.00 50.82 1.000 -0.000
11.05 8.284 0.198 -0.198 -0.000 0.00 50.70 0.000 0.00 51.25 1.000 -0.001
11.15 8.219 0.195 -0.195 -0.000 0.00 51.13 0.000 0.00 51.67 1.000 -0.001
11.25 8.154 0.192 -0.192 -0.000 0.00 51.55 0.000 0.00 52.07 1.000 -0.001
11.35 8.091 0.189 -0.189 -0.000 0.00 51.96 0.000 0.00 52.47 0.999 -0.001
11.45 8.029 0.186 -0.186 -0.000 0.00 52.36 0.000 0.00 52.86 0.999 -0.001
11.55 7.968 0.183 -0.183 -0.000 0.00 52.75 0.000 0.00 53.24 0.999 -0.001
11.65 7.908 0.179 -0.179 -0.000 0.00 53.13 0.000 0.00 53.61 0.999 -0.001
11.75 7.848 0.176 -0.176 -0.000 0.00 53.50 0.000 0.00 53.97 0.999 -0.001
11.85 7.790 0.172 -0.172 -0.000 0.00 53.87 0.000 0.00 54.33 0.999 -0.001
11.95 7.732 0.169 -0.169 -0.000 0.00 54.23 0.000 0.00 54.68 0.999 -0.001
12.05 7.675 0.165 -0.165 -0.000 0.00 54.58 0.000 0.00 55.02 0.999 -0.001
12.15 7.620 0.162 -0.162 -0.000 0.00 54.92 0.000 0.00 55.35 0.999 -0.001
12.25 7.564 0.158 -0.158 -0.000 0.00 55.26 0.000 0.00 55.68 0.999 -0.001
12.35 7.510 0.155 -0.155 -0.000 0.00 55.59 0.000 0.00 56.00 0.999 -0.001
12.45 7.457 0.151 -0.151 -0.000 0.00 55.91 0.000 0.00 56.31 0.999 -0.001
12.55 7.404 0.148 -0.148 -0.000 0.00 56.22 0.000 0.00 56.62 0.999 -0.001
12.65 7.352 0.145 -0.145 -0.000 0.00 56.53 0.000 0.00 56.92 1.000 -0.001
12.75 7.301 0.141 -0.141 -0.000 0.00 56.83 0.000 0.00 57.21 1.000 -0.001
12.85 7.250 0.138 -0.138 -0.000 0.00 57.13 0.000 0.00 57.50 1.000 -0.001
12.95 7.200 0.135 -0.135 -0.000 0.00 57.42 0.000 0.00 57.78 1.000 -0.001
13.05 7.151 0.132 -0.132 -0.000 0.00 57.70 0.000 0.00 58.06 1.000 -0.001
13.15 7.103 0.128 -0.128 -0.000 0.00 57.98 0.000 0.00 58.33 1.000 -0.001
13.25 7.055 0.125 -0.125 -0.000 0.00 58.25 0.000 0.00 58.59 1.000 -0.001
13.35 7.008 0.122 -0.122 -0.000 0.00 58.52 0.000 0.00 58.85 1.000 -0.001
13.45 6.961 0.119 -0.119 -0.000 0.00 58.78 0.000 0.00 59.11 1.000 -0.001
13.55 6.915 0.117 -0.117 -0.000 0.00 59.04 0.000 0.00 59.36 1.000 -0.001
13.65 6.870 0.114 -0.114 -0.000 0.00 59.29 0.000 0.00 59.60 1.000 -0.001
13.75 6.825 0.111 -0.111 -0.000 0.00 59.53 0.000 0.00 59.84 1.000 -0.001
13.85 6.781 0.108 -0.108 -0.000 0.00 59.78 0.000 0.00 60.08 1.000 -0.001
13.95 6.738 0.106 -0.106 -0.000 0.00 60.01 0.000 0.00 60.31 1.000 -0.001
14.05 6.695 0.103 -0.103 -0.000 0.00 60.25 0.000 0.00 60.54 1.000 -0.001
14.15 6.652 0.100 -0.100 -0.000 0.00 60.48 0.000 0.00 60.76 1.000 -0.001
14.25 6.610 0.098 -0.098 -0.000 0.00 60.70 0.000 0.00 60.98 1.000 -0.000
14.35 6.569 0.096 -0.096 -0.000 0.00 60.92 0.000 0.00 61.20 1.000 -0.000
14.45 6.528 0.093 -0.093 -0.000 0.00 61.14 0.000 0.00 61.41 1.000 -0.000
14.55 6.488 0.091 -0.091 -0.000 0.00 61.35 0.000 0.00 61.61 1.000 -0.000
14.65 6.448 0.089 -0.089 -0.000 0.00 61.56 0.000 0.00 61.82 1.000 -0.000
14.75 6.409 0.086 -0.086 -0.000 0.00 61.76 0.000 0.00 62.02 1.000 -0.000
14.85 6.370 0.084 -0.084 -0.000 0.00 61.96 0.000 0.00 62.21 1.000 -0.000
14.95 6.332 0.082 -0.082 -0.000 0.00 62.16 0.000 0.00 62.41 1.000 -0.000
15.05 6.294 0.080 -0.080 -0.000 0.00 62.35 0.000 0.00 62.60 1.000 -0.000
15.15 6.256 0.078 -0.078 -0.000 0.00 62.54 0.000 0.00 62.78 1.000 -0.000
15.25 6.219 0.076 -0.076 -0.000 0.00 62.73 0.000 0.00 62.96 1.000 -0.000
15.35 6.183 0.074 -0.074 -0.000 0.00 62.91 0.000 0.00 63.14 1.000 -0.000
15.45 6.147 0.073 -0.073 -0.000 0.00 63.09 0.000 0.00 63.32 1.000 -0.000
15.55 6.111 0.071 -0.071 -0.000 0.00 63.27 0.000 0.00 63.49 1.000 -0.000
15.65 6.076 0.069 -0.069 -0.000 0.00 63.44 0.000 0.00 63.66 1.000 -0.000
15.75 6.041 0.067 -0.067 -0.000 0.00 63.62 0.000 0.00 63.83 1.000 -0.000
15.85 6.006 0.066 -0.066 -0.000 0.00 63.78 0.000 0.00 64.00 1.000 -0.000
15.95 5.972 0.064 -0.064 -0.000 0.07 63.95 0.000 0.75 64.16 1.000 -0.000
16.05 5.941 0.063 -0.063 -0.000 0.40 64.11 0.000 2.25 64.31 1.000 -0.000
16.15 5.916 0.064 -0.064 -0.000 0.94 64.26 0.000 3.75 64.44 1.000 0.000
16.25 5.899 0.069 -0.069 -0.000 1.66 64.37 0.000 5.25 64.50 1.001 0.001
16.35 5.892 0.076 -0.076 -0.000 2.52 64.44 0.000 6.75 64.50 1.001 0.001
16.45 5.897 0.086 -0.086 -0.000 3.49 64.44 0.000 8.25 64.43 1.001 0.002
16.55 5.914 0.098 -0.098 -0.000 4.56 64.38 0.000 9.75 64.29 1.001 0.002
16.65 5.945 0.111 -0.111 -0.000 5.71 64.26 0.000 11.25 64.08 1.002 0.002
16.75 5.990 0.126 -0.126 -0.000 6.92 64.07 0.000 12.75 63.81 1.002 0.003
16.85 6.049 0.142 -0.142 -0.000 8.11 63.81 0.000 13.47 63.46 1.002 0.003
16.95 6.122 0.158 -0.158 -0.000 9.06 63.47 0.000 13.27 63.02 1.002 0.003
17.05 6.203 0.174 -0.174 -0.000 9.77 63.07 0.000 12.85 62.53 1.002 0.003
17.15 6.291 0.187 -0.187 -0.000 10.23 62.61 0.000 12.17 62.02 1.001 0.002
17.25 6.382 0.197 -0.197 -0.000 10.46 62.12 0.000 11.23 61.49 1.001 0.002
17.35 6.473 0.202 -0.202 -0.000 10.43 61.62 0.000 10.02 60.98 1.001 0.001
17.45 6.561 0.204 -0.204 -0.000 10.16 61.12 0.000 8.56 60.49 1.000 0.000
17.55 6.644 0.202 -0.202 -0.000 9.66 60.63 0.000 7.06 60.03 1.000 -0.000
17.65 6.718 0.195 -0.195 -0.000 8.98 60.18 0.000 5.56 59.62 0.999 -0.001
17.75 6.781 0.184 -0.184 -0.000 8.15 59.78 0.000 4.06 59.28 0.998 -0.002
17.85 6.833 0.168 -0.168 -0.000 7.20 59.43 0.000 2.56 59.02 0.998 -0.003
17.95 6.871 0.149 -0.149 -0.000 6.16 59.16 0.000 1.06 58.84 0.997 -0.003
18.05 6.896 0.126 -0.126 -0.000 5.07 58.97 0.000 0.00 58.75 0.997 -0.004
18.15 6.908 0.102 -0.102 -0.000 4.15 58.86 0.000 0.00 58.75 0.997 -0.004
18.25 6.910 0.077 -0.077 -0.000 3.40 58.83 0.000 0.00 58.82 0.997 -0.004
18.35 6.903 0.054 -0.054 -0.000 2.78 58.87 0.000 0.00 58.93 0.997 -0.004
18.45 6.889 0.033 -0.033 -0.000 2.28 58.95 0.000 0.00 59.07 0.998 -0.004
18.55 6.870 0.015 -0.015 -0.000 1.86 59.07 0.000 0.00 59.22 0.998 -0.003
18.65 6.847 -0.000 0.000 -0.000 1.53 59.20 0.000 0.00 59.38 0.998 -0.003
18.75 6.820 -0.014 0.014 -0.000 1.25 59.36 0.000 0.00 59.56 0.998 -0.002
18.85 6.790 -0.026 0.026 -0.000 1.02 59.53 0.000 0.00 59.75 0.999 -0.002
18.95 6.758 -0.036 0.036 -0.000 0.84 59.71 0.000 0.00 59.95 0.999 -0.002
19.05 6.725 -0.044 0.044 -0.000 0.69 59.91 0.000 0.00 60.16 0.999 -0.001
19.15 6.690 -0.051 0.051 -0.000 0.56 60.11 0.000 0.00 60.36 0.999 -0.001
19.25 6.654 -0.055 0.055 -0.000 0.46 60.31 0.000 0.00 60.57 0.999 -0.001
19.35 6.618 -0.059 0.059 -0.000 0.38 60.52 0.000 0.00 60.78 1.000 -0.001
19.45 6.581 -0.062 0.062 -0.000 0.31 60.72 0.000 0.00 60.99 1.000 -0.001
19.55 6.544 -0.063 0.063 -0.000 0.25 60.93 0.000 0.00 61.19 1.000 -0.000
19.65 6.507 -0.064 0.064 -0.000 0.21 61.14 0.000 0.00 61.40 1.000 -0.000
19.75 6.469 -0.064 0.064 -0.000 0.17 61.34 0.000 0.00 61.60 1.000 -0.000
19.85 6.432 -0.064 0.064 -0.000 0.14 61.54 0.000 0.00 61.80 1.000 0.000
19.95 6.395 -0.063 0.063 -0.000 0.11 61.75 0.000 0.00 62.00 1.000 0.000
