t V gam alpha th Tc Tr thsp Tcc Trc lf gd
0.05 15.000 0.005 -4.981 -4.976 13.48 10.08 -4.288 12.99 10.29 1.005 0.000
0.15 14.996 0.061 -4.703 -4.643 13.24 10.41 -2.781 11.90 10.89 1.025 0.009
0.25 14.984 0.209 -4.310 -4.101 12.85 10.88 -1.301 10.81 11.51 1.054 0.025
0.35 14.961 0.470 -3.863 -3.393 12.33 11.44 0.143 9.73 12.16 1.084 0.045
0.45 14.923 0.846 -3.405 -2.558 11.71 12.06 1.540 8.65 12.85 1.115 0.065
0.55 14.866 1.333 -2.963 -1.629 11.01 12.73 2.882 7.59 13.59 1.142 0.085
0.65 14.790 1.918 -2.553 -0.634 10.24 13.45 4.158 6.54 14.39 1.165 0.102
0.75 14.692 2.586 -2.185 0.401 9.43 14.23 5.356 5.51 15.24 1.183 0.116
0.85 14.571 3.318 -1.865 1.453 8.58 15.07 6.460 4.50 16.15 1.196 0.128
0.95 14.428 4.096 -1.597 2.498 7.70 15.97 7.446 3.53 17.12 1.204 0.136
1.05 14.262 4.899 -1.387 3.512 6.82 16.93 8.282 2.61 18.16 1.206 0.140
1.15 14.074 5.708 -1.240 4.468 5.94 17.95 8.926 1.78 19.26 1.202 0.141
1.25 13.866 6.503 -1.165 5.338 5.08 19.03 9.355 1.04 20.41 1.193 0.139
1.35 13.640 7.261 -1.160 6.101 4.26 20.16 9.592 0.41 21.60 1.179 0.132
1.45 13.398 7.965 -1.217 6.748 3.50 21.33 9.689 0.00 22.82 1.161 0.123
1.55 13.143 8.600 -1.317 7.283 2.87 22.53 9.693 0.00 24.06 1.141 0.111
1.65 12.878 9.156 -1.444 7.712 2.35 23.76 9.638 0.00 25.32 1.119 0.097
1.75 12.606 9.628 -1.580 8.048 1.92 25.00 9.542 0.00 26.59 1.098 0.082
1.85 12.331 10.015 -1.713 8.302 1.57 26.27 9.416 0.00 27.86 1.077 0.067
1.95 12.054 10.318 -1.835 8.483 1.29 27.54 9.265 0.00 29.14 1.057 0.053
2.05 11.776 10.539 -1.938 8.602 1.05 28.81 9.095 0.00 30.42 1.039 0.038
2.15 11.501 10.684 -2.018 8.665 0.86 30.09 8.907 0.00 31.70 1.022 0.025
2.25 11.228 10.756 -2.075 8.681 0.71 31.36 8.703 0.00 32.98 1.008 0.012
2.35 10.959 10.761 -2.106 8.655 0.58 32.64 8.486 0.00 34.25 0.995 0.001
2.45 10.695 10.706 -2.113 8.593 0.47 33.91 8.256 0.00 35.51 0.984 -0.010
2.55 10.436 10.596 -2.097 8.499 0.39 35.17 8.016 0.00 36.77 0.974 -0.019
2.65 10.184 10.436 -2.059 8.377 0.32 36.43 7.765 0.00 38.01 0.966 -0.028
2.75 9.939 10.232 -2.003 8.230 0.26 37.68 7.505 0.00 39.25 0.960 -0.036
2.85 9.701 9.991 -1.929 8.061 0.21 38.92 7.236 0.00 40.48 0.954 -0.042
2.95 9.470 9.716 -1.842 7.874 0.17 40.15 6.959 0.00 41.70 0.950 -0.048
3.05 9.247 9.413 -1.744 7.669 0.14 41.37 6.676 0.00 42.90 0.947 -0.053
3.15 9.032 9.088 -1.639 7.449 0.12 42.57 6.386 0.00 44.10 0.945 -0.057
3.25 8.825 8.744 -1.528 7.215 0.10 43.77 6.091 0.00 45.28 0.944 -0.060
3.35 8.626 8.386 -1.416 6.970 0.08 44.96 5.790 0.00 46.45 0.944 -0.063
3.45 8.435 8.020 -1.306 6.714 0.06 46.13 5.485 0.00 47.60 0.944 -0.064
3.55 8.251 7.648 -1.200 6.449 0.05 47.29 5.176 0.00 48.75 0.945 -0.065
3.65 8.076 7.276 -1.101 6.175 0.04 48.43 4.864 0.00 49.87 0.946 -0.065
3.75 7.908 6.906 -1.013 5.894 0.04 49.56 4.550 0.00 50.98 0.948 -0.065
3.85 7.748 6.543 -0.937 5.607 0.03 50.67 4.234 0.00 52.07 0.950 -0.064
3.95 7.596 6.190 -0.876 5.314 0.02 51.77 3.918 0.00 53.15 0.953 -0.062
4.05 7.451 5.851 -0.833 5.017 0.02 52.84 3.601 0.00 54.20 0.956 -0.060
4.15 7.314 5.527 -0.810 4.717 0.02 53.90 3.286 0.00 55.23 0.959 -0.057
4.25 7.183 5.221 -0.807 4.414 0.01 54.93 2.972 0.00 56.23 0.962 -0.054
4.35 7.060 4.937 -0.827 4.110 0.01 55.94 2.661 0.00 57.21 0.965 -0.050
4.45 6.943 4.675 -0.870 3.805 0.01 56.93 2.355 0.00 58.16 0.969 -0.046
4.55 6.833 4.437 -0.937 3.500 0.01 57.88 2.054 0.00 59.08 0.972 -0.042
4.65 6.730 4.225 -1.027 3.197 0.01 58.81 1.759 0.00 59.97 0.976 -0.037
4.75 6.632 4.038 -1.141 2.897 0.00 59.70 1.473 0.00 60.81 0.979 -0.033
4.85 6.541 3.877 -1.276 2.600 0.00 60.55 1.196 0.00 61.61 0.983 -0.028
4.95 6.456 3.741 -1.432 2.309 0.00 61.36 0.930 0.00 62.37 0.986 -0.024
5.05 6.377 3.629 -1.605 2.024 0.00 62.12 0.676 0.00 63.07 0.989 -0.020
5.15 6.303 3.540 -1.793 1.746 0.00 62.83 0.437 0.00 63.72 0.991 -0.016
5.25 6.234 3.471 -1.993 1.478 0.00 63.49 0.214 0.00 64.31 0.993 -0.012
5.35 6.170 3.419 -2.199 1.220 0.00 64.09 0.008 0.00 64.83 0.995 -0.009
5.45 6.112 3.381 -2.407 0.974 0.00 64.63 -0.181 0.00 65.29 0.996 -0.007
5.55 6.058 3.355 -2.614 0.741 0.00 65.11 -0.352 0.02 65.69 0.997 -0.005
5.65 6.008 3.334 -2.813 0.521 0.01 65.52 -0.506 0.05 66.02 0.998 -0.004
5.75 5.962 3.317 -3.001 0.316 0.02 65.87 -0.642 0.09 66.29 0.998 -0.003
5.85 5.920 3.300 -3.174 0.125 0.04 66.15 -0.764 0.15 66.50 0.998 -0.003
5.95 5.882 3.278 -3.329 -0.051 0.07 66.39 -0.871 0.21 66.66 0.997 -0.004
6.05 5.848 3.250 -3.463 -0.213 0.11 66.57 -0.966 0.29 66.78 0.997 -0.005
6.15 5.817 3.213 -3.574 -0.361 0.15 66.70 -1.049 0.37 66.86 0.996 -0.006
6.25 5.789 3.166 -3.661 -0.496 0.20 66.79 -1.122 0.46 66.90 0.995 -0.008
6.35 5.764 3.107 -3.725 -0.618 0.26 66.85 -1.187 0.55 66.91 0.993 -0.010
6.45 5.742 3.036 -3.765 -0.730 0.33 66.88 -1.245 0.65 66.90 0.992 -0.012
6.55 5.723 2.952 -3.782 -0.830 0.40 66.88 -1.296 0.75 66.87 0.991 -0.015
6.65 5.707 2.857 -3.778 -0.921 0.48 66.86 -1.342 0.86 66.83 0.990 -0.017
6.75 5.693 2.750 -3.754 -1.003 0.56 66.82 -1.384 0.97 66.77 0.989 -0.019
6.85 5.682 2.633 -3.711 -1.078 0.65 66.77 -1.423 1.08 66.70 0.988 -0.020
6.95 5.674 2.507 -3.653 -1.145 0.74 66.71 -1.459 1.19 66.63 0.987 -0.022
7.05 5.667 2.374 -3.580 -1.207 0.84 66.64 -1.492 1.30 66.55 0.986 -0.023
7.15 5.664 2.234 -3.496 -1.263 0.94 66.57 -1.524 1.41 66.47 0.986 -0.024
7.25 5.662 2.089 -3.403 -1.315 1.04 66.49 -1.555 1.52 66.39 0.985 -0.025
7.35 5.663 1.941 -3.303 -1.362 1.14 66.41 -1.585 1.63 66.31 0.985 -0.026
7.45 5.666 1.792 -3.199 -1.407 1.25 66.33 -1.614 1.74 66.23 0.985 -0.026
7.55 5.671 1.643 -3.091 -1.448 1.35 66.25 -1.642 1.85 66.16 0.985 -0.026
7.65 5.678 1.496 -2.983 -1.487 1.46 66.18 -1.670 1.96 66.08 0.985 -0.026
7.75 5.687 1.351 -2.875 -1.524 1.56 66.10 -1.697 2.06 66.01 0.986 -0.025
7.85 5.698 1.212 -2.771 -1.559 1.67 66.03 -1.724 2.17 65.94 0.986 -0.024
7.95 5.711 1.078 -2.670 -1.592 1.77 65.96 -1.750 2.27 65.88 0.987 -0.023
8.05 5.726 0.951 -2.575 -1.624 1.87 65.90 -1.774 2.37 65.82 0.987 -0.022
8.15 5.742 0.831 -2.486 -1.655 1.98 65.84 -1.798 2.46 65.76 0.988 -0.021
8.25 5.761 0.721 -2.405 -1.684 2.08 65.78 -1.821 2.56 65.71 0.989 -0.019
8.35 5.781 0.620 -2.332 -1.712 2.18 65.72 -1.841 2.65 65.66 0.990 -0.018
8.45 5.802 0.530 -2.267 -1.738 2.28 65.67 -1.861 2.74 65.61 0.991 -0.016
8.55 5.825 0.450 -2.212 -1.762 2.37 65.62 -1.878 2.83 65.56 0.992 -0.014
8.65 5.850 0.381 -2.166 -1.785 2.47 65.58 -1.892 2.91 65.52 0.993 -0.012
8.75 5.876 0.324 -2.130 -1.806 2.56 65.54 -1.904 2.99 65.48 0.995 -0.010
8.85 5.903 0.278 -2.103 -1.826 2.65 65.50 -1.914 3.07 65.44 0.996 -0.008
8.95 5.931 0.244 -2.086 -1.843 2.73 65.46 -1.920 3.14 65.41 0.997 -0.006
9.05 5.960 0.221 -2.078 -1.857 2.82 65.42 -1.924 3.22 65.37 0.998 -0.004
9.15 5.991 0.209 -2.079 -1.869 2.90 65.38 -1.924 3.29 65.34 0.999 -0.002
9.25 6.022 0.209 -2.088 -1.879 2.98 65.35 -1.921 3.36 65.30 1.001 -0.000
9.35 6.054 0.219 -2.105 -1.886 3.06 65.31 -1.914 3.42 65.27 1.002 0.002
9.45 6.086 0.240 -2.130 -1.889 3.13 65.28 -1.904 3.48 65.23 1.003 0.004
9.55 6.119 0.271 -2.161 -1.890 3.20 65.24 -1.890 3.54 65.20 1.004 0.005
9.65 6.153 0.311 -2.199 -1.888 3.27 65.21 -1.873 3.60 65.16 1.005 0.007
9.75 6.186 0.360 -2.243 -1.882 3.34 65.17 -1.852 3.66 65.13 1.006 0.009
9.85 6.220 0.418 -2.292 -1.873 3.41 65.14 -1.827 3.71 65.09 1.007 0.010
9.95 6.255 0.484 -2.345 -1.861 3.47 65.10 -1.799 3.76 65.05 1.008 0.011
10.05 6.289 0.557 -2.402 -1.846 3.53 65.06 -1.768 3.81 65.01 1.009 0.013
10.15 6.323 0.636 -2.463 -1.827 3.59 65.02 -1.733 3.86 64.97 1.009 0.014
10.25 6.357 0.722 -2.527 -1.804 3.64 64.98 -1.694 3.91 64.93 1.010 0.015
10.35 6.391 0.814 -2.593 -1.779 3.70 64.94 -1.653 3.95 64.89 1.011 0.016
10.45 6.424 0.911 -2.660 -1.750 3.75 64.90 -1.608 3.99 64.84 1.011 0.017
10.55 6.457 1.012 -2.730 -1.718 3.80 64.85 -1.561 4.03 64.80 1.012 0.018
10.65 6.490 1.118 -2.800 -1.682 3.85 64.81 -1.511 4.07 64.75 1.012 0.018
10.75 6.522 1.227 -2.871 -1.644 3.89 64.76 -1.458 4.11 64.71 1.013 0.019
10.85 6.553 1.339 -2.941 -1.603 3.94 64.72 -1.403 4.15 64.66 1.013 0.020
10.95 6.584 1.454 -3.012 -1.558 3.98 64.67 -1.345 4.19 64.62 1.014 0.020
11.05 6.614 1.571 -3.083 -1.512 4.02 64.63 -1.285 4.22 64.57 1.014 0.020
11.15 6.643 1.691 -3.153 -1.462 4.06 64.58 -1.224 4.25 64.52 1.014 0.021
11.25 6.671 1.812 -3.222 -1.410 4.10 64.54 -1.160 4.29 64.48 1.014 0.021
11.35 6.698 1.934 -3.290 -1.356 4.14 64.49 -1.095 4.32 64.43 1.015 0.021
11.45 6.725 2.057 -3.357 -1.299 4.18 64.44 -1.029 4.35 64.39 1.015 0.022
11.55 6.750 2.181 -3.422 -1.241 4.21 64.40 -0.961 4.38 64.34 1.015 0.022
11.65 6.775 2.306 -3.486 -1.181 4.25 64.36 -0.892 4.41 64.30 1.015 0.022
11.75 6.798 2.430 -3.549 -1.119 4.28 64.31 -0.822 4.43 64.26 1.015 0.022
11.85 6.820 2.555 -3.610 -1.055 4.31 64.27 -0.751 4.46 64.22 1.015 0.022
11.95 6.841 2.680 -3.670 -0.990 4.34 64.23 -0.680 4.49 64.19 1.015 0.022
12.05 6.862 2.804 -3.728 -0.924 4.37 64.20 -0.608 4.51 64.15 1.015 0.022
12.15 6.880 2.928 -3.785 -0.857 4.40 64.16 -0.535 4.54 64.12 1.015 0.022
12.25 6.898 3.051 -3.840 -0.788 4.43 64.13 -0.462 4.56 64.09 1.015 0.022
12.35 6.915 3.174 -3.893 -0.719 4.46 64.10 -0.390 4.58 64.06 1.015 0.021
12.45 6.930 3.296 -3.945 -0.649 4.48 64.07 -0.317 4.61 64.03 1.015 0.021
12.55 6.945 3.416 -3.995 -0.579 4.51 64.04 -0.244 4.63 64.01 1.015 0.021
12.65 6.958 3.536 -4.044 -0.508 4.53 64.02 -0.171 4.65 63.99 1.015 0.021
12.75 6.970 3.655 -4.092 -0.437 4.56 64.00 -0.099 4.67 63.98 1.015 0.021
12.85 6.980 3.772 -4.138 -0.366 4.58 63.98 -0.027 4.69 63.96 1.015 0.020
12.95 6.990 3.888 -4.183 -0.295 4.60 63.97 0.044 4.71 63.95 1.014 0.020
13.05 6.999 4.003 -4.227 -0.224 4.62 63.96 0.115 4.73 63.95 1.014 0.020
13.15 7.006 4.117 -4.269 -0.153 4.64 63.95 0.185 4.74 63.94 1.014 0.020
13.25 7.012 4.229 -4.311 -0.082 4.66 63.95 0.254 4.76 63.94 1.014 0.020
13.35 7.017 4.339 -4.351 -0.012 4.68 63.95 0.322 4.78 63.95 1.014 0.019
13.45 7.022 4.449 -4.390 0.058 4.70 63.95 0.390 4.80 63.95 1.014 0.019
13.55 7.025 4.557 -4.429 0.128 4.72 63.95 0.457 4.81 63.96 1.013 0.019
13.65 7.026 4.663 -4.467 0.196 4.74 63.96 0.522 4.83 63.98 1.013 0.019
13.75 7.027 4.768 -4.504 0.264 4.76 63.98 0.587 4.84 63.99 1.013 0.018
13.85 7.027 4.871 -4.540 0.332 4.78 63.99 0.650 4.86 64.01 1.013 0.018
13.95 7.026 4.973 -4.575 0.398 4.79 64.01 0.713 4.87 64.04 1.013 0.018
14.05 7.024 5.074 -4.610 0.464 4.81 64.03 0.774 4.89 64.06 1.013 0.018
14.15 7.022 5.173 -4.645 0.528 4.83 64.06 0.835 4.90 64.09 1.012 0.017
14.25 7.018 5.270 -4.678 0.592 4.84 64.09 0.894 4.92 64.13 1.012 0.017
14.35 7.013 5.366 -4.712 0.655 4.86 64.12 0.952 4.93 64.16 1.012 0.017
14.45 7.008 5.461 -4.745 0.716 4.87 64.16 1.008 4.95 64.20 1.012 0.016
14.55 7.001 5.554 -4.777 0.777 4.89 64.20 1.064 4.96 64.25 1.012 0.016
14.65 6.994 5.646 -4.809 0.836 4.90 64.24 1.118 4.98 64.29 1.011 0.016
14.75 6.987 5.736 -4.841 0.895 4.92 64.28 1.171 4.99 64.34 1.011 0.016
14.85 6.978 5.825 -4.873 0.952 4.93 64.33 1.223 5.01 64.39 1.011 0.015
14.95 6.969 5.912 -4.904 1.008 4.95 64.38 1.274 5.02 64.45 1.011 0.015
15.05 6.959 5.998 -4.935 1.063 4.96 64.43 1.324 5.03 64.50 1.011 0.015
15.15 6.948 6.083 -4.966 1.117 4.98 64.49 1.372 5.05 64.56 1.010 0.015
15.25 6.937 6.167 -4.997 1.170 4.99 64.55 1.419 5.06 64.62 1.010 0.015
15.35 6.926 6.249 -5.027 1.222 5.01 64.61 1.466 5.08 64.69 1.010 0.014
15.45 6.913 6.330 -5.058 1.272 5.02 64.67 1.511 5.09 64.75 1.010 0.014
15.55 6.901 6.410 -5.088 1.321 5.04 64.74 1.555 5.11 64.82 1.010 0.014
15.65 6.888 6.488 -5.118 1.370 5.05 64.80 1.598 5.12 64.89 1.010 0.014
15.75 6.874 6.565 -5.149 1.417 5.07 64.87 1.640 5.14 64.96 1.009 0.013
15.85 6.860 6.642 -5.179 1.463 5.08 64.94 1.681 5.16 65.03 1.009 0.013
15.95 6.845 6.717 -5.209 1.508 5.10 65.01 1.721 5.17 65.10 1.009 0.013
16.05 6.830 6.791 -5.239 1.552 5.11 65.09 1.760 5.19 65.18 1.009 0.013
16.15 6.815 6.864 -5.269 1.595 5.13 65.16 1.798 5.21 65.26 1.009 0.013
16.25 6.800 6.936 -5.299 1.637 5.15 65.24 1.836 5.22 65.33 1.009 0.013
16.35 6.784 7.007 -5.328 1.678 5.16 65.31 1.872 5.24 65.41 1.009 0.012
16.45 6.768 7.077 -5.358 1.718 5.18 65.39 1.908 5.26 65.49 1.008 0.012
16.55 6.751 7.146 -5.388 1.758 5.20 65.47 1.943 5.28 65.57 1.008 0.012
16.65 6.735 7.214 -5.418 1.796 5.22 65.55 1.978 5.30 65.66 1.008 0.012
16.75 6.718 7.281 -5.448 1.834 5.23 65.63 2.011 5.32 65.74 1.008 0.012
16.85 6.701 7.348 -5.477 1.870 5.25 65.72 2.044 5.34 65.82 1.008 0.012
16.95 6.684 7.413 -5.507 1.906 5.27 65.80 2.077 5.36 65.90 1.008 0.011
17.05 6.667 7.478 -5.537 1.942 5.29 65.88 2.108 5.38 65.99 1.008 0.011
17.15 6.649 7.543 -5.567 1.976 5.31 65.97 2.140 5.40 66.07 1.008 0.011
17.25 6.632 7.606 -5.596 2.010 5.33 66.05 2.170 5.42 66.16 1.008 0.011
17.35 6.614 7.669 -5.626 2.043 5.35 66.14 2.201 5.45 66.24 1.007 0.011
17.45 6.597 7.732 -5.656 2.076 5.37 66.22 2.230 5.47 66.33 1.007 0.011
17.55 6.579 7.793 -5.685 2.108 5.39 66.31 2.260 5.49 66.41 1.007 0.011
17.65 6.561 7.855 -5.715 2.139 5.41 66.39 2.289 5.52 66.50 1.007 0.011
17.75 6.543 7.915 -5.745 2.170 5.43 66.48 2.317 5.54 66.59 1.007 0.011
17.85 6.526 7.976 -5.775 2.201 5.46 66.56 2.345 5.57 66.67 1.007 0.010
17.95 6.508 8.035 -5.804 2.231 5.48 66.65 2.373 5.59 66.76 1.007 0.010
18.05 6.490 8.095 -5.834 2.261 5.50 66.73 2.401 5.62 66.84 1.007 0.010
18.15 6.473 8.154 -5.864 2.290 5.53 66.82 2.428 5.64 66.93 1.007 0.010
18.25 6.455 8.213 -5.894 2.319 5.55 66.90 2.456 5.67 67.01 1.007 0.010
18.35 6.437 8.271 -5.924 2.347 5.58 66.99 2.483 5.70 67.10 1.007 0.010
18.45 6.420 8.329 -5.954 2.376 5.60 67.07 2.509 5.72 67.18 1.007 0.010
18.55 6.402 8.387 -5.984 2.403 5.63 67.16 2.536 5.75 67.26 1.007 0.010
18.65 6.385 8.445 -6.014 2.431 5.66 67.24 2.563 5.78 67.35 1.007 0.010
18.75 6.368 8.503 -6.044 2.459 5.68 67.32 2.589 5.81 67.43 1.007 0.010
18.85 6.351 8.561 -6.075 2.486 5.71 67.41 2.616 5.84 67.51 1.007 0.010
18.95 6.334 8.618 -6.105 2.513 5.74 67.49 2.642 5.87 67.60 1.007 0.010
19.05 6.317 8.676 -6.136 2.540 5.77 67.57 2.668 5.90 67.68 1.007 0.010
19.15 6.300 8.733 -6.166 2.567 5.79 67.66 2.695 5.93 67.76 1.007 0.010
19.25 6.284 8.791 -6.197 2.594 5.82 67.74 2.721 5.96 67.84 1.007 0.010
19.35 6.267 8.848 -6.228 2.620 5.85 67.82 2.747 5.99 67.92 1.006 0.010
19.45 6.251 8.906 -6.259 2.647 5.88 67.90 2.774 6.03 68.00 1.006 0.010
19.55 6.235 8.964 -6.290 2.674 5.91 67.98 2.800 6.06 68.08 1.006 0.010
19.65 6.219 9.022 -6.322 2.700 5.94 68.06 2.827 6.09 68.16 1.007 0.010
19.75 6.203 9.080 -6.354 2.727 5.98 68.14 2.853 6.12 68.24 1.007 0.010
19.85 6.187 9.139 -6.385 2.754 6.01 68.22 2.880 6.16 68.32 1.007 0.010
19.95 6.171 9.198 -6.418 2.780 6.04 68.30 2.907 6.19 68.40 1.007 0.010
