t V gam alpha th Tc Tr thsp Tcc Trc lf gd
0.05 6.001 0.005 -0.117 -0.112 2.78 64.04 -1.178 3.27 64.68 1.002 0.000
0.15 6.008 0.060 -0.685 -0.625 3.02 65.02 -3.487 4.36 66.40 1.010 0.009
0.25 6.029 0.189 -1.640 -1.451 3.41 66.31 -5.697 5.44 67.99 1.018 0.022
0.35 6.071 0.384 -2.892 -2.508 3.93 67.65 -7.766 6.52 69.35 1.024 0.034
0.45 6.138 0.619 -4.344 -3.725 4.55 68.90 -9.657 7.60 70.42 1.026 0.041
0.55 6.234 0.856 -5.890 -5.034 5.25 69.94 -11.334 8.68 71.18 1.025 0.042
0.65 6.359 1.057 -7.435 -6.378 6.02 70.71 -12.772 9.75 71.58 1.019 0.035
0.75 6.516 1.186 -8.889 -7.703 6.84 71.16 -13.957 10.81 71.64 1.010 0.023
0.85 6.702 1.216 -10.183 -8.968 7.71 71.29 -14.884 11.85 71.36 0.997 0.005
0.95 6.916 1.131 -11.267 -10.137 8.60 71.11 -15.565 12.88 70.79 0.982 -0.015
1.05 7.156 0.928 -12.113 -11.185 9.51 70.64 -16.016 13.87 69.95 0.967 -0.035
1.15 7.419 0.614 -12.712 -12.097 10.44 69.90 -16.263 14.84 68.90 0.952 -0.055
1.25 7.702 0.207 -13.071 -12.864 11.37 68.94 -16.335 15.77 67.67 0.939 -0.071
1.35 8.001 -0.272 -13.213 -13.485 12.29 67.80 -16.261 16.66 66.31 0.928 -0.083
1.45 8.314 -0.796 -13.166 -13.962 13.20 66.51 -16.067 17.50 64.85 0.921 -0.091
1.55 8.638 -1.336 -12.923 -14.259 14.07 65.18 -15.298 18.15 63.55 0.918 -0.095
1.65 8.970 -1.854 -12.547 -14.401 14.91 63.79 -14.955 18.88 62.00 0.920 -0.090
1.75 9.307 -2.332 -12.116 -14.447 15.72 62.32 -14.564 19.54 60.44 0.925 -0.083
1.85 9.646 -2.757 -11.652 -14.410 16.50 60.81 -14.135 20.12 58.89 0.932 -0.074
1.95 9.988 -3.120 -11.177 -14.297 17.23 59.29 -13.676 20.63 57.36 0.942 -0.063
2.05 10.328 -3.410 -10.708 -14.118 17.90 57.77 -13.195 21.05 55.86 0.954 -0.051
2.15 10.667 -3.622 -10.260 -13.882 18.52 56.27 -12.697 21.39 54.39 0.967 -0.037
2.25 11.001 -3.754 -9.843 -13.597 19.08 54.80 -12.186 21.65 52.96 0.982 -0.023
2.35 11.331 -3.805 -9.465 -13.269 19.57 53.37 -11.666 21.82 51.57 0.998 -0.009
2.45 11.653 -3.776 -9.130 -12.906 19.99 51.97 -11.141 21.90 50.22 1.014 0.005
2.55 11.967 -3.672 -8.841 -12.513 20.34 50.61 -10.614 21.90 48.91 1.030 0.018
2.65 12.271 -3.498 -8.599 -12.096 20.61 49.30 -10.089 21.83 47.65 1.045 0.031
2.75 12.563 -3.260 -8.401 -11.661 20.81 48.02 -9.568 21.69 46.43 1.060 0.042
2.85 12.844 -2.965 -8.245 -11.210 20.94 46.79 -9.055 21.48 45.25 1.074 0.052
2.95 13.111 -2.620 -8.130 -10.750 21.01 45.61 -8.553 21.22 44.12 1.086 0.060
3.05 13.365 -2.234 -8.050 -10.284 21.00 44.47 -8.066 20.91 43.04 1.096 0.068
3.15 13.603 -1.814 -8.004 -9.817 20.94 43.38 -7.596 20.56 42.01 1.105 0.074
3.25 13.826 -1.366 -7.986 -9.352 20.82 42.33 -7.146 20.17 41.03 1.113 0.078
3.35 14.033 -0.899 -7.993 -8.893 20.64 41.34 -6.718 19.76 40.09 1.119 0.082
3.45 14.224 -0.419 -8.023 -8.443 20.42 40.39 -6.316 19.33 39.21 1.123 0.084
3.55 14.398 0.067 -8.072 -8.005 20.16 39.50 -5.941 18.88 38.39 1.125 0.085
3.65 14.557 0.554 -8.137 -7.583 19.87 38.66 -5.595 18.42 37.62 1.126 0.085
3.75 14.700 1.037 -8.216 -7.179 19.54 37.88 -5.280 17.95 36.91 1.125 0.084
3.85 14.827 1.511 -8.306 -6.795 19.19 37.15 -4.995 17.49 36.25 1.124 0.083
3.95 14.939 1.972 -8.406 -6.433 18.82 36.48 -4.743 17.03 35.65 1.120 0.080
4.05 15.036 2.416 -8.512 -6.096 18.43 35.87 -4.523 16.58 35.11 1.116 0.078
4.15 15.119 2.840 -8.625 -5.785 18.04 35.31 -4.335 16.15 34.63 1.111 0.074
4.25 15.189 3.241 -8.741 -5.500 17.63 34.81 -4.178 15.73 34.20 1.105 0.070
4.35 15.247 3.617 -8.860 -5.242 17.23 34.37 -4.052 15.32 33.82 1.099 0.066
4.45 15.293 3.967 -8.980 -5.013 16.83 33.97 -3.956 14.94 33.49 1.092 0.061
4.55 15.327 4.289 -9.101 -4.812 16.44 33.63 -3.889 14.58 33.21 1.084 0.056
4.65 15.352 4.583 -9.192 -4.609 16.04 33.29 -3.535 14.10 32.80 1.077 0.051
4.75 15.364 4.865 -9.086 -4.221 15.48 32.42 -2.432 12.60 31.16 1.076 0.050
4.85 15.362 5.128 -9.014 -3.886 14.90 31.41 -2.395 12.18 30.33 1.069 0.046
4.95 15.346 5.369 -9.003 -3.634 14.37 30.90 -2.534 11.94 30.38 1.063 0.042
5.05 15.320 5.589 -9.048 -3.459 13.90 30.69 -2.711 11.72 30.50 1.057 0.038
5.15 15.287 5.783 -9.135 -3.352 13.48 30.66 -2.919 11.54 30.66 1.049 0.034
5.25 15.247 5.947 -9.252 -3.305 13.11 30.74 -3.150 11.39 30.86 1.040 0.029
5.35 15.203 6.078 -9.389 -3.311 12.78 30.88 -3.397 11.28 31.08 1.031 0.023
5.45 15.156 6.173 -9.535 -3.362 12.49 31.07 -3.655 11.20 31.32 1.021 0.017
5.55 15.108 6.232 -9.683 -3.451 12.25 31.28 -3.918 11.15 31.56 1.011 0.010
5.65 15.059 6.255 -9.827 -3.572 12.05 31.51 -4.181 11.13 31.80 1.002 0.004
5.75 15.011 6.243 -9.962 -3.719 11.88 31.74 -4.440 11.13 32.03 0.993 -0.002
5.85 14.964 6.200 -10.085 -3.884 11.75 31.96 -4.693 11.17 32.25 0.984 -0.008
5.95 14.919 6.128 -10.193 -4.065 11.65 32.18 -4.935 11.22 32.45 0.977 -0.013
6.05 14.877 6.031 -10.285 -4.254 11.58 32.39 -5.165 11.28 32.64 0.971 -0.017
6.15 14.839 5.912 -10.361 -4.449 11.54 32.57 -5.380 11.36 32.80 0.966 -0.021
6.25 14.804 5.774 -10.420 -4.646 11.52 32.74 -5.580 11.45 32.95 0.962 -0.024
6.35 14.773 5.622 -10.462 -4.841 11.52 32.89 -5.763 11.55 33.06 0.958 -0.027
6.45 14.746 5.458 -10.489 -5.031 11.54 33.01 -5.929 11.65 33.16 0.956 -0.029
6.55 14.723 5.287 -10.502 -5.215 11.57 33.11 -6.078 11.75 33.23 0.954 -0.030
6.65 14.704 5.111 -10.501 -5.390 11.62 33.18 -6.210 11.85 33.27 0.953 -0.031
6.75 14.690 4.933 -10.488 -5.554 11.67 33.24 -6.325 11.94 33.30 0.953 -0.031
6.85 14.679 4.756 -10.464 -5.708 11.73 33.27 -6.424 12.03 33.30 0.954 -0.031
6.95 14.672 4.582 -10.431 -5.849 11.80 33.28 -6.507 12.12 33.28 0.955 -0.030
7.05 14.668 4.412 -10.390 -5.978 11.87 33.27 -6.576 12.19 33.25 0.956 -0.030
7.15 14.668 4.250 -10.344 -6.094 11.94 33.24 -6.631 12.26 33.19 0.958 -0.028
7.25 14.671 4.095 -10.292 -6.197 12.00 33.19 -6.673 12.32 33.13 0.961 -0.027
7.35 14.676 3.949 -10.237 -6.288 12.07 33.13 -6.704 12.37 33.05 0.963 -0.025
7.45 14.684 3.813 -10.180 -6.367 12.13 33.06 -6.725 12.40 32.96 0.966 -0.024
7.55 14.693 3.688 -10.121 -6.433 12.18 32.97 -6.737 12.43 32.86 0.969 -0.022
7.65 14.704 3.574 -10.063 -6.489 12.23 32.87 -6.741 12.44 32.75 0.971 -0.020
7.75 14.717 3.470 -10.005 -6.534 12.27 32.77 -6.738 12.45 32.64 0.974 -0.018
7.85 14.730 3.378 -9.948 -6.570 12.30 32.66 -6.729 12.44 32.52 0.977 -0.016
7.95 14.744 3.296 -9.893 -6.597 12.32 32.55 -6.715 12.43 32.41 0.980 -0.014
8.05 14.759 3.225 -9.841 -6.616 12.34 32.43 -6.697 12.41 32.29 0.983 -0.012
8.15 14.774 3.164 -9.792 -6.628 12.35 32.32 -6.677 12.37 32.17 0.985 -0.011
8.25 14.789 3.112 -9.746 -6.634 12.35 32.20 -6.655 12.33 32.05 0.988 -0.009
8.35 14.804 3.069 -9.703 -6.634 12.34 32.08 -6.632 12.29 31.94 0.990 -0.008
8.45 14.818 3.034 -9.665 -6.631 12.32 31.97 -6.608 12.24 31.83 0.992 -0.006
8.55 14.831 3.006 -9.629 -6.623 12.30 31.86 -6.585 12.18 31.72 0.994 -0.005
8.65 14.844 2.985 -9.598 -6.613 12.27 31.75 -6.562 12.12 31.62 0.995 -0.004
8.75 14.856 2.969 -9.570 -6.601 12.23 31.65 -6.541 12.05 31.52 0.997 -0.003
8.85 14.867 2.959 -9.546 -6.587 12.19 31.55 -6.522 11.99 31.43 0.998 -0.002
8.95 14.877 2.952 -9.525 -6.573 12.14 31.46 -6.504 11.92 31.35 0.999 -0.001
9.05 14.886 2.949 -9.508 -6.559 12.09 31.38 -6.490 11.84 31.27 1.000 -0.001
9.15 14.893 2.949 -9.493 -6.544 12.04 31.30 -6.478 11.77 31.20 1.000 -0.000
9.25 14.900 2.950 -9.481 -6.531 11.98 31.22 -6.468 11.70 31.13 1.001 0.000
9.35 14.905 2.953 -9.472 -6.519 11.92 31.16 -6.462 11.63 31.07 1.001 0.001
9.45 14.909 2.957 -9.465 -6.508 11.86 31.10 -6.459 11.56 31.02 1.001 0.001
9.55 14.913 2.961 -9.460 -6.499 11.79 31.04 -6.459 11.49 30.98 1.001 0.001
9.65 14.915 2.965 -9.457 -6.492 11.73 30.99 -6.462 11.43 30.93 1.001 0.001
9.75 14.916 2.968 -9.456 -6.487 11.67 30.95 -6.467 11.36 30.90 1.001 0.001
9.85 14.916 2.971 -9.456 -6.485 11.60 30.91 -6.475 11.30 30.87 1.000 0.000
9.95 14.915 2.972 -9.456 -6.485 11.54 30.88 -6.486 11.24 30.85 1.000 0.000
10.05 14.914 2.971 -9.458 -6.487 11.48 30.86 -6.500 11.19 30.83 1.000 -0.000
10.15 14.911 2.969 -9.460 -6.491 11.42 30.84 -6.515 11.13 30.81 0.999 -0.000
10.25 14.908 2.965 -9.463 -6.498 11.36 30.82 -6.533 11.08 30.80 0.999 -0.001
10.35 14.905 2.959 -9.466 -6.507 11.30 30.80 -6.552 11.04 30.79 0.998 -0.001
10.45 14.901 2.951 -9.469 -6.518 11.25 30.79 -6.573 10.99 30.78 0.998 -0.001
10.55 14.897 2.941 -9.472 -6.531 11.20 30.79 -6.595 10.95 30.78 0.997 -0.002
10.65 14.892 2.929 -9.475 -6.546 11.15 30.78 -6.618 10.92 30.78 0.997 -0.002
10.75 14.887 2.915 -9.477 -6.562 11.10 30.78 -6.642 10.88 30.78 0.996 -0.002
10.85 14.882 2.899 -9.479 -6.580 11.06 30.78 -6.667 10.85 30.78 0.996 -0.003
10.95 14.877 2.882 -9.481 -6.599 11.01 30.78 -6.692 10.82 30.78 0.995 -0.003
11.05 14.872 2.862 -9.482 -6.620 10.98 30.78 -6.717 10.79 30.78 0.995 -0.003
11.15 14.866 2.842 -9.482 -6.641 10.94 30.78 -6.742 10.77 30.79 0.994 -0.004
11.25 14.861 2.820 -9.482 -6.663 10.91 30.79 -6.768 10.75 30.79 0.994 -0.004
11.35 14.856 2.796 -9.481 -6.685 10.87 30.79 -6.793 10.73 30.80 0.994 -0.004
11.45 14.851 2.772 -9.480 -6.708 10.84 30.79 -6.817 10.71 30.80 0.993 -0.004
11.55 14.846 2.747 -9.478 -6.731 10.82 30.80 -6.841 10.69 30.80 0.993 -0.004
11.65 14.842 2.721 -9.475 -6.754 10.79 30.80 -6.864 10.67 30.81 0.993 -0.005
11.75 14.837 2.694 -9.472 -6.777 10.77 30.80 -6.887 10.66 30.81 0.993 -0.005
11.85 14.833 2.668 -9.468 -6.800 10.75 30.81 -6.909 10.64 30.81 0.993 -0.005
11.95 14.829 2.641 -9.464 -6.823 10.73 30.81 -6.930 10.63 30.81 0.993 -0.005
12.05 14.826 2.614 -9.459 -6.845 10.71 30.81 -6.950 10.62 30.81 0.993 -0.005
12.15 14.822 2.587 -9.453 -6.867 10.69 30.81 -6.969 10.61 30.81 0.993 -0.005
12.25 14.819 2.560 -9.448 -6.888 10.67 30.81 -6.987 10.59 30.81 0.993 -0.005
12.35 14.816 2.534 -9.442 -6.908 10.66 30.81 -7.004 10.58 30.81 0.993 -0.005
12.45 14.813 2.508 -9.436 -6.928 10.64 30.81 -7.021 10.57 30.81 0.993 -0.005
12.55 14.811 2.482 -9.429 -6.947 10.63 30.81 -7.036 10.56 30.80 0.993 -0.004
12.65 14.809 2.457 -9.422 -6.965 10.61 30.80 -7.051 10.55 30.80 0.994 -0.004
12.75 14.807 2.433 -9.416 -6.982 10.60 30.80 -7.064 10.54 30.79 0.994 -0.004
12.85 14.805 2.410 -9.409 -6.999 10.59 30.79 -7.077 10.53 30.79 0.994 -0.004
12.95 14.804 2.387 -9.402 -7.015 10.58 30.79 -7.089 10.52 30.78 0.994 -0.004
13.05 14.802 2.365 -9.395 -7.030 10.56 30.78 -7.100 10.51 30.78 0.994 -0.004
13.15 14.801 2.344 -9.389 -7.044 10.55 30.78 -7.111 10.49 30.77 0.995 -0.004
13.25 14.800 2.324 -9.382 -7.058 10.54 30.77 -7.121 10.48 30.76 0.995 -0.004
13.35 14.799 2.305 -9.375 -7.070 10.53 30.77 -7.130 10.47 30.76 0.995 -0.003
13.45 14.798 2.287 -9.369 -7.082 10.52 30.76 -7.139 10.46 30.75 0.995 -0.003
13.55 14.798 2.269 -9.363 -7.094 10.50 30.75 -7.147 10.45 30.74 0.995 -0.003
13.65 14.797 2.252 -9.357 -7.104 10.49 30.74 -7.155 10.43 30.73 0.996 -0.003
13.75 14.796 2.236 -9.351 -7.115 10.48 30.74 -7.162 10.42 30.73 0.996 -0.003
13.85 14.796 2.221 -9.345 -7.124 10.47 30.73 -7.169 10.41 30.72 0.996 -0.003
13.95 14.795 2.207 -9.340 -7.133 10.46 30.72 -7.176 10.40 30.71 0.996 -0.003
14.05 14.795 2.193 -9.335 -7.142 10.44 30.71 -7.183 10.38 30.70 0.996 -0.002
14.15 14.794 2.180 -9.330 -7.150 10.43 30.71 -7.189 10.37 30.70 0.997 -0.002
14.25 14.794 2.167 -9.326 -7.158 10.42 30.70 -7.195 10.36 30.69 0.997 -0.002
14.35 14.794 2.155 -9.321 -7.166 10.41 30.69 -7.201 10.35 30.68 0.997 -0.002
14.45 14.793 2.144 -9.317 -7.173 10.39 30.69 -7.207 10.33 30.68 0.997 -0.002
14.55 14.793 2.133 -9.313 -7.180 10.38 30.68 -7.213 10.32 30.67 0.997 -0.002
14.65 14.792 2.123 -9.310 -7.187 10.37 30.67 -7.219 10.31 30.67 0.997 -0.002
14.75 14.792 2.113 -9.306 -7.193 10.36 30.67 -7.224 10.30 30.66 0.997 -0.002
14.85 14.791 2.103 -9.303 -7.200 10.34 30.66 -7.230 10.28 30.66 0.998 -0.002
14.95 14.791 2.094 -9.300 -7.206 10.33 30.66 -7.236 10.27 30.65 0.998 -0.002
15.05 14.790 2.085 -9.297 -7.212 10.32 30.65 -7.241 10.26 30.65 0.998 -0.002
15.15 14.790 2.077 -9.295 -7.218 10.31 30.65 -7.247 10.25 30.64 0.998 -0.002
15.25 14.789 2.068 -9.292 -7.224 10.29 30.65 -7.252 10.24 30.64 0.998 -0.001
15.35 14.789 2.060 -9.290 -7.230 10.28 30.64 -7.258 10.23 30.64 0.998 -0.001
15.45 14.788 2.052 -9.288 -7.236 10.27 30.64 -7.263 10.21 30.63 0.998 -0.001
15.55 14.787 2.044 -9.286 -7.241 10.26 30.64 -7.269 10.20 30.63 0.998 -0.001
15.65 14.787 2.037 -9.284 -7.247 10.25 30.63 -7.274 10.19 30.63 0.998 -0.001
15.75 14.786 2.029 -9.282 -7.253 10.24 30.63 -7.280 10.18 30.63 0.998 -0.001
15.85 14.785 2.022 -9.280 -7.258 10.23 30.63 -7.285 10.17 30.63 0.998 -0.001
15.95 14.784 2.014 -9.278 -7.264 10.21 30.63 -7.290 10.16 30.62 0.998 -0.001
16.05 14.784 2.007 -9.277 -7.270 10.20 30.62 -7.296 10.16 30.62 0.998 -0.001
16.15 14.783 2.000 -9.275 -7.275 10.19 30.62 -7.301 10.15 30.62 0.998 -0.001
16.25 14.782 1.993 -9.274 -7.281 10.18 30.62 -7.307 10.14 30.62 0.998 -0.001
16.35 14.781 1.986 -9.272 -7.286 10.18 30.62 -7.312 10.13 30.62 0.998 -0.001
16.45 14.781 1.979 -9.271 -7.291 10.17 30.62 -7.317 10.12 30.62 0.998 -0.001
16.55 14.780 1.972 -9.269 -7.297 10.16 30.62 -7.322 10.11 30.62 0.998 -0.001
16.65 14.779 1.966 -9.268 -7.302 10.15 30.62 -7.327 10.11 30.62 0.998 -0.001
16.75 14.778 1.959 -9.266 -7.307 10.14 30.62 -7.332 10.10 30.61 0.998 -0.001
16.85 14.778 1.953 -9.265 -7.312 10.13 30.61 -7.337 10.09 30.61 0.998 -0.001
16.95 14.777 1.946 -9.264 -7.318 10.12 30.61 -7.342 10.09 30.61 0.998 -0.001
17.05 14.776 1.940 -9.262 -7.323 10.12 30.61 -7.347 10.08 30.61 0.998 -0.001
17.15 14.776 1.933 -9.261 -7.328 10.11 30.61 -7.351 10.07 30.61 0.998 -0.001
17.25 14.775 1.927 -9.260 -7.332 10.10 30.61 -7.356 10.07 30.61 0.998 -0.001
17.35 14.774 1.921 -9.258 -7.337 10.09 30.61 -7.360 10.06 30.61 0.998 -0.001
17.45 14.774 1.915 -9.257 -7.342 10.09 30.61 -7.364 10.06 30.61 0.998 -0.001
17.55 14.773 1.909 -9.256 -7.347 10.08 30.61 -7.368 10.05 30.61 0.998 -0.001
17.65 14.773 1.903 -9.254 -7.351 10.08 30.61 -7.373 10.05 30.61 0.998 -0.001
17.75 14.772 1.897 -9.253 -7.356 10.07 30.61 -7.376 10.04 30.61 0.999 -0.001
17.85 14.771 1.892 -9.252 -7.360 10.06 30.61 -7.380 10.04 30.61 0.999 -0.001
17.95 14.771 1.886 -9.250 -7.364 10.06 30.61 -7.384 10.03 30.61 0.999 -0.001
18.05 14.770 1.881 -9.249 -7.368 10.05 30.61 -7.388 10.03 30.61 0.999 -0.001
18.15 14.770 1.876 -9.248 -7.372 10.05 30.61 -7.391 10.02 30.61 0.999 -0.001
18.25 14.769 1.870 -9.247 -7.376 10.04 30.61 -7.395 10.02 30.61 0.999 -0.001
18.35 14.769 1.865 -9.245 -7.380 10.04 30.61 -7.398 10.01 30.61 0.999 -0.001
18.45 14.768 1.861 -9.244 -7.384 10.03 30.61 -7.401 10.01 30.61 0.999 -0.001
18.55 14.768 1.856 -9.243 -7.387 10.03 30.61 -7.404 10.00 30.60 0.999 -0.001
18.65 14.768 1.851 -9.242 -7.391 10.02 30.60 -7.407 10.00 30.60 0.999 -0.001
18.75 14.767 1.847 -9.241 -7.394 10.02 30.60 -7.410 10.00 30.60 0.999 -0.001
18.85 14.767 1.842 -9.239 -7.397 10.01 30.60 -7.413 9.99 30.60 0.999 -0.001
18.95 14.767 1.838 -9.238 -7.401 10.01 30.60 -7.416 9.99 30.60 0.999 -0.001
19.05 14.766 1.834 -9.237 -7.404 10.00 30.60 -7.418 9.98 30.60 0.999 -0.001
19.15 14.766 1.830 -9.236 -7.407 10.00 30.60 -7.421 9.98 30.60 0.999 -0.001
19.25 14.766 1.826 -9.235 -7.410 10.00 30.60 -7.423 9.98 30.60 0.999 -0.001
19.35 14.765 1.822 -9.234 -7.412 9.99 30.60 -7.426 9.97 30.60 0.999 -0.001
19.45 14.765 1.818 -9.233 -7.415 9.99 30.60 -7.428 9.97 30.60 0.999 -0.001
19.55 14.765 1.815 -9.232 -7.418 9.98 30.60 -7.430 9.97 30.60 0.999 -0.001
19.65 14.764 1.811 -9.231 -7.420 9.98 30.60 -7.432 9.96 30.60 0.999 -0.001
19.75 14.764 1.808 -9.231 -7.423 9.98 30.60 -7.435 9.96 30.60 0.999 -0.001
19.85 14.764 1.804 -9.230 -7.425 9.97 30.60 -7.437 9.96 30.60 0.999 -0.001
19.95 14.764 1.801 -9.229 -7.428 9.97 30.60 -7.439 9.95 30.60 0.999 -0.001
