t V gam alpha th Tc Tr thsp Tcc Trc lf gd
0.05 15.000 -0.000 -5.058 -5.059 13.46 10.00 -5.157 12.78 10.00 0.999 0.000
0.15 14.997 -0.004 -5.073 -5.077 13.13 10.01 -5.157 11.28 10.02 0.999 -0.001
0.25 14.989 -0.010 -5.082 -5.091 12.59 10.02 -5.156 9.78 10.05 0.998 -0.001
0.35 14.974 -0.018 -5.085 -5.103 11.87 10.06 -5.153 8.28 10.11 0.997 -0.001
0.45 14.950 -0.029 -5.082 -5.111 11.02 10.11 -5.147 6.78 10.19 0.996 -0.002
0.55 14.915 -0.045 -5.071 -5.116 10.04 10.19 -5.137 5.28 10.31 0.995 -0.003
0.65 14.869 -0.067 -5.052 -5.118 8.97 10.31 -5.123 3.78 10.48 0.993 -0.004
0.75 14.810 -0.094 -5.022 -5.117 7.82 10.48 -5.105 2.28 10.71 0.992 -0.005
0.85 14.739 -0.129 -4.982 -5.112 6.61 10.71 -5.084 0.78 11.02 0.990 -0.006
0.95 14.655 -0.172 -4.932 -5.103 5.42 11.01 -5.059 0.00 11.41 0.988 -0.007
1.05 14.561 -0.221 -4.870 -5.091 4.44 11.39 -5.030 0.00 11.91 0.986 -0.009
1.15 14.458 -0.276 -4.800 -5.076 3.63 11.87 -5.000 0.00 12.51 0.985 -0.010
1.25 14.350 -0.335 -4.723 -5.058 2.97 12.46 -4.968 0.00 13.22 0.985 -0.010
1.35 14.238 -0.394 -4.643 -5.037 2.43 13.13 -4.935 0.00 14.02 0.985 -0.010
1.45 14.123 -0.451 -4.563 -5.014 1.99 13.90 -4.899 0.00 14.90 0.986 -0.010
1.55 14.008 -0.502 -4.485 -4.987 1.63 14.75 -4.860 0.00 15.83 0.988 -0.009
1.65 13.892 -0.547 -4.412 -4.959 1.34 15.65 -4.818 0.00 16.81 0.990 -0.008
1.75 13.776 -0.582 -4.344 -4.927 1.09 16.60 -4.771 0.00 17.81 0.992 -0.006
1.85 13.661 -0.608 -4.283 -4.891 0.90 17.57 -4.720 0.00 18.81 0.995 -0.005
1.95 13.547 -0.625 -4.228 -4.853 0.73 18.56 -4.665 0.00 19.80 0.997 -0.003
2.05 13.434 -0.632 -4.179 -4.811 0.60 19.54 -4.606 0.00 20.77 0.999 -0.001
2.15 13.323 -0.630 -4.135 -4.765 0.49 20.50 -4.543 0.00 21.71 1.001 0.000
2.25 13.213 -0.621 -4.094 -4.716 0.40 21.44 -4.477 0.00 22.62 1.003 0.001
2.35 13.105 -0.606 -4.057 -4.663 0.33 22.35 -4.409 0.00 23.49 1.004 0.003
2.45 12.998 -0.585 -4.022 -4.607 0.27 23.22 -4.338 0.00 24.32 1.005 0.003
2.55 12.894 -0.561 -3.988 -4.549 0.22 24.06 -4.266 0.00 25.11 1.006 0.004
2.65 12.790 -0.534 -3.954 -4.487 0.18 24.87 -4.194 0.00 25.87 1.006 0.005
2.75 12.689 -0.504 -3.920 -4.424 0.15 25.64 -4.121 0.00 26.60 1.007 0.005
2.85 12.589 -0.475 -3.885 -4.359 0.12 26.37 -4.048 0.00 27.29 1.007 0.005
2.95 12.490 -0.444 -3.849 -4.293 0.10 27.08 -3.976 0.00 27.96 1.007 0.005
3.05 12.393 -0.415 -3.811 -4.226 0.08 27.76 -3.905 0.00 28.61 1.006 0.005
3.15 12.297 -0.385 -3.772 -4.158 0.07 28.41 -3.835 0.00 29.23 1.006 0.005
3.25 12.203 -0.358 -3.732 -4.090 0.05 29.04 -3.767 0.00 29.84 1.006 0.005
3.35 12.110 -0.331 -3.691 -4.022 0.04 29.66 -3.699 0.00 30.42 1.005 0.005
3.45 12.019 -0.306 -3.649 -3.954 0.04 30.25 -3.634 0.00 31.00 1.005 0.004
3.55 11.928 -0.282 -3.605 -3.887 0.03 30.83 -3.569 0.00 31.56 1.005 0.004
3.65 11.839 -0.260 -3.561 -3.821 0.02 31.40 -3.507 0.00 32.11 1.004 0.004
3.75 11.752 -0.239 -3.516 -3.756 0.02 31.95 -3.445 0.00 32.65 1.004 0.004
3.85 11.665 -0.220 -3.471 -3.691 0.02 32.49 -3.385 0.00 33.17 1.004 0.003
3.95 11.580 -0.202 -3.426 -3.627 0.01 33.02 -3.327 0.00 33.69 1.003 0.003
4.05 11.496 -0.185 -3.380 -3.565 0.01 33.55 -3.270 0.00 34.20 1.003 0.003
4.15 11.414 -0.169 -3.335 -3.504 0.01 34.06 -3.214 0.00 34.70 1.003 0.003
4.25 11.332 -0.155 -3.289 -3.444 0.01 34.56 -3.159 0.00 35.20 1.003 0.002
4.35 11.252 -0.141 -3.244 -3.385 0.01 35.06 -3.106 0.00 35.68 1.003 0.002
4.45 11.172 -0.128 -3.198 -3.327 0.00 35.55 -3.053 0.00 36.16 1.002 0.002
4.55 11.094 -0.117 -3.154 -3.270 0.00 36.03 -3.002 0.00 36.63 1.002 0.002
4.65 11.017 -0.106 -3.109 -3.215 0.00 36.50 -2.952 0.00 37.10 1.002 0.002
4.75 10.941 -0.095 -3.065 -3.160 0.00 36.97 -2.903 0.00 37.55 1.002 0.002
4.85 10.866 -0.086 -3.021 -3.107 0.00 37.42 -2.854 0.00 38.00 1.002 0.002
4.95 10.792 -0.077 -2.978 -3.055 0.00 37.88 -2.807 0.00 38.44 1.002 0.002
5.05 10.719 -0.068 -2.935 -3.003 0.00 38.32 -2.761 0.00 38.88 1.001 0.001
5.15 10.647 -0.060 -2.893 -2.953 0.00 38.76 -2.715 0.00 39.31 1.001 0.001
5.25 10.576 -0.052 -2.851 -2.904 0.00 39.19 -2.670 0.00 39.73 1.001 0.001
5.35 10.505 -0.045 -2.810 -2.855 0.00 39.62 -2.626 0.00 40.15 1.001 0.001
5.45 10.436 -0.039 -2.769 -2.808 0.00 40.03 -2.582 0.00 40.56 1.001 0.001
5.55 10.368 -0.032 -2.729 -2.761 0.00 40.45 -2.540 0.00 40.97 1.001 0.001
5.65 10.300 -0.026 -2.689 -2.715 0.00 40.85 -2.498 0.00 41.37 1.001 0.001
5.75 10.233 -0.021 -2.649 -2.670 0.00 41.25 -2.456 0.00 41.76 1.001 0.001
5.85 10.168 -0.015 -2.610 -2.626 0.00 41.65 -2.416 0.00 42.15 1.001 0.001
5.95 10.103 -0.010 -2.572 -2.582 0.00 42.04 -2.376 0.00 42.53 1.001 0.001
6.05 10.038 -0.006 -2.533 -2.539 0.00 42.42 -2.336 0.00 42.90 1.001 0.001
6.15 9.975 -0.001 -2.496 -2.497 0.00 42.80 -2.297 0.00 43.28 1.001 0.001
6.25 9.912 0.003 -2.459 -2.455 0.00 43.17 -2.259 0.00 43.64 1.001 0.001
6.35 9.850 0.007 -2.422 -2.415 0.00 43.54 -2.221 0.00 44.00 1.001 0.001
6.45 9.789 0.011 -2.385 -2.374 0.00 43.90 -2.184 0.00 44.36 1.001 0.001
6.55 9.729 0.015 -2.349 -2.335 0.00 44.26 -2.147 0.00 44.71 1.001 0.001
6.65 9.669 0.018 -2.314 -2.296 0.00 44.61 -2.111 0.00 45.05 1.001 0.001
6.75 9.610 0.021 -2.279 -2.257 0.00 44.96 -2.075 0.00 45.39 1.000 0.001
6.85 9.551 0.024 -2.244 -2.219 0.00 45.30 -2.040 0.00 45.73 1.000 0.000
6.95 9.493 0.027 -2.209 -2.182 0.00 45.64 -2.005 0.00 46.06 1.000 0.000
7.05 9.436 0.030 -2.175 -2.145 0.00 45.97 -1.971 0.00 46.39 1.000 0.000
7.15 9.380 0.033 -2.142 -2.109 0.00 46.30 -1.937 0.00 46.71 1.000 0.000
7.25 9.324 0.035 -2.108 -2.073 0.00 46.62 -1.903 0.00 47.03 1.000 0.000
7.35 9.268 0.038 -2.075 -2.038 0.00 46.94 -1.870 0.00 47.35 1.000 0.000
7.45 9.214 0.040 -2.043 -2.003 0.00 47.26 -1.838 0.00 47.66 1.000 0.000
7.55 9.159 0.042 -2.010 -1.968 0.00 47.57 -1.805 0.00 47.96 1.000 0.000
7.65 9.106 0.044 -1.978 -1.934 0.00 47.88 -1.773 0.00 48.27 1.000 0.000
7.75 9.053 0.046 -1.947 -1.901 0.00 48.18 -1.742 0.00 48.56 1.000 0.000
7.85 9.000 0.047 -1.915 -1.868 0.00 48.48 -1.711 0.00 48.86 1.000 0.000
7.95 8.948 0.049 -1.884 -1.835 0.00 48.78 -1.680 0.00 49.15 1.000 0.000
8.05 8.897 0.051 -1.853 -1.803 0.00 49.07 -1.649 0.00 49.44 1.000 0.000
8.15 8.846 0.052 -1.823 -1.771 0.00 49.36 -1.619 0.00 49.72 1.000 0.000
8.25 8.795 0.054 -1.793 -1.739 0.00 49.64 -1.589 0.00 50.00 1.000 0.000
8.35 8.745 0.055 -1.763 -1.708 0.00 49.92 -1.560 0.00 50.28 1.000 0.000
8.45 8.695 0.056 -1.733 -1.677 0.00 50.20 -1.531 0.00 50.55 1.000 0.000
8.55 8.646 0.057 -1.704 -1.647 0.00 50.48 -1.502 0.00 50.82 1.000 0.000
8.65 8.598 0.058 -1.675 -1.616 0.00 50.75 -1.473 0.00 51.09 1.000 0.000
8.75 8.549 0.059 -1.646 -1.587 0.00 51.02 -1.445 0.00 51.35 1.000 0.000
8.85 8.502 0.060 -1.617 -1.557 0.00 51.28 -1.417 0.00 51.62 1.000 0.000
8.95 8.454 0.061 -1.589 -1.528 0.00 51.54 -1.389 0.00 51.87 1.000 0.000
9.05 8.407 0.062 -1.561 -1.499 0.00 51.80 -1.362 0.00 52.13 1.000 0.000
9.15 8.361 0.063 -1.533 -1.470 0.00 52.06 -1.335 0.00 52.38 1.000 0.000
9.25 8.314 0.063 -1.505 -1.442 0.00 52.31 -1.308 0.00 52.63 1.000 0.000
9.35 8.269 0.064 -1.478 -1.414 0.00 52.56 -1.281 0.00 52.88 1.000 0.000
9.45 8.223 0.065 -1.451 -1.386 0.00 52.81 -1.255 0.00 53.12 1.000 0.000
9.55 8.178 0.065 -1.424 -1.359 0.00 53.05 -1.228 0.00 53.36 1.000 0.000
9.65 8.133 0.066 -1.397 -1.331 0.00 53.30 -1.202 0.00 53.60 1.000 0.000
9.75 8.089 0.066 -1.371 -1.305 0.00 53.53 -1.177 0.00 53.84 1.000 0.000
9.85 8.045 0.067 -1.344 -1.278 0.00 53.77 -1.151 0.00 54.07 1.000 0.000
9.95 8.001 0.067 -1.318 -1.251 0.00 54.01 -1.126 0.00 54.30 1.000 0.000
10.05 7.958 0.067 -1.293 -1.225 0.00 54.24 -1.101 0.00 54.53 1.000 0.000
10.15 7.915 0.068 -1.267 -1.199 0.00 54.47 -1.076 0.00 54.76 1.000 0.000
10.25 7.872 0.068 -1.241 -1.173 0.00 54.69 -1.051 0.00 54.98 1.000 -0.000
10.35 7.830 0.068 -1.216 -1.148 0.00 54.92 -1.027 0.00 55.20 1.000 -0.000
10.45 7.788 0.068 -1.191 -1.122 0.00 55.14 -1.002 0.00 55.42 1.000 -0.000
10.55 7.746 0.069 -1.166 -1.097 0.00 55.36 -0.978 0.00 55.64 1.000 -0.000
10.65 7.705 0.069 -1.141 -1.072 0.00 55.58 -0.954 0.00 55.85 1.000 -0.000
10.75 7.663 0.069 -1.117 -1.048 0.00 55.79 -0.930 0.00 56.07 1.000 -0.000
10.85 7.623 0.069 -1.092 -1.023 0.00 56.01 -0.907 0.00 56.28 1.000 -0.000
10.95 7.582 0.069 -1.068 -0.999 0.00 56.22 -0.883 0.00 56.48 1.000 -0.000
11.05 7.541 0.069 -1.044 -0.975 0.00 56.43 -0.860 0.00 56.69 1.000 -0.000
11.15 7.501 0.069 -1.020 -0.951 0.00 56.63 -0.837 0.00 56.90 1.000 -0.000
11.25 7.462 0.069 -0.996 -0.927 0.00 56.84 -0.814 0.00 57.10 1.000 -0.000
11.35 7.422 0.069 -0.973 -0.903 0.00 57.04 -0.791 0.00 57.30 1.000 -0.000
11.45 7.383 0.069 -0.949 -0.880 0.00 57.24 -0.769 0.00 57.50 1.000 -0.000
11.55 7.343 0.069 -0.926 -0.857 0.00 57.44 -0.746 0.00 57.70 1.000 -0.000
11.65 7.305 0.069 -0.903 -0.834 0.00 57.64 -0.724 0.00 57.89 1.000 -0.000
11.75 7.266 0.069 -0.880 -0.811 0.00 57.84 -0.702 0.00 58.08 1.000 -0.000
11.85 7.227 0.069 -0.857 -0.788 0.00 58.03 -0.680 0.00 58.28 1.000 -0.000
11.95 7.189 0.069 -0.834 -0.765 0.00 58.22 -0.658 0.00 58.47 1.000 -0.000
12.05 7.151 0.069 -0.811 -0.743 0.00 58.41 -0.636 0.00 58.66 1.000 -0.000
12.15 7.113 0.069 -0.789 -0.720 0.00 58.60 -0.614 0.00 58.84 1.000 -0.000
12.25 7.076 0.068 -0.767 -0.698 0.00 58.79 -0.593 0.00 59.03 1.000 -0.000
12.35 7.038 0.068 -0.744 -0.676 0.00 58.98 -0.572 0.00 59.21 1.000 -0.000
12.45 7.001 0.068 -0.722 -0.654 0.00 59.16 -0.550 0.00 59.39 1.000 -0.000
12.55 6.964 0.068 -0.700 -0.633 0.00 59.34 -0.529 0.00 59.57 1.000 -0.000
12.65 6.927 0.068 -0.678 -0.611 0.00 59.52 -0.508 0.00 59.75 1.000 -0.000
12.75 6.891 0.067 -0.657 -0.589 0.00 59.70 -0.487 0.00 59.93 1.000 -0.000
12.85 6.854 0.067 -0.635 -0.568 0.00 59.88 -0.466 0.00 60.11 1.000 -0.000
12.95 6.818 0.067 -0.614 -0.547 0.00 60.06 -0.446 0.00 60.28 1.000 -0.000
13.05 6.782 0.067 -0.592 -0.525 0.00 60.23 -0.425 0.00 60.45 1.000 -0.000
13.15 6.746 0.066 -0.571 -0.504 0.00 60.41 -0.404 0.00 60.63 1.000 -0.000
13.25 6.710 0.066 -0.550 -0.483 0.00 60.58 -0.384 0.00 60.80 1.000 -0.000
13.35 6.675 0.066 -0.529 -0.463 0.00 60.75 -0.364 0.00 60.97 1.000 -0.000
13.45 6.639 0.066 -0.508 -0.442 0.00 60.92 -0.344 0.00 61.13 1.000 -0.000
13.55 6.604 0.065 -0.487 -0.421 0.00 61.09 -0.323 0.00 61.30 1.000 -0.000
13.65 6.569 0.065 -0.466 -0.401 0.00 61.25 -0.303 0.00 61.47 1.000 -0.000
13.75 6.534 0.065 -0.445 -0.380 0.00 61.42 -0.283 0.00 61.63 1.000 -0.000
13.85 6.499 0.064 -0.425 -0.360 0.00 61.58 -0.264 0.00 61.79 1.000 -0.000
13.95 6.464 0.064 -0.404 -0.340 0.00 61.75 -0.244 0.00 61.95 1.000 -0.000
14.05 6.430 0.064 -0.384 -0.320 0.00 61.91 -0.224 0.00 62.11 1.000 -0.000
14.15 6.395 0.064 -0.363 -0.300 0.00 62.07 -0.204 0.00 62.27 1.000 -0.000
14.25 6.361 0.063 -0.343 -0.280 0.00 62.23 -0.185 0.00 62.43 1.000 -0.000
14.35 6.327 0.063 -0.323 -0.260 0.00 62.39 -0.165 0.00 62.59 1.000 -0.000
14.45 6.292 0.063 -0.303 -0.240 0.00 62.55 -0.146 0.00 62.74 1.000 -0.000
14.55 6.259 0.062 -0.283 -0.220 0.00 62.70 -0.127 0.00 62.90 1.000 -0.000
14.65 6.225 0.062 -0.263 -0.201 0.00 62.86 -0.107 0.00 63.05 1.000 -0.000
14.75 6.191 0.062 -0.243 -0.181 0.00 63.01 -0.088 0.00 63.21 1.000 -0.000
14.85 6.157 0.061 -0.223 -0.162 0.00 63.16 -0.069 0.00 63.36 1.000 -0.000
14.95 6.124 0.061 -0.203 -0.142 0.00 63.32 -0.050 0.00 63.51 1.000 -0.000
15.05 6.090 0.061 -0.183 -0.123 0.00 63.47 -0.031 0.00 63.66 1.000 -0.000
15.15 6.057 0.060 -0.164 -0.104 0.00 63.62 -0.012 0.00 63.81 1.000 -0.000
15.25 6.024 0.060 -0.144 -0.084 0.00 63.77 0.007 0.00 63.95 1.000 -0.000
15.35 5.991 0.059 -0.125 -0.065 0.00 63.91 0.026 0.00 64.10 1.000 -0.000
15.45 5.957 0.059 -0.107 -0.048 0.00 64.06 0.030 0.00 64.25 1.000 -0.000
15.55 5.925 0.058 -0.092 -0.034 0.00 64.21 0.029 0.00 64.39 1.000 -0.000
15.65 5.892 0.058 -0.080 -0.023 0.00 64.36 0.029 0.03 64.54 1.000 -0.000
15.75 5.859 0.057 -0.070 -0.013 0.02 64.51 0.029 0.14 64.69 1.000 -0.000
15.85 5.828 0.057 -0.062 -0.006 0.06 64.65 0.028 0.25 64.84 1.000 -0.000
15.95 5.797 0.057 -0.056 0.000 0.11 64.80 0.028 0.37 64.98 1.000 -0.000
16.05 5.767 0.057 -0.051 0.006 0.17 64.94 0.028 0.49 65.12 1.000 0.000
16.15 5.738 0.058 -0.048 0.010 0.25 65.08 0.029 0.60 65.25 1.000 0.000
16.25 5.710 0.058 -0.045 0.013 0.33 65.21 0.029 0.72 65.37 1.000 0.000
16.35 5.684 0.059 -0.043 0.016 0.41 65.33 0.029 0.83 65.48 1.000 0.000
16.45 5.658 0.061 -0.042 0.019 0.51 65.45 0.030 0.95 65.59 1.000 0.000
16.55 5.635 0.062 -0.041 0.021 0.60 65.56 0.031 1.06 65.69 1.000 0.000
16.65 5.613 0.064 -0.041 0.023 0.70 65.66 0.031 1.17 65.79 1.000 0.000
16.75 5.592 0.065 -0.041 0.024 0.80 65.75 0.032 1.27 65.87 1.000 0.000
16.85 5.572 0.067 -0.041 0.026 0.90 65.84 0.033 1.38 65.95 1.000 0.000
16.95 5.554 0.069 -0.041 0.027 1.00 65.92 0.034 1.48 66.03 1.000 0.000
17.05 5.538 0.070 -0.042 0.029 1.10 66.00 0.035 1.58 66.09 1.000 0.000
17.15 5.523 0.072 -0.042 0.030 1.20 66.07 0.036 1.68 66.15 1.000 0.000
17.25 5.509 0.074 -0.043 0.031 1.30 66.13 0.037 1.77 66.21 1.000 0.000
17.35 5.497 0.076 -0.044 0.032 1.40 66.19 0.038 1.86 66.26 1.000 0.000
17.45 5.485 0.078 -0.044 0.033 1.49 66.24 0.038 1.95 66.30 1.000 0.000
17.55 5.476 0.080 -0.045 0.034 1.59 66.28 0.039 2.03 66.33 1.000 0.000
17.65 5.467 0.081 -0.046 0.035 1.68 66.32 0.040 2.12 66.37 1.000 0.000
17.75 5.460 0.083 -0.046 0.036 1.77 66.35 0.041 2.20 66.39 1.000 0.000
17.85 5.453 0.084 -0.047 0.037 1.86 66.38 0.042 2.27 66.41 1.000 0.000
17.95 5.448 0.086 -0.048 0.038 1.94 66.40 0.043 2.34 66.43 1.000 0.000
18.05 5.444 0.087 -0.048 0.039 2.03 66.42 0.043 2.41 66.44 1.000 0.000
18.15 5.441 0.089 -0.049 0.040 2.10 66.43 0.044 2.48 66.45 1.000 0.000
18.25 5.439 0.090 -0.049 0.041 2.18 66.44 0.045 2.54 66.45 1.000 0.000
18.35 5.438 0.091 -0.049 0.042 2.26 66.45 0.045 2.60 66.45 1.000 0.000
18.45 5.438 0.092 -0.050 0.042 2.33 66.45 0.046 2.66 66.45 1.000 0.000
18.55 5.439 0.093 -0.050 0.043 2.40 66.44 0.046 2.72 66.44 1.000 0.000
18.65 5.440 0.094 -0.050 0.044 2.46 66.44 0.047 2.77 66.43 1.000 0.000
18.75 5.443 0.095 -0.050 0.044 2.52 66.42 0.047 2.82 66.41 1.000 0.000
18.85 5.446 0.095 -0.051 0.045 2.58 66.41 0.048 2.87 66.39 1.000 0.000
18.95 5.449 0.096 -0.051 0.045 2.64 66.39 0.048 2.91 66.37 1.000 0.000
19.05 5.454 0.097 -0.051 0.046 2.70 66.37 0.048 2.95 66.35 1.000 0.000
19.15 5.459 0.097 -0.051 0.046 2.75 66.35 0.048 2.99 66.32 1.000 0.000
19.25 5.464 0.097 -0.051 0.047 2.80 66.33 0.049 3.03 66.29 1.000 0.000
19.35 5.470 0.098 -0.051 0.047 2.85 66.30 0.049 3.07 66.26 1.000 0.000
19.45 5.477 0.098 -0.050 0.047 2.89 66.27 0.049 3.10 66.23 1.000 0.000
19.55 5.484 0.098 -0.050 0.048 2.93 66.24 0.049 3.13 66.19 1.000 0.000
19.65 5.492 0.098 -0.050 0.048 2.97 66.20 0.049 3.16 66.16 1.000 0.000
19.75 5.499 0.098 -0.050 0.048 3.01 66.17 0.049 3.18 66.12 1.000 0.000
19.85 5.508 0.098 -0.050 0.048 3.04 66.13 0.049 3.21 66.08 1.000 -0.000
19.95 5.516 0.098 -0.049 0.048 3.08 66.09 0.049 3.23 66.04 1.000 -0.000
