t V gam alpha th Tc Tr thsp Tcc Trc lf gd
0.05 6.001 0.027 -0.407 -0.381 2.73 64.92 -4.000 2.78 67.78 1.011 0.000
0.15 6.019 0.307 -2.254 -1.947 2.75 69.39 -10.114 2.81 75.78 1.050 0.046
0.25 6.066 1.042 -4.575 -3.533 2.73 75.58 -10.552 2.59 83.78 1.107 0.125
0.35 6.143 2.339 -7.018 -4.679 2.69 82.65 -9.744 2.51 91.78 1.173 0.224
0.45 6.252 4.194 -9.989 -5.795 2.64 89.80 -11.466 2.36 98.46 1.231 0.324
0.55 6.405 6.339 -13.855 -7.516 2.52 94.98 -16.708 1.79 101.03 1.247 0.377
0.65 6.620 8.794 -18.873 -10.080 2.19 100.63 -23.142 0.37 108.26 1.329 0.426
0.75 6.915 11.891 -25.130 -13.238 1.80 107.42 -28.817 0.00 116.26 1.427 0.539
0.85 7.297 15.520 -31.796 -16.277 1.47 112.92 -30.000 0.00 118.73 1.511 0.636
0.95 7.734 19.388 -38.153 -18.764 1.20 115.75 -30.000 0.00 118.73 1.572 0.676
1.05 8.181 23.348 -44.149 -20.801 0.99 117.20 -30.000 0.00 118.73 1.633 0.691
1.15 8.599 27.377 -49.846 -22.469 0.81 117.94 -30.000 0.00 118.73 1.701 0.703
1.25 8.952 31.493 -55.327 -23.834 0.66 118.32 -30.000 0.00 118.73 1.778 0.718
1.35 9.210 35.706 -60.658 -24.952 0.54 118.52 -30.000 0.00 118.73 1.860 0.735
1.45 9.351 40.002 -65.868 -25.867 0.44 118.62 -30.000 0.00 118.73 1.939 0.750
1.55 9.366 44.330 -70.946 -26.616 0.36 118.63 -30.000 0.00 118.56 2.006 0.756
1.65 9.256 48.608 -75.837 -27.229 0.30 118.26 -30.000 0.03 117.63 2.050 0.747
1.75 9.029 52.723 -80.454 -27.732 0.27 117.27 -30.000 0.14 115.78 2.059 0.719
1.85 8.705 56.550 -84.693 -28.143 0.27 115.47 -30.000 0.34 112.91 2.024 0.669
1.95 8.305 59.972 -88.451 -28.479 0.32 112.75 -30.000 0.63 109.03 1.940 0.598
2.05 7.856 62.886 -91.641 -28.755 0.43 109.15 -30.000 1.00 104.31 1.807 0.509
2.15 7.380 65.213 -94.194 -28.981 0.59 104.77 -30.000 1.44 99.02 1.631 0.407
2.25 6.897 66.900 -96.066 -29.165 0.81 99.82 -30.000 1.91 93.41 1.423 0.295
2.35 6.421 67.912 -97.229 -29.317 1.08 94.50 -30.000 2.40 87.69 1.202 0.177
2.45 5.964 68.224 -97.664 -29.441 1.39 88.99 -30.000 2.91 81.98 0.987 0.054
2.55 5.531 67.811 -97.353 -29.542 1.74 83.41 -30.000 3.43 76.35 0.796 -0.072
2.65 5.125 66.643 -96.268 -29.625 2.11 77.84 -30.000 3.94 70.82 0.641 -0.204
2.75 4.749 64.669 -94.362 -29.693 2.52 72.34 -30.000 4.47 65.42 0.526 -0.344
2.85 4.403 61.817 -91.566 -29.749 2.94 66.93 -30.000 5.00 60.13 0.449 -0.497
2.95 4.090 57.983 -87.777 -29.794 3.39 61.64 -30.000 5.53 54.98 0.401 -0.668
3.05 3.812 53.037 -82.868 -29.832 3.85 56.48 -30.000 6.06 50.02 0.374 -0.862
3.15 3.577 46.837 -76.699 -29.862 4.32 51.54 -30.000 6.59 45.36 0.361 -1.081
3.25 3.397 39.282 -69.169 -29.887 4.81 46.91 -30.000 7.11 41.19 0.357 -1.318
3.35 3.289 30.413 -60.320 -29.908 5.30 42.77 -30.000 7.63 37.73 0.359 -1.549
3.45 3.274 20.539 -50.464 -29.924 5.79 39.42 -30.000 8.16 35.52 0.367 -1.728
3.55 3.372 10.336 -40.274 -29.938 6.31 37.52 -30.000 8.79 35.72 0.386 -1.788
3.65 3.595 0.763 -30.696 -29.933 6.85 38.00 -29.825 9.50 39.53 0.428 -1.680
3.75 3.937 -7.210 -22.124 -29.334 7.50 41.79 -25.091 10.79 47.46 0.508 -1.399
3.85 4.367 -13.104 -14.355 -27.459 8.31 47.46 -17.091 12.29 54.94 0.609 -1.030
3.95 4.837 -16.756 -7.970 -24.727 9.23 54.18 -11.180 13.69 62.94 0.776 -0.637
4.05 5.304 -18.230 -3.508 -21.738 10.16 61.52 -7.388 14.54 70.94 0.944 -0.257
4.15 5.744 -18.000 -0.666 -18.666 11.04 69.19 -4.005 15.14 78.94 1.100 0.040
4.25 6.142 -16.451 0.841 -15.610 11.83 77.01 -1.185 15.52 86.94 1.238 0.270
4.35 6.494 -13.883 1.143 -12.740 12.54 84.74 0.559 15.80 94.27 1.354 0.449
4.45 6.804 -10.616 0.395 -10.221 13.16 90.94 1.303 15.97 98.11 1.430 0.572
4.55 7.083 -7.029 -1.002 -8.031 13.68 94.49 2.063 16.01 97.97 1.460 0.629
4.65 7.337 -3.503 -2.587 -6.091 14.07 94.44 2.822 15.78 93.13 1.442 0.619
4.75 7.568 -0.398 -4.152 -4.549 14.31 90.74 2.096 15.22 85.18 1.379 0.546
4.85 7.779 2.041 -5.845 -3.804 14.32 84.95 -1.489 14.04 77.18 1.286 0.429
4.95 7.981 3.714 -7.979 -4.264 14.06 79.73 -7.984 12.54 74.12 1.189 0.291
5.05 8.191 4.827 -10.528 -5.701 13.58 79.34 -13.241 11.04 80.60 1.140 0.190
5.15 8.426 5.744 -13.197 -7.453 12.91 83.03 -15.892 9.54 88.60 1.135 0.157
5.25 8.694 6.806 -16.033 -9.227 12.09 88.82 -17.653 8.04 96.60 1.209 0.179
5.35 9.000 8.490 -19.545 -11.055 11.15 95.68 -19.907 6.54 104.60 1.327 0.292
5.45 9.350 10.877 -24.013 -13.136 10.10 103.10 -23.468 5.04 112.60 1.464 0.415
5.55 9.746 13.977 -29.645 -15.668 8.99 110.27 -28.312 3.64 118.73 1.613 0.541
5.65 10.169 17.661 -35.926 -18.266 7.87 114.39 -30.000 2.58 118.73 1.743 0.644
5.75 10.571 21.767 -42.160 -20.393 6.80 116.50 -30.000 1.81 118.73 1.869 0.717
5.85 10.899 26.229 -48.363 -22.134 5.82 117.58 -30.000 1.30 118.73 2.000 0.779
5.95 11.109 31.010 -54.570 -23.560 4.95 118.14 -30.000 0.94 118.73 2.136 0.835
6.05 11.166 36.059 -60.787 -24.727 4.19 118.43 -30.000 0.67 118.73 2.268 0.882
6.15 11.051 41.289 -66.972 -25.683 3.52 118.57 -30.000 0.49 118.73 2.382 0.914
6.25 10.766 46.570 -73.035 -26.466 2.96 118.62 -30.000 0.39 118.64 2.463 0.923
6.35 10.333 51.733 -78.839 -27.106 2.49 118.30 -30.000 0.38 117.69 2.497 0.903
6.45 9.788 56.590 -84.220 -27.631 2.12 117.20 -30.000 0.49 115.51 2.468 0.849
6.55 9.170 60.960 -89.020 -28.060 1.86 115.08 -30.000 0.73 112.05 2.369 0.764
6.65 8.519 64.695 -93.107 -28.412 1.70 111.86 -30.000 1.07 107.46 2.198 0.653
6.75 7.866 67.693 -96.393 -28.700 1.64 107.67 -30.000 1.49 102.11 1.961 0.524
6.85 7.235 69.895 -98.830 -28.935 1.68 102.76 -30.000 1.96 96.38 1.671 0.384
6.95 6.641 71.278 -100.406 -29.128 1.80 97.40 -30.000 2.46 90.53 1.357 0.241
7.05 6.091 71.837 -101.124 -29.286 1.99 91.82 -30.000 2.96 84.72 1.051 0.097
7.15 5.588 71.575 -100.991 -29.416 2.24 86.16 -30.000 3.48 79.02 0.787 -0.046
7.25 5.132 70.482 -100.004 -29.522 2.53 80.54 -30.000 3.99 73.46 0.586 -0.191
7.35 4.718 68.533 -98.141 -29.608 2.87 75.00 -30.000 4.51 68.04 0.451 -0.340
7.45 4.346 65.672 -95.351 -29.679 3.24 69.58 -30.000 5.03 62.75 0.372 -0.499
7.55 4.014 61.810 -91.548 -29.737 3.64 64.26 -30.000 5.56 57.58 0.335 -0.673
7.65 3.722 56.825 -86.610 -29.785 4.06 59.07 -30.000 6.08 52.56 0.323 -0.869
7.75 3.474 50.572 -80.396 -29.824 4.50 54.05 -30.000 6.61 47.76 0.325 -1.090
7.85 3.281 42.930 -72.786 -29.856 4.95 49.28 -30.000 7.13 43.34 0.334 -1.333
7.95 3.157 33.896 -63.778 -29.882 5.42 44.91 -30.000 7.65 39.56 0.346 -1.578
8.05 3.123 23.731 -53.634 -29.903 5.89 41.22 -30.000 8.16 36.84 0.360 -1.778
8.15 3.200 13.075 -42.996 -29.921 6.38 38.79 -30.000 8.75 36.25 0.381 -1.867
8.25 3.402 2.914 -32.849 -29.935 6.91 38.53 -30.000 9.45 39.05 0.420 -1.783
8.35 3.728 -5.716 -23.882 -29.598 7.51 41.46 -27.005 10.54 46.22 0.493 -1.515
8.45 4.150 -12.188 -15.835 -28.022 8.27 46.73 -19.005 12.04 53.78 0.592 -1.131
8.55 4.621 -16.379 -9.028 -25.407 9.16 53.24 -12.200 13.54 61.78 0.745 -0.735
8.65 5.096 -18.259 -4.179 -22.438 10.09 60.48 -8.144 14.48 69.78 0.913 -0.327
8.75 5.547 -18.319 -1.049 -19.369 10.98 68.08 -4.705 15.14 77.78 1.071 -0.010
8.85 5.958 -16.979 0.688 -16.291 11.79 75.88 -1.726 15.54 85.78 1.212 0.234
8.95 6.323 -14.556 1.195 -13.362 12.51 83.70 0.272 15.85 93.51 1.332 0.423
9.05 6.644 -11.362 0.602 -10.760 13.15 90.31 1.159 16.05 98.05 1.416 0.559
9.15 6.932 -7.772 -0.727 -8.499 13.69 94.44 1.907 16.12 98.72 1.456 0.629
9.25 7.194 -4.175 -2.311 -6.486 14.11 95.10 2.805 15.96 94.71 1.447 0.632
9.35 7.433 -0.941 -3.876 -4.817 14.38 92.00 2.519 15.46 87.07 1.392 0.568
9.45 7.651 1.657 -5.527 -3.871 14.44 86.52 -0.507 14.44 79.07 1.304 0.457
9.55 7.857 3.484 -7.582 -4.099 14.23 80.82 -6.755 12.94 74.28 1.204 0.319
9.65 8.067 4.683 -10.107 -5.423 13.79 79.48 -12.610 11.44 79.64 1.145 0.205
9.75 8.300 5.630 -12.795 -7.166 13.16 82.64 -15.632 9.94 87.64 1.135 0.162
9.85 8.567 6.646 -15.603 -8.957 12.37 88.15 -17.454 8.44 95.64 1.193 0.166
9.95 8.871 8.242 -19.017 -10.775 11.45 94.87 -19.536 6.94 103.64 1.307 0.277
10.05 9.217 10.533 -23.339 -12.806 10.42 102.22 -22.856 5.44 111.64 1.440 0.398
10.15 9.612 13.537 -28.799 -15.263 9.32 109.62 -27.536 4.01 118.73 1.588 0.524
10.25 10.039 17.142 -35.076 -17.934 8.20 114.05 -30.000 2.91 118.73 1.717 0.631
10.35 10.452 21.175 -41.296 -20.121 7.13 116.33 -30.000 2.11 118.73 1.841 0.704
10.45 10.799 25.561 -47.473 -21.912 6.14 117.50 -30.000 1.56 118.73 1.969 0.766
10.55 11.036 30.267 -53.645 -23.378 5.26 118.09 -30.000 1.19 118.73 2.103 0.822
10.65 11.125 35.246 -59.824 -24.578 4.48 118.40 -30.000 0.91 118.73 2.234 0.870
10.75 11.044 40.420 -65.981 -25.561 3.81 118.56 -30.000 0.72 118.73 2.351 0.904
10.85 10.793 45.667 -72.033 -26.366 3.23 118.64 -30.000 0.60 118.72 2.438 0.917
10.95 10.391 50.827 -77.851 -27.025 2.75 118.42 -30.000 0.58 117.97 2.480 0.902
11.05 9.869 55.715 -83.279 -27.564 2.37 117.48 -30.000 0.67 116.03 2.462 0.855
11.15 9.269 60.149 -88.155 -28.006 2.09 115.57 -30.000 0.88 112.81 2.376 0.775
11.25 8.627 63.976 -92.343 -28.367 1.91 112.56 -30.000 1.20 108.43 2.218 0.669
11.35 7.979 67.083 -95.747 -28.663 1.84 108.56 -30.000 1.61 103.22 1.993 0.543
11.45 7.348 69.408 -98.313 -28.905 1.86 103.79 -30.000 2.08 97.56 1.714 0.406
11.55 6.751 70.920 -100.024 -29.104 1.97 98.52 -30.000 2.57 91.74 1.405 0.264
11.65 6.197 71.613 -100.879 -29.266 2.15 92.98 -30.000 3.07 85.92 1.099 0.121
11.75 5.689 71.487 -100.887 -29.399 2.39 87.34 -30.000 3.58 80.21 0.829 -0.022
11.85 5.227 70.538 -100.046 -29.508 2.67 81.72 -30.000 4.10 74.63 0.618 -0.166
11.95 4.809 68.742 -98.339 -29.597 3.00 76.17 -30.000 4.62 69.19 0.473 -0.313
12.05 4.432 66.052 -95.723 -29.670 3.37 70.73 -30.000 5.14 63.89 0.386 -0.469
12.15 4.094 62.389 -92.119 -29.730 3.76 65.40 -30.000 5.66 58.70 0.342 -0.639
12.25 3.797 57.638 -87.417 -29.779 4.18 60.19 -30.000 6.19 53.65 0.326 -0.828
12.35 3.543 51.663 -81.483 -29.819 4.62 55.14 -30.000 6.72 48.80 0.326 -1.042
12.45 3.341 44.341 -74.193 -29.852 5.07 50.31 -30.000 7.24 44.31 0.334 -1.277
12.55 3.206 35.642 -65.521 -29.879 5.54 45.86 -30.000 7.76 40.39 0.344 -1.519
12.65 3.155 25.767 -55.668 -29.901 6.01 42.02 -30.000 8.27 37.40 0.357 -1.727
12.75 3.210 15.265 -45.184 -29.919 6.50 39.26 -30.000 8.84 36.24 0.376 -1.839
12.85 3.388 5.039 -34.972 -29.933 7.01 38.46 -30.000 9.52 38.21 0.410 -1.794
12.95 3.690 -3.883 -25.875 -29.758 7.59 40.70 -28.220 10.44 44.74 0.475 -1.567
13.05 4.096 -10.745 -17.740 -28.485 8.31 45.71 -20.839 11.94 52.61 0.571 -1.201
13.15 4.562 -15.404 -10.654 -26.058 9.18 51.99 -13.517 13.44 60.29 0.708 -0.829
13.25 5.041 -17.727 -5.425 -23.152 10.11 59.11 -9.097 14.52 68.29 0.877 -0.405
13.35 5.502 -18.140 -1.982 -20.122 11.01 66.66 -5.630 15.25 76.29 1.038 -0.072
13.45 5.927 -17.080 0.022 -17.058 11.85 74.43 -2.511 15.73 84.29 1.184 0.185
13.55 6.306 -14.881 0.788 -14.093 12.60 82.31 -0.222 16.07 92.29 1.309 0.383
13.65 6.642 -11.840 0.436 -11.404 13.26 89.27 0.970 16.30 97.51 1.403 0.532
13.75 6.941 -8.331 -0.712 -9.042 13.82 93.88 1.848 16.38 98.78 1.451 0.615
13.85 7.213 -4.743 -2.173 -6.916 14.27 95.11 2.945 16.25 95.46 1.452 0.630
13.95 7.459 -1.452 -3.640 -5.093 14.57 92.51 3.039 15.79 88.09 1.404 0.578
14.05 7.682 1.248 -5.195 -3.947 14.68 87.28 0.414 14.89 80.09 1.322 0.475
14.15 7.890 3.191 -7.143 -3.952 14.51 81.23 -5.557 13.39 73.97 1.219 0.340
14.25 8.099 4.458 -9.596 -5.138 14.10 78.94 -11.830 11.89 77.83 1.150 0.217
14.35 8.328 5.409 -12.244 -6.835 13.49 81.48 -15.144 10.39 85.83 1.133 0.163
14.45 8.588 6.352 -14.950 -8.598 12.72 86.67 -16.953 8.89 93.83 1.171 0.157
14.55 8.884 7.794 -18.158 -10.364 11.82 93.23 -18.825 7.39 101.83 1.282 0.250
14.65 9.221 9.923 -22.222 -12.299 10.81 100.50 -21.847 5.89 109.83 1.412 0.370
14.75 9.604 12.768 -27.399 -14.631 9.71 108.10 -26.293 4.40 117.78 1.560 0.495
14.85 10.026 16.260 -33.582 -17.322 8.58 113.27 -30.000 3.21 118.73 1.696 0.611
14.95 10.444 20.217 -39.837 -19.620 7.48 115.93 -30.000 2.33 118.73 1.822 0.691
15.05 10.807 24.546 -46.047 -21.502 6.46 117.29 -30.000 1.72 118.73 1.951 0.756
15.15 11.067 29.207 -52.250 -23.042 5.54 117.99 -30.000 1.31 118.73 2.086 0.814
15.25 11.183 34.160 -58.464 -24.303 4.73 118.35 -30.000 1.01 118.73 2.221 0.865
15.35 11.132 39.332 -64.668 -25.336 4.03 118.53 -30.000 0.80 118.73 2.343 0.904
15.45 10.907 44.608 -70.789 -26.182 3.42 118.63 -30.000 0.66 118.73 2.439 0.922
15.55 10.524 49.832 -76.705 -26.874 2.92 118.50 -30.000 0.62 118.20 2.491 0.913
15.65 10.014 54.820 -82.260 -27.440 2.51 117.74 -30.000 0.68 116.52 2.486 0.872
15.75 9.417 59.384 -87.288 -27.904 2.20 116.04 -30.000 0.87 113.56 2.413 0.798
15.85 8.773 63.362 -91.646 -28.284 2.00 113.25 -30.000 1.17 109.38 2.267 0.695
15.95 8.117 66.634 -95.229 -28.595 1.90 109.43 -30.000 1.56 104.30 2.052 0.571
16.05 7.475 69.125 -97.974 -28.850 1.90 104.78 -30.000 2.02 98.70 1.778 0.435
16.15 6.867 70.801 -99.859 -29.058 1.99 99.59 -30.000 2.51 92.89 1.469 0.292
16.25 6.301 71.653 -100.882 -29.229 2.15 94.08 -30.000 3.01 87.06 1.156 0.148
16.35 5.782 71.682 -101.051 -29.369 2.38 88.46 -30.000 3.52 81.33 0.874 0.005
16.45 5.309 70.885 -100.369 -29.483 2.66 82.82 -30.000 4.03 75.72 0.650 -0.139
16.55 4.882 69.246 -98.823 -29.577 2.98 77.26 -30.000 4.55 70.26 0.492 -0.286
16.65 4.497 66.722 -96.376 -29.654 3.34 71.80 -30.000 5.07 64.93 0.395 -0.440
16.75 4.152 63.240 -92.956 -29.716 3.72 66.45 -30.000 5.60 59.72 0.345 -0.607
16.85 3.847 58.692 -88.460 -29.768 4.14 61.22 -30.000 6.12 54.65 0.325 -0.793
16.95 3.584 52.947 -82.757 -29.810 4.57 56.13 -30.000 6.65 49.75 0.324 -1.002
17.05 3.372 45.872 -75.717 -29.844 5.02 51.25 -30.000 7.18 45.17 0.331 -1.234
17.15 3.223 37.415 -67.287 -29.873 5.48 46.72 -30.000 7.69 41.12 0.342 -1.476
17.25 3.155 27.721 -57.616 -29.896 5.95 42.73 -30.000 8.20 37.91 0.354 -1.695
17.35 3.189 17.270 -47.185 -29.915 6.44 39.71 -30.000 8.75 36.30 0.372 -1.830
17.45 3.344 6.909 -36.839 -29.930 6.95 38.46 -30.000 9.41 37.58 0.402 -1.817
17.55 3.623 -2.332 -27.514 -29.846 7.50 40.03 -28.980 10.23 43.13 0.459 -1.623
17.65 4.013 -9.614 -19.223 -28.837 8.19 44.62 -22.381 11.68 51.13 0.551 -1.276
17.75 4.472 -14.715 -11.875 -26.590 9.03 50.65 -14.686 13.18 58.68 0.675 -0.897
17.85 4.952 -17.469 -6.260 -23.729 9.97 57.63 -9.808 14.43 66.68 0.845 -0.480
17.95 5.419 -18.216 -2.497 -20.713 10.89 65.11 -6.272 15.20 74.68 1.008 -0.130
18.05 5.852 -17.414 -0.231 -17.645 11.74 72.85 -3.049 15.73 82.68 1.157 0.140
18.15 6.241 -15.414 0.770 -14.644 12.51 80.71 -0.560 16.08 90.68 1.287 0.349
18.25 6.585 -12.513 0.624 -11.889 13.20 87.98 0.820 16.33 96.69 1.388 0.508
18.35 6.891 -9.066 -0.402 -9.468 13.78 93.13 1.669 16.45 98.80 1.446 0.604
18.45 7.168 -5.464 -1.837 -7.301 14.26 95.12 2.759 16.37 96.47 1.456 0.632
18.55 7.419 -2.086 -3.311 -5.397 14.59 93.23 3.211 15.98 89.59 1.417 0.594
18.65 7.646 0.747 -4.829 -4.082 14.74 88.38 1.207 15.19 81.59 1.340 0.498
18.75 7.857 2.848 -6.674 -3.826 14.62 82.28 -4.139 13.74 74.58 1.240 0.369
18.85 8.065 4.230 -9.045 -4.815 14.26 78.95 -10.766 12.24 76.38 1.160 0.238
18.95 8.289 5.227 -11.681 -6.455 13.68 80.78 -14.606 10.74 84.38 1.135 0.170
19.05 8.542 6.150 -14.367 -8.217 12.94 85.61 -16.591 9.24 92.38 1.153 0.158
19.15 8.831 7.472 -17.447 -9.975 12.06 91.99 -18.365 7.74 100.38 1.260 0.229
19.25 9.160 9.470 -21.333 -11.863 11.07 99.15 -21.130 6.24 108.38 1.387 0.347
19.35 9.535 12.181 -26.289 -14.108 9.99 106.72 -25.328 4.74 116.38 1.532 0.472
19.45 9.951 15.566 -32.370 -16.804 8.86 112.56 -30.000 3.48 118.73 1.673 0.592
19.55 10.375 19.444 -38.641 -19.196 7.75 115.56 -30.000 2.54 118.73 1.799 0.678
19.65 10.752 23.706 -44.861 -21.155 6.71 117.10 -30.000 1.88 118.73 1.927 0.744
19.75 11.035 28.307 -51.066 -22.758 5.77 117.89 -30.000 1.44 118.73 2.061 0.803
19.85 11.181 33.210 -57.281 -24.071 4.94 118.30 -30.000 1.12 118.73 2.197 0.856
19.95 11.162 38.349 -63.495 -25.146 4.22 118.51 -30.000 0.89 118.73 2.323 0.898
