t V gam alpha th Tc Tr thsp Tcc Trc lf gd
0.05 14.999 0.003 -4.892 -4.890 13.46 9.50 -3.380 12.78 8.24 1.003 0.000
0.15 14.992 0.029 -4.370 -4.342 13.13 7.80 -1.515 11.28 5.46 1.011 0.005
0.25 14.973 0.085 -3.807 -3.722 12.59 5.87 -0.800 9.78 3.45 1.018 0.010
0.35 14.940 0.158 -3.324 -3.166 11.87 4.14 -0.638 8.28 2.06 1.021 0.013
0.45 14.893 0.234 -2.951 -2.717 11.02 2.79 -0.711 6.78 1.21 1.019 0.013
0.55 14.831 0.301 -2.673 -2.372 10.04 1.88 -0.852 5.28 0.86 1.016 0.012
0.65 14.756 0.354 -2.470 -2.116 8.97 1.40 -0.987 3.78 0.93 1.012 0.009
0.75 14.666 0.392 -2.317 -1.925 7.83 1.32 -1.084 2.29 1.34 1.008 0.007
0.85 14.564 0.416 -2.196 -1.780 6.76 1.58 -1.137 1.91 2.01 1.004 0.004
0.95 14.451 0.428 -2.095 -1.666 5.89 2.11 -1.153 2.03 2.85 1.002 0.002
1.05 14.332 0.432 -2.004 -1.571 5.22 2.83 -1.139 2.20 3.80 1.000 0.001
1.15 14.207 0.430 -1.919 -1.488 4.69 3.69 -1.105 2.33 4.81 0.999 -0.000
1.25 14.080 0.425 -1.837 -1.412 4.27 4.64 -1.058 2.42 5.85 0.998 -0.001
1.35 13.952 0.417 -1.758 -1.341 3.95 5.63 -1.003 2.48 6.90 0.998 -0.001
1.45 13.823 0.408 -1.679 -1.271 3.68 6.66 -0.944 2.51 7.95 0.998 -0.002
1.55 13.694 0.399 -1.602 -1.204 3.47 7.69 -0.884 2.52 9.00 0.997 -0.002
1.65 13.566 0.389 -1.526 -1.137 3.30 8.72 -0.823 2.53 10.03 0.997 -0.002
1.75 13.438 0.379 -1.451 -1.072 3.16 9.75 -0.763 2.52 11.05 0.997 -0.002
1.85 13.313 0.370 -1.378 -1.008 3.04 10.77 -0.705 2.50 12.06 0.998 -0.002
1.95 13.189 0.360 -1.305 -0.945 2.94 11.78 -0.648 2.49 13.05 0.998 -0.002
2.05 13.066 0.350 -1.234 -0.884 2.86 12.77 -0.593 2.47 14.02 0.998 -0.002
2.15 12.945 0.341 -1.165 -0.824 2.78 13.75 -0.540 2.45 14.99 0.998 -0.002
2.25 12.826 0.332 -1.097 -0.765 2.72 14.72 -0.490 2.42 15.93 0.998 -0.002
2.35 12.709 0.323 -1.031 -0.709 2.66 15.67 -0.441 2.40 16.86 0.998 -0.002
2.45 12.594 0.314 -0.967 -0.654 2.61 16.60 -0.394 2.38 17.78 0.998 -0.002
2.55 12.480 0.305 -0.905 -0.600 2.57 17.52 -0.349 2.36 18.68 0.998 -0.002
2.65 12.369 0.297 -0.845 -0.549 2.53 18.43 -0.306 2.34 19.57 0.998 -0.002
2.75 12.259 0.288 -0.787 -0.499 2.49 19.32 -0.265 2.32 20.44 0.998 -0.002
2.85 12.151 0.280 -0.731 -0.451 2.46 20.20 -0.226 2.30 21.30 0.998 -0.002
2.95 12.045 0.272 -0.677 -0.405 2.42 21.06 -0.188 2.28 22.14 0.998 -0.002
3.05 11.940 0.264 -0.625 -0.361 2.40 21.90 -0.152 2.27 22.97 0.998 -0.001
3.15 11.837 0.257 -0.575 -0.318 2.37 22.74 -0.117 2.25 23.78 0.998 -0.001
3.25 11.736 0.249 -0.526 -0.277 2.35 23.55 -0.085 2.24 24.58 0.998 -0.001
3.35 11.637 0.242 -0.480 -0.238 2.33 24.36 -0.053 2.23 25.37 0.998 -0.001
3.45 11.539 0.235 -0.435 -0.200 2.31 25.15 -0.023 2.22 26.14 0.998 -0.001
3.55 11.443 0.228 -0.392 -0.164 2.29 25.92 0.005 2.21 26.90 0.998 -0.001
3.65 11.348 0.221 -0.351 -0.130 2.27 26.69 0.032 2.20 27.65 0.999 -0.001
3.75 11.255 0.214 -0.311 -0.097 2.26 27.44 0.058 2.19 28.38 0.999 -0.001
3.85 11.164 0.208 -0.274 -0.066 2.24 28.17 0.082 2.18 29.09 0.999 -0.001
3.95 11.074 0.202 -0.237 -0.036 2.23 28.89 0.105 2.18 29.80 0.999 -0.001
4.05 10.986 0.196 -0.203 -0.007 2.22 29.60 0.127 2.17 30.49 0.999 -0.001
4.15 10.898 0.190 -0.170 0.020 2.21 30.30 0.147 2.17 31.17 0.999 -0.001
4.25 10.813 0.184 -0.139 0.046 2.20 30.98 0.167 2.16 31.84 0.999 -0.001
4.35 10.729 0.179 -0.108 0.070 2.19 31.65 0.185 2.16 32.49 0.999 -0.001
4.45 10.646 0.173 -0.080 0.093 2.19 32.31 0.202 2.16 33.13 0.999 -0.001
4.55 10.565 0.168 -0.053 0.115 2.18 32.95 0.218 2.15 33.76 0.999 -0.001
4.65 10.485 0.163 -0.027 0.136 2.18 33.58 0.234 2.15 34.38 0.999 -0.001
4.75 10.406 0.158 -0.002 0.156 2.17 34.20 0.248 2.15 34.98 0.999 -0.001
4.85 10.328 0.153 0.021 0.174 2.17 34.81 0.261 2.15 35.58 0.999 -0.001
4.95 10.252 0.149 0.043 0.192 2.17 35.41 0.273 2.15 36.16 0.999 -0.001
5.05 10.177 0.144 0.064 0.208 2.16 35.99 0.285 2.15 36.73 0.999 -0.001
5.15 10.104 0.140 0.084 0.224 2.16 36.57 0.296 2.16 37.29 0.999 -0.001
5.25 10.032 0.135 0.103 0.238 2.16 37.13 0.305 2.16 37.84 0.999 -0.001
5.35 9.960 0.131 0.120 0.251 2.16 37.68 0.315 2.16 38.37 0.999 -0.001
5.45 9.890 0.127 0.137 0.264 2.16 38.22 0.323 2.16 38.90 0.999 -0.001
5.55 9.822 0.123 0.153 0.276 2.16 38.75 0.331 2.16 39.42 0.999 -0.001
5.65 9.754 0.119 0.167 0.287 2.16 39.27 0.338 2.17 39.92 0.999 -0.001
5.75 9.687 0.116 0.181 0.297 2.16 39.78 0.344 2.17 40.42 0.999 -0.001
5.85 9.622 0.112 0.194 0.306 2.17 40.28 0.350 2.17 40.90 0.999 -0.001
5.95 9.558 0.109 0.206 0.315 2.17 40.76 0.355 2.18 41.38 0.999 -0.001
6.05 9.495 0.106 0.217 0.323 2.17 41.24 0.360 2.18 41.84 0.999 -0.001
6.15 9.432 0.102 0.228 0.330 2.17 41.71 0.364 2.19 42.30 0.999 -0.001
6.25 9.371 0.099 0.238 0.337 2.18 42.17 0.368 2.19 42.74 0.999 -0.001
6.35 9.311 0.096 0.247 0.343 2.18 42.62 0.371 2.20 43.18 0.999 -0.001
6.45 9.252 0.093 0.255 0.349 2.18 43.06 0.374 2.20 43.61 0.999 -0.001
6.55 9.194 0.090 0.263 0.353 2.19 43.49 0.376 2.20 44.03 0.999 -0.001
6.65 9.137 0.088 0.270 0.358 2.19 43.91 0.378 2.21 44.44 0.999 -0.001
6.75 9.081 0.085 0.277 0.362 2.19 44.32 0.380 2.21 44.84 1.000 -0.001
6.85 9.026 0.082 0.283 0.365 2.20 44.73 0.381 2.22 45.23 1.000 -0.001
6.95 8.972 0.080 0.288 0.368 2.20 45.12 0.382 2.23 45.62 1.000 -0.001
7.05 8.919 0.078 0.293 0.371 2.21 45.51 0.382 2.23 46.00 1.000 -0.000
7.15 8.867 0.075 0.298 0.373 2.21 45.89 0.382 2.24 46.37 1.000 -0.000
7.25 8.815 0.073 0.302 0.375 2.22 46.26 0.382 2.24 46.73 1.000 -0.000
7.35 8.765 0.071 0.305 0.376 2.22 46.62 0.382 2.25 47.08 1.000 -0.000
7.45 8.715 0.069 0.308 0.377 2.23 46.98 0.381 2.25 47.43 1.000 -0.000
7.55 8.666 0.067 0.311 0.378 2.23 47.33 0.380 2.26 47.76 1.000 -0.000
7.65 8.618 0.065 0.313 0.378 2.24 47.67 0.379 2.26 48.10 1.000 -0.000
7.75 8.571 0.063 0.315 0.378 2.24 48.00 0.378 2.27 48.42 1.000 -0.000
7.85 8.525 0.061 0.317 0.378 2.25 48.33 0.376 2.27 48.74 1.000 -0.000
7.95 8.479 0.059 0.318 0.377 2.25 48.65 0.375 2.28 49.05 1.000 -0.000
8.05 8.435 0.057 0.319 0.377 2.26 48.96 0.373 2.29 49.35 1.000 -0.000
8.15 8.391 0.056 0.320 0.376 2.27 49.26 0.371 2.29 49.65 1.000 -0.000
8.25 8.348 0.054 0.320 0.374 2.27 49.56 0.368 2.30 49.94 1.000 -0.000
8.35 8.305 0.053 0.320 0.373 2.28 49.86 0.366 2.30 50.23 1.000 -0.000
8.45 8.264 0.051 0.320 0.371 2.28 50.14 0.364 2.31 50.50 1.000 -0.000
8.55 8.223 0.050 0.320 0.370 2.29 50.42 0.361 2.31 50.78 1.000 -0.000
8.65 8.183 0.048 0.319 0.368 2.29 50.70 0.358 2.32 51.04 1.000 -0.000
8.75 8.143 0.047 0.319 0.366 2.30 50.97 0.355 2.33 51.31 1.000 -0.000
8.85 8.105 0.045 0.318 0.363 2.30 51.23 0.352 2.33 51.56 1.000 -0.000
8.95 8.066 0.044 0.317 0.361 2.31 51.49 0.349 2.34 51.81 1.000 -0.000
9.05 8.029 0.043 0.315 0.358 2.32 51.74 0.346 2.34 52.06 1.000 -0.000
9.15 7.992 0.042 0.314 0.356 2.32 51.99 0.343 2.35 52.30 1.000 -0.000
9.25 7.956 0.041 0.312 0.353 2.33 52.23 0.340 2.35 52.53 1.000 -0.000
9.35 7.921 0.039 0.311 0.350 2.33 52.46 0.336 2.36 52.76 1.000 -0.000
9.45 7.886 0.038 0.309 0.347 2.34 52.69 0.333 2.36 52.98 1.000 -0.000
9.55 7.852 0.037 0.307 0.344 2.34 52.92 0.330 2.37 53.20 1.000 -0.000
9.65 7.818 0.036 0.305 0.341 2.35 53.14 0.326 2.37 53.42 1.000 -0.000
9.75 7.785 0.035 0.303 0.338 2.35 53.36 0.323 2.38 53.63 1.000 -0.000
9.85 7.753 0.034 0.300 0.335 2.36 53.57 0.319 2.38 53.84 1.000 -0.000
9.95 7.721 0.033 0.298 0.331 2.36 53.78 0.315 2.39 54.04 1.000 -0.000
10.05 7.689 0.032 0.295 0.328 2.37 53.98 0.312 2.39 54.23 1.000 -0.000
10.15 7.659 0.031 0.293 0.324 2.37 54.18 0.308 2.40 54.43 1.000 -0.000
10.25 7.629 0.031 0.290 0.321 2.38 54.37 0.304 2.40 54.62 1.000 -0.000
10.35 7.599 0.030 0.288 0.317 2.38 54.56 0.301 2.41 54.80 1.000 -0.000
10.45 7.570 0.029 0.285 0.314 2.39 54.75 0.297 2.41 54.98 1.000 -0.000
10.55 7.541 0.028 0.282 0.310 2.40 54.93 0.293 2.42 55.16 1.000 -0.000
10.65 7.513 0.027 0.279 0.307 2.40 55.11 0.290 2.42 55.33 1.000 -0.000
10.75 7.486 0.027 0.276 0.303 2.41 55.28 0.286 2.43 55.50 1.000 -0.000
10.85 7.459 0.026 0.274 0.300 2.41 55.45 0.282 2.43 55.67 1.000 -0.000
10.95 7.432 0.025 0.271 0.296 2.41 55.62 0.279 2.44 55.83 1.000 -0.000
11.05 7.406 0.025 0.268 0.292 2.42 55.78 0.275 2.44 55.99 1.000 -0.000
11.15 7.380 0.024 0.265 0.289 2.42 55.95 0.271 2.45 56.15 1.000 -0.000
11.25 7.355 0.023 0.262 0.285 2.43 56.10 0.268 2.45 56.30 1.000 -0.000
11.35 7.330 0.023 0.259 0.281 2.43 56.26 0.264 2.46 56.45 1.000 -0.000
11.45 7.306 0.022 0.255 0.278 2.44 56.41 0.260 2.46 56.59 1.000 -0.000
11.55 7.282 0.022 0.252 0.274 2.44 56.55 0.257 2.46 56.74 1.000 -0.000
11.65 7.259 0.021 0.249 0.270 2.45 56.70 0.253 2.47 56.88 1.000 -0.000
11.75 7.236 0.021 0.246 0.267 2.45 56.84 0.250 2.47 57.02 1.000 -0.000
11.85 7.213 0.020 0.243 0.263 2.46 56.98 0.246 2.48 57.15 1.000 -0.000
11.95 7.191 0.020 0.240 0.260 2.46 57.11 0.243 2.48 57.28 1.000 -0.000
12.05 7.169 0.019 0.237 0.256 2.46 57.24 0.239 2.48 57.41 1.000 -0.000
12.15 7.148 0.019 0.234 0.252 2.47 57.37 0.236 2.49 57.54 1.000 -0.000
12.25 7.127 0.018 0.231 0.249 2.47 57.50 0.232 2.49 57.66 1.000 -0.000
12.35 7.106 0.018 0.228 0.245 2.48 57.62 0.229 2.50 57.78 1.000 -0.000
12.45 7.086 0.017 0.225 0.242 2.48 57.75 0.225 2.50 57.90 1.000 -0.000
12.55 7.066 0.017 0.222 0.238 2.49 57.87 0.222 2.50 58.02 1.000 -0.000
12.65 7.047 0.016 0.219 0.235 2.49 57.98 0.219 2.51 58.13 1.000 -0.000
12.75 7.028 0.016 0.216 0.232 2.49 58.10 0.215 2.51 58.24 1.000 -0.000
12.85 7.009 0.016 0.213 0.228 2.50 58.21 0.212 2.51 58.35 1.000 -0.000
12.95 6.991 0.015 0.210 0.225 2.50 58.32 0.209 2.52 58.46 1.000 -0.000
13.05 6.972 0.015 0.207 0.221 2.50 58.43 0.206 2.52 58.56 1.000 -0.000
13.15 6.955 0.014 0.204 0.218 2.51 58.53 0.202 2.53 58.66 1.000 -0.000
13.25 6.937 0.014 0.201 0.215 2.51 58.63 0.199 2.53 58.76 1.000 -0.000
13.35 6.920 0.014 0.198 0.212 2.51 58.74 0.196 2.53 58.86 1.000 -0.000
13.45 6.903 0.013 0.195 0.208 2.52 58.83 0.193 2.54 58.96 1.000 -0.000
13.55 6.887 0.013 0.192 0.205 2.52 58.93 0.190 2.54 59.05 1.000 -0.000
13.65 6.870 0.013 0.189 0.202 2.53 59.03 0.187 2.54 59.14 1.000 -0.000
13.75 6.854 0.012 0.186 0.199 2.53 59.12 0.184 2.54 59.23 1.000 -0.000
13.85 6.839 0.012 0.184 0.196 2.53 59.21 0.181 2.55 59.32 1.000 -0.000
13.95 6.823 0.012 0.181 0.193 2.54 59.30 0.178 2.55 59.41 1.000 -0.000
14.05 6.808 0.012 0.178 0.190 2.54 59.39 0.175 2.55 59.50 1.000 -0.000
14.15 6.794 0.011 0.175 0.187 2.54 59.47 0.173 2.56 59.58 1.000 -0.000
14.25 6.779 0.011 0.173 0.184 2.54 59.56 0.170 2.56 59.66 1.000 -0.000
14.35 6.765 0.011 0.170 0.181 2.55 59.64 0.167 2.56 59.74 1.000 -0.000
14.45 6.751 0.011 0.167 0.178 2.55 59.72 0.164 2.57 59.82 1.000 -0.000
14.55 6.737 0.010 0.165 0.175 2.55 59.80 0.162 2.57 59.90 1.000 -0.000
14.65 6.723 0.010 0.162 0.172 2.56 59.87 0.159 2.57 59.97 1.000 -0.000
14.75 6.710 0.010 0.160 0.170 2.56 59.95 0.157 2.57 60.04 1.000 -0.000
14.85 6.697 0.010 0.157 0.167 2.56 60.02 0.154 2.58 60.12 1.000 -0.000
14.95 6.684 0.009 0.155 0.164 2.57 60.10 0.151 2.58 60.19 1.000 -0.000
15.05 6.672 0.009 0.152 0.162 2.57 60.17 0.149 2.58 60.26 1.000 -0.000
15.15 6.659 0.009 0.150 0.159 2.57 60.24 0.146 2.58 60.33 1.000 -0.000
15.25 6.647 0.009 0.148 0.156 2.57 60.31 0.144 2.59 60.39 1.000 -0.000
15.35 6.636 0.009 0.145 0.154 2.58 60.37 0.142 2.59 60.46 1.000 -0.000
15.45 6.624 0.008 0.143 0.151 2.58 60.44 0.139 2.59 60.52 1.000 -0.000
15.55 6.612 0.008 0.141 0.149 2.58 60.50 0.137 2.59 60.58 1.000 -0.000
15.65 6.601 0.008 0.138 0.146 2.58 60.57 0.135 2.60 60.65 1.000 -0.000
15.75 6.590 0.008 0.136 0.144 2.59 60.63 0.132 2.60 60.71 1.000 -0.000
15.85 6.579 0.008 0.134 0.142 2.59 60.69 0.130 2.60 60.76 1.000 -0.000
15.95 6.569 0.008 0.132 0.139 2.59 60.75 0.128 2.60 60.82 1.000 -0.000
16.05 6.558 0.007 0.129 0.137 2.59 60.81 0.126 2.60 60.88 1.000 -0.000
16.15 6.548 0.007 0.127 0.135 2.60 60.86 0.124 2.61 60.93 1.000 -0.000
16.25 6.538 0.007 0.125 0.132 2.60 60.92 0.122 2.61 60.99 1.000 -0.000
16.35 6.528 0.007 0.123 0.130 2.60 60.97 0.120 2.61 61.04 1.000 -0.000
16.45 6.518 0.007 0.121 0.128 2.60 61.03 0.118 2.61 61.09 1.000 -0.000
16.55 6.509 0.007 0.119 0.126 2.60 61.08 0.116 2.62 61.15 1.000 -0.000
16.65 6.500 0.006 0.117 0.124 2.61 61.13 0.114 2.62 61.20 1.000 -0.000
16.75 6.490 0.006 0.115 0.122 2.61 61.18 0.112 2.62 61.25 1.000 -0.000
16.85 6.481 0.006 0.113 0.119 2.61 61.23 0.110 2.62 61.29 1.000 -0.000
16.95 6.473 0.006 0.111 0.117 2.61 61.28 0.108 2.62 61.34 1.000 -0.000
17.05 6.464 0.006 0.110 0.115 2.62 61.33 0.106 2.62 61.39 1.000 -0.000
17.15 6.455 0.006 0.108 0.113 2.62 61.38 0.104 2.63 61.43 1.000 -0.000
17.25 6.447 0.006 0.106 0.112 2.62 61.42 0.102 2.63 61.48 1.000 -0.000
17.35 6.439 0.006 0.104 0.110 2.62 61.47 0.101 2.63 61.52 1.000 -0.000
17.45 6.431 0.005 0.102 0.108 2.62 61.51 0.099 2.63 61.57 1.000 -0.000
17.55 6.423 0.005 0.101 0.106 2.62 61.55 0.097 2.63 61.61 1.000 -0.000
17.65 6.415 0.005 0.099 0.104 2.63 61.60 0.095 2.63 61.65 1.000 -0.000
17.75 6.407 0.005 0.097 0.102 2.63 61.64 0.094 2.64 61.69 1.000 -0.000
17.85 6.400 0.005 0.096 0.101 2.63 61.68 0.092 2.64 61.73 1.000 -0.000
17.95 6.393 0.005 0.094 0.099 2.63 61.72 0.091 2.64 61.77 1.000 -0.000
18.05 6.385 0.005 0.092 0.097 2.63 61.76 0.089 2.64 61.81 1.000 -0.000
18.15 6.378 0.005 0.091 0.095 2.63 61.80 0.087 2.64 61.84 1.000 -0.000
18.25 6.371 0.005 0.089 0.094 2.64 61.83 0.086 2.64 61.88 1.000 -0.000
18.35 6.365 0.004 0.088 0.092 2.64 61.87 0.084 2.65 61.92 1.000 -0.000
18.45 6.358 0.004 0.086 0.091 2.64 61.91 0.083 2.65 61.95 1.000 -0.000
18.55 6.351 0.004 0.085 0.089 2.64 61.94 0.081 2.65 61.99 1.000 -0.000
18.65 6.345 0.004 0.083 0.087 2.64 61.98 0.080 2.65 62.02 1.000 -0.000
18.75 6.339 0.004 0.082 0.086 2.64 62.01 0.079 2.65 62.05 1.000 -0.000
18.85 6.332 0.004 0.080 0.084 2.65 62.04 0.077 2.65 62.09 1.000 -0.000
18.95 6.326 0.004 0.079 0.083 2.65 62.08 0.076 2.65 62.12 1.000 -0.000
19.05 6.320 0.004 0.078 0.081 2.65 62.11 0.075 2.66 62.15 1.000 -0.000
19.15 6.314 0.004 0.076 0.080 2.65 62.14 0.073 2.66 62.18 1.000 -0.000
19.25 6.309 0.004 0.075 0.079 2.65 62.17 0.072 2.66 62.21 1.000 -0.000
19.35 6.303 0.004 0.074 0.077 2.65 62.20 0.071 2.66 62.24 1.000 -0.000
19.45 6.297 0.004 0.072 0.076 2.65 62.23 0.069 2.66 62.27 1.000 -0.000
19.55 6.292 0.003 0.071 0.075 2.66 62.26 0.068 2.66 62.30 1.000 -0.000
19.65 6.286 0.003 0.070 0.073 2.66 62.29 0.067 2.66 62.33 1.000 -0.000
19.75 6.281 0.003 0.069 0.072 2.66 62.32 0.066 2.66 62.35 1.000 -0.000
19.85 6.276 0.003 0.067 0.071 2.66 62.35 0.065 2.67 62.38 1.000 -0.000
19.95 6.271 0.003 0.066 0.069 2.66 62.37 0.064 2.67 62.41 1.000 -0.000
