t V gam alpha th Tc Tr thsp Tcc Trc lf gd
0.05 15.000 0.005 -4.975 -4.970 13.47 10.05 -4.226 12.88 10.18 1.005 0.000
0.15 14.995 0.060 -4.670 -4.610 13.19 10.25 -2.598 11.59 10.53 1.025 0.009
0.25 14.982 0.208 -4.232 -4.025 12.72 10.53 -1.002 10.29 10.91 1.053 0.025
0.35 14.955 0.468 -3.730 -3.262 12.10 10.88 0.548 9.00 11.34 1.085 0.045
0.45 14.912 0.846 -3.211 -2.364 11.36 11.30 2.039 7.71 11.85 1.115 0.066
0.55 14.848 1.336 -2.706 -1.370 10.52 11.79 3.451 6.43 12.44 1.143 0.085
0.65 14.762 1.924 -2.238 -0.314 9.60 12.38 4.763 5.16 13.15 1.166 0.103
0.75 14.652 2.595 -1.823 0.772 8.62 13.07 5.948 3.91 13.97 1.184 0.117
0.85 14.517 3.327 -1.473 1.854 7.60 13.87 6.977 2.70 14.91 1.195 0.128
0.95 14.357 4.099 -1.197 2.902 6.55 14.78 7.827 1.53 15.96 1.201 0.135
1.05 14.174 4.888 -0.999 3.888 5.48 15.79 8.488 0.41 17.09 1.199 0.138
1.15 13.968 5.669 -0.879 4.790 4.49 16.87 8.969 0.00 18.27 1.192 0.136
1.25 13.742 6.422 -0.827 5.595 3.68 18.02 9.300 0.00 19.48 1.180 0.131
1.35 13.500 7.127 -0.830 6.297 3.01 19.19 9.513 0.00 20.69 1.163 0.123
1.45 13.246 7.770 -0.871 6.899 2.46 20.38 9.642 0.00 21.89 1.144 0.112
1.55 12.983 8.341 -0.935 7.406 2.02 21.57 9.711 0.00 23.06 1.124 0.099
1.65 12.713 8.832 -1.004 7.828 1.65 22.74 9.738 0.00 24.22 1.103 0.086
1.75 12.438 9.240 -1.066 8.174 1.35 23.91 9.738 0.00 25.37 1.082 0.071
1.85 12.161 9.566 -1.111 8.455 1.11 25.06 9.717 0.00 26.52 1.062 0.057
1.95 11.883 9.810 -1.131 8.679 0.91 26.21 9.681 0.00 27.67 1.044 0.042
2.05 11.606 9.978 -1.124 8.854 0.74 27.37 9.631 0.00 28.83 1.027 0.029
2.15 11.331 10.072 -1.086 8.986 0.61 28.54 9.569 0.00 30.02 1.012 0.016
2.25 11.058 10.100 -1.019 9.082 0.50 29.73 9.494 0.00 31.24 0.999 0.005
2.35 10.789 10.068 -0.924 9.144 0.41 30.94 9.405 0.00 32.49 0.988 -0.006
2.45 10.524 9.983 -0.806 9.177 0.33 32.19 9.302 0.00 33.79 0.979 -0.015
2.55 10.265 9.851 -0.668 9.184 0.27 33.48 9.183 0.00 35.12 0.971 -0.023
2.65 10.011 9.680 -0.515 9.165 0.22 34.81 9.048 0.00 36.50 0.966 -0.030
2.75 9.762 9.477 -0.353 9.123 0.18 36.18 8.896 0.00 37.92 0.961 -0.036
2.85 9.520 9.247 -0.188 9.059 0.15 37.59 8.726 0.00 39.38 0.959 -0.040
2.95 9.283 8.998 -0.026 8.972 0.12 39.04 8.536 0.00 40.88 0.957 -0.044
3.05 9.053 8.736 0.128 8.865 0.10 40.52 8.327 0.00 42.41 0.956 -0.046
3.15 8.830 8.467 0.268 8.736 0.08 42.04 8.097 0.00 43.96 0.957 -0.047
3.25 8.612 8.197 0.388 8.585 0.07 43.58 7.847 0.00 45.54 0.958 -0.047
3.35 8.402 7.931 0.483 8.414 0.06 45.15 7.576 0.00 47.13 0.960 -0.047
3.45 8.198 7.674 0.549 8.223 0.05 46.73 7.286 0.00 48.73 0.963 -0.045
3.55 8.000 7.430 0.581 8.010 0.04 48.32 6.977 0.00 50.33 0.966 -0.043
3.65 7.809 7.203 0.575 7.778 0.03 49.91 6.649 0.00 51.92 0.969 -0.040
3.75 7.624 6.998 0.528 7.526 0.02 51.49 6.304 0.00 53.48 0.973 -0.036
3.85 7.446 6.817 0.437 7.254 0.02 53.05 5.941 0.00 55.02 0.977 -0.032
3.95 7.275 6.662 0.302 6.964 0.02 54.59 5.562 0.00 56.52 0.981 -0.027
4.05 7.111 6.537 0.119 6.655 0.01 56.09 5.167 0.00 57.97 0.986 -0.022
4.15 6.953 6.440 -0.111 6.329 0.01 57.55 4.756 0.00 59.37 0.990 -0.017
4.25 6.803 6.374 -0.389 5.985 0.01 58.95 4.331 0.00 60.71 0.994 -0.012
4.35 6.659 6.337 -0.712 5.625 0.01 60.29 3.893 0.00 61.97 0.997 -0.007
4.45 6.523 6.328 -1.079 5.249 0.01 61.56 3.440 0.00 63.15 1.000 -0.002
4.55 6.395 6.345 -1.488 4.857 0.01 62.75 2.976 0.00 64.23 1.003 0.003
4.65 6.274 6.383 -1.933 4.450 0.00 63.86 2.500 0.00 65.23 1.005 0.007
4.75 6.161 6.440 -2.410 4.030 0.00 64.87 2.015 0.00 66.12 1.007 0.010
4.85 6.056 6.509 -2.913 3.596 0.00 65.78 1.520 0.00 66.90 1.008 0.012
4.95 5.960 6.585 -3.434 3.151 0.00 66.59 1.018 0.01 67.58 1.008 0.013
5.05 5.871 6.660 -3.966 2.694 0.01 67.30 0.511 0.07 68.16 1.008 0.013
5.15 5.792 6.729 -4.501 2.228 0.03 67.90 0.002 0.15 68.63 1.006 0.012
5.25 5.721 6.783 -5.029 1.754 0.07 68.40 -0.506 0.28 69.01 1.005 0.009
5.35 5.660 6.817 -5.542 1.275 0.13 68.81 -1.009 0.43 69.30 1.002 0.006
5.45 5.608 6.825 -6.032 0.793 0.21 69.13 -1.503 0.61 69.51 0.999 0.001
5.55 5.565 6.801 -6.491 0.310 0.31 69.37 -1.980 0.80 69.65 0.996 -0.004
5.65 5.532 6.744 -6.912 -0.168 0.43 69.55 -2.434 1.01 69.74 0.993 -0.010
5.75 5.508 6.651 -7.289 -0.637 0.56 69.66 -2.856 1.22 69.79 0.989 -0.016
5.85 5.494 6.524 -7.616 -1.093 0.71 69.73 -3.236 1.41 69.81 0.986 -0.022
5.95 5.489 6.363 -7.891 -1.528 0.86 69.76 -3.568 1.58 69.80 0.983 -0.028
6.05 5.493 6.174 -8.111 -1.936 1.01 69.77 -3.844 1.72 69.77 0.980 -0.033
6.15 5.505 5.961 -8.274 -2.313 1.15 69.75 -4.065 1.83 69.71 0.978 -0.037
6.25 5.525 5.730 -8.384 -2.654 1.28 69.70 -4.231 1.89 69.64 0.976 -0.040
6.35 5.551 5.485 -8.441 -2.957 1.40 69.63 -4.349 1.91 69.54 0.975 -0.043
6.45 5.583 5.231 -8.451 -3.220 1.49 69.54 -4.425 1.91 69.42 0.974 -0.044
6.55 5.619 4.973 -8.418 -3.444 1.56 69.43 -4.465 1.87 69.27 0.974 -0.045
6.65 5.660 4.715 -8.347 -3.631 1.61 69.29 -4.477 1.81 69.11 0.974 -0.045
6.75 5.703 4.461 -8.244 -3.784 1.63 69.13 -4.467 1.73 68.93 0.974 -0.044
6.85 5.748 4.211 -8.115 -3.904 1.64 68.96 -4.440 1.64 68.74 0.975 -0.043
6.95 5.794 3.970 -7.966 -3.995 1.62 68.78 -4.398 1.53 68.54 0.976 -0.042
7.05 5.841 3.739 -7.800 -4.061 1.59 68.58 -4.347 1.42 68.33 0.976 -0.040
7.15 5.888 3.518 -7.623 -4.105 1.54 68.38 -4.287 1.30 68.12 0.978 -0.038
7.25 5.934 3.310 -7.438 -4.129 1.48 68.17 -4.221 1.18 67.90 0.979 -0.036
7.35 5.980 3.113 -7.249 -4.136 1.41 67.96 -4.150 1.05 67.69 0.980 -0.034
7.45 6.024 2.930 -7.058 -4.128 1.33 67.74 -4.077 0.92 67.47 0.981 -0.032
7.55 6.066 2.759 -6.867 -4.108 1.23 67.53 -4.001 0.78 67.26 0.982 -0.030
7.65 6.106 2.600 -6.678 -4.078 1.13 67.32 -3.923 0.65 67.05 0.983 -0.028
7.75 6.144 2.453 -6.492 -4.039 1.03 67.11 -3.845 0.52 66.85 0.985 -0.026
7.85 6.180 2.317 -6.310 -3.993 0.92 66.91 -3.767 0.38 66.65 0.986 -0.024
7.95 6.213 2.192 -6.133 -3.942 0.80 66.71 -3.690 0.25 66.46 0.987 -0.022
8.05 6.243 2.077 -5.962 -3.885 0.68 66.52 -3.614 0.12 66.28 0.988 -0.020
8.15 6.271 1.971 -5.797 -3.826 0.57 66.33 -3.539 0.00 66.11 0.989 -0.018
8.25 6.296 1.874 -5.638 -3.764 0.46 66.16 -3.467 0.00 65.94 0.990 -0.017
8.35 6.319 1.785 -5.485 -3.700 0.38 66.00 -3.398 0.00 65.79 0.990 -0.016
8.45 6.339 1.703 -5.339 -3.636 0.31 65.85 -3.331 0.00 65.66 0.991 -0.014
8.55 6.358 1.628 -5.200 -3.572 0.25 65.71 -3.268 0.00 65.53 0.992 -0.013
8.65 6.375 1.560 -5.069 -3.509 0.21 65.58 -3.208 0.00 65.42 0.993 -0.012
8.75 6.390 1.499 -4.945 -3.446 0.17 65.46 -3.152 0.00 65.32 0.993 -0.011
8.85 6.403 1.444 -4.830 -3.386 0.14 65.36 -3.100 0.00 65.24 0.994 -0.009
8.95 6.415 1.397 -4.724 -3.327 0.11 65.28 -3.052 0.00 65.17 0.995 -0.008
9.05 6.426 1.355 -4.627 -3.271 0.09 65.20 -3.009 0.00 65.12 0.996 -0.007
9.15 6.436 1.321 -4.539 -3.218 0.08 65.14 -2.970 0.00 65.07 0.996 -0.006
9.25 6.445 1.293 -4.461 -3.168 0.06 65.10 -2.936 0.00 65.04 0.997 -0.005
9.35 6.452 1.272 -4.394 -3.122 0.05 65.06 -2.906 0.00 65.03 0.998 -0.004
9.45 6.459 1.257 -4.336 -3.079 0.04 65.04 -2.881 0.00 65.02 0.999 -0.003
9.55 6.465 1.249 -4.289 -3.040 0.03 65.03 -2.860 0.00 65.02 0.999 -0.001
9.65 6.471 1.247 -4.252 -3.005 0.03 65.03 -2.843 0.00 65.03 1.000 -0.000
9.75 6.475 1.251 -4.225 -2.974 0.02 65.04 -2.830 0.00 65.05 1.001 0.001
9.85 6.479 1.261 -4.208 -2.947 0.02 65.06 -2.820 0.00 65.08 1.001 0.002
9.95 6.483 1.276 -4.199 -2.923 0.02 65.08 -2.814 0.00 65.11 1.002 0.003
10.05 6.486 1.296 -4.199 -2.902 0.01 65.11 -2.810 0.00 65.14 1.003 0.003
10.15 6.489 1.321 -4.206 -2.885 0.01 65.14 -2.808 0.00 65.18 1.003 0.004
10.25 6.492 1.349 -4.220 -2.871 0.01 65.17 -2.808 0.00 65.21 1.003 0.005
10.35 6.494 1.381 -4.241 -2.860 0.01 65.21 -2.810 0.00 65.25 1.004 0.006
10.45 6.496 1.415 -4.266 -2.852 0.01 65.24 -2.813 0.00 65.28 1.004 0.006
10.55 6.498 1.451 -4.296 -2.845 0.00 65.27 -2.816 0.00 65.32 1.004 0.006
10.65 6.500 1.489 -4.329 -2.840 0.00 65.31 -2.820 0.00 65.35 1.004 0.007
10.75 6.501 1.528 -4.365 -2.837 0.00 65.33 -2.823 0.00 65.37 1.004 0.007
10.85 6.503 1.566 -4.401 -2.835 0.00 65.36 -2.826 0.00 65.39 1.004 0.007
10.95 6.504 1.605 -4.439 -2.834 0.00 65.38 -2.828 0.00 65.41 1.004 0.007
11.05 6.506 1.643 -4.475 -2.833 0.00 65.40 -2.829 0.00 65.42 1.004 0.007
11.15 6.507 1.679 -4.511 -2.832 0.00 65.41 -2.829 0.00 65.42 1.004 0.006
11.25 6.508 1.713 -4.545 -2.831 0.00 65.42 -2.828 0.00 65.42 1.004 0.006
11.35 6.509 1.746 -4.576 -2.830 0.00 65.42 -2.825 0.00 65.42 1.004 0.006
11.45 6.510 1.776 -4.605 -2.829 0.00 65.42 -2.821 0.00 65.41 1.003 0.005
11.55 6.511 1.803 -4.630 -2.827 0.00 65.41 -2.815 0.00 65.40 1.003 0.005
11.65 6.512 1.828 -4.651 -2.824 0.00 65.40 -2.809 0.00 65.38 1.003 0.004
11.75 6.513 1.849 -4.669 -2.820 0.00 65.39 -2.801 0.00 65.37 1.002 0.004
11.85 6.513 1.868 -4.683 -2.815 0.00 65.37 -2.793 0.00 65.35 1.002 0.003
11.95 6.514 1.884 -4.694 -2.810 0.00 65.35 -2.784 0.00 65.33 1.002 0.003
12.05 6.514 1.897 -4.701 -2.804 0.00 65.33 -2.774 0.00 65.30 1.001 0.002
12.15 6.514 1.907 -4.704 -2.797 0.00 65.31 -2.765 0.00 65.28 1.001 0.002
12.25 6.514 1.915 -4.705 -2.790 0.00 65.29 -2.755 0.00 65.26 1.001 0.001
12.35 6.514 1.921 -4.703 -2.782 0.00 65.27 -2.746 0.00 65.24 1.001 0.001
12.45 6.514 1.924 -4.699 -2.775 0.00 65.25 -2.737 0.00 65.22 1.000 0.001
12.55 6.513 1.926 -4.693 -2.767 0.00 65.23 -2.729 0.00 65.20 1.000 0.000
12.65 6.513 1.927 -4.685 -2.759 0.00 65.21 -2.721 0.00 65.19 1.000 0.000
12.75 6.512 1.926 -4.677 -2.751 0.00 65.20 -2.714 0.00 65.18 1.000 -0.000
12.85 6.511 1.924 -4.667 -2.743 0.00 65.18 -2.708 0.00 65.17 1.000 -0.000
12.95 6.510 1.921 -4.658 -2.736 0.00 65.17 -2.703 0.00 65.16 1.000 -0.000
13.05 6.509 1.918 -4.648 -2.730 0.00 65.16 -2.700 0.00 65.16 1.000 -0.001
13.15 6.508 1.915 -4.639 -2.724 0.00 65.16 -2.697 0.00 65.15 1.000 -0.001
13.25 6.507 1.912 -4.630 -2.719 0.00 65.16 -2.695 0.00 65.15 1.000 -0.001
13.35 6.506 1.908 -4.623 -2.714 0.00 65.16 -2.694 0.00 65.16 1.000 -0.001
13.45 6.504 1.905 -4.616 -2.711 0.00 65.16 -2.694 0.00 65.16 1.000 -0.001
13.55 6.503 1.903 -4.610 -2.708 0.00 65.16 -2.695 0.00 65.17 1.000 -0.000
13.65 6.502 1.900 -4.606 -2.705 0.00 65.17 -2.696 0.00 65.17 1.000 -0.000
13.75 6.500 1.898 -4.602 -2.704 0.00 65.17 -2.698 0.00 65.18 1.000 -0.000
13.85 6.499 1.897 -4.600 -2.703 0.00 65.18 -2.701 0.00 65.19 1.000 -0.000
13.95 6.498 1.896 -4.600 -2.704 0.00 65.19 -2.705 0.00 65.20 1.000 -0.000
14.05 6.496 1.896 -4.600 -2.704 0.00 65.20 -2.708 0.00 65.21 1.000 -0.000
14.15 6.495 1.896 -4.601 -2.706 0.00 65.21 -2.712 0.00 65.23 1.000 0.000
14.25 6.494 1.896 -4.604 -2.707 0.00 65.22 -2.716 0.00 65.24 1.000 0.000
14.35 6.493 1.897 -4.607 -2.710 0.00 65.23 -2.721 0.00 65.25 1.000 0.000
14.45 6.492 1.899 -4.611 -2.712 0.00 65.24 -2.725 0.00 65.26 1.000 0.000
14.55 6.491 1.900 -4.615 -2.715 0.00 65.25 -2.729 0.00 65.27 1.000 0.000
14.65 6.490 1.902 -4.620 -2.718 0.00 65.26 -2.733 0.00 65.28 1.000 0.000
14.75 6.489 1.904 -4.625 -2.721 0.00 65.27 -2.737 0.00 65.28 1.000 0.000
14.85 6.488 1.906 -4.630 -2.725 0.00 65.28 -2.740 0.00 65.29 1.000 0.000
14.95 6.487 1.908 -4.636 -2.728 0.00 65.29 -2.743 0.00 65.30 1.000 0.000
15.05 6.487 1.910 -4.641 -2.731 0.00 65.30 -2.746 0.00 65.30 1.000 0.000
15.15 6.486 1.911 -4.645 -2.734 0.00 65.30 -2.748 0.00 65.31 1.000 0.000
15.25 6.485 1.913 -4.650 -2.737 0.00 65.31 -2.750 0.00 65.31 1.000 0.000
15.35 6.485 1.914 -4.653 -2.740 0.00 65.31 -2.752 0.00 65.31 1.000 0.000
15.45 6.484 1.915 -4.657 -2.742 0.00 65.31 -2.753 0.00 65.31 1.000 0.000
15.55 6.484 1.916 -4.660 -2.744 0.00 65.31 -2.754 0.00 65.32 1.000 0.000
15.65 6.484 1.916 -4.662 -2.746 0.00 65.31 -2.754 0.00 65.32 1.000 0.000
15.75 6.483 1.916 -4.664 -2.747 0.00 65.31 -2.755 0.00 65.31 1.000 0.000
15.85 6.483 1.916 -4.665 -2.749 0.00 65.31 -2.755 0.00 65.31 1.000 -0.000
15.95 6.482 1.915 -4.665 -2.750 0.00 65.31 -2.754 0.00 65.31 1.000 -0.000
16.05 6.482 1.915 -4.665 -2.751 0.00 65.31 -2.754 0.00 65.31 1.000 -0.000
16.15 6.482 1.914 -4.665 -2.751 0.00 65.31 -2.753 0.00 65.31 1.000 -0.000
16.25 6.481 1.913 -4.664 -2.751 0.00 65.31 -2.753 0.00 65.31 1.000 -0.000
16.35 6.481 1.911 -4.663 -2.751 0.00 65.31 -2.752 0.00 65.31 1.000 -0.000
16.45 6.481 1.910 -4.661 -2.751 0.00 65.31 -2.751 0.00 65.31 1.000 -0.000
16.55 6.481 1.908 -4.659 -2.751 0.00 65.31 -2.750 0.00 65.30 1.000 -0.000
16.65 6.480 1.906 -4.657 -2.751 0.00 65.30 -2.749 0.00 65.30 1.000 -0.000
16.75 6.480 1.904 -4.655 -2.750 0.00 65.30 -2.748 0.00 65.30 1.000 -0.000
16.85 6.480 1.903 -4.653 -2.750 0.00 65.30 -2.748 0.00 65.30 1.000 -0.000
16.95 6.479 1.901 -4.650 -2.749 0.00 65.30 -2.747 0.00 65.30 1.000 -0.000
17.05 6.479 1.899 -4.648 -2.749 0.00 65.30 -2.746 0.00 65.30 1.000 -0.000
17.15 6.479 1.897 -4.646 -2.748 0.00 65.30 -2.746 0.00 65.30 1.000 -0.000
17.25 6.479 1.896 -4.644 -2.748 0.00 65.30 -2.745 0.00 65.30 1.000 -0.000
17.35 6.478 1.894 -4.642 -2.747 0.00 65.30 -2.745 0.00 65.30 1.000 -0.000
17.45 6.478 1.893 -4.640 -2.747 0.00 65.30 -2.745 0.00 65.30 1.000 -0.000
17.55 6.478 1.892 -4.638 -2.746 0.00 65.30 -2.745 0.00 65.31 1.000 -0.000
17.65 6.477 1.891 -4.637 -2.746 0.00 65.31 -2.745 0.00 65.31 1.000 -0.000
17.75 6.477 1.890 -4.636 -2.746 0.00 65.31 -2.745 0.00 65.31 1.000 -0.000
17.85 6.477 1.889 -4.635 -2.746 0.00 65.31 -2.745 0.00 65.31 1.000 -0.000
17.95 6.477 1.888 -4.634 -2.745 0.00 65.31 -2.745 0.00 65.31 1.000 -0.000
18.05 6.476 1.888 -4.633 -2.745 0.00 65.31 -2.745 0.00 65.32 1.000 -0.000
18.15 6.476 1.887 -4.633 -2.745 0.00 65.31 -2.745 0.00 65.32 1.000 -0.000
18.25 6.476 1.887 -4.633 -2.745 0.00 65.32 -2.746 0.00 65.32 1.000 -0.000
18.35 6.475 1.887 -4.632 -2.746 0.00 65.32 -2.746 0.00 65.32 1.000 -0.000
18.45 6.475 1.887 -4.633 -2.746 0.00 65.32 -2.746 0.00 65.32 1.000 -0.000
18.55 6.475 1.887 -4.633 -2.746 0.00 65.32 -2.747 0.00 65.32 1.000 0.000
18.65 6.475 1.887 -4.633 -2.746 0.00 65.32 -2.747 0.00 65.33 1.000 0.000
18.75 6.474 1.887 -4.633 -2.746 0.00 65.33 -2.747 0.00 65.33 1.000 0.000
18.85 6.474 1.887 -4.634 -2.746 0.00 65.33 -2.747 0.00 65.33 1.000 0.000
18.95 6.474 1.887 -4.634 -2.747 0.00 65.33 -2.748 0.00 65.33 1.000 0.000
19.05 6.474 1.888 -4.634 -2.747 0.00 65.33 -2.748 0.00 65.33 1.000 0.000
19.15 6.473 1.888 -4.635 -2.747 0.00 65.33 -2.748 0.00 65.33 1.000 0.000
19.25 6.473 1.888 -4.635 -2.747 0.00 65.33 -2.748 0.00 65.33 1.000 0.000
19.35 6.473 1.888 -4.636 -2.747 0.00 65.33 -2.748 0.00 65.33 1.000 0.000
19.45 6.473 1.888 -4.636 -2.748 0.00 65.33 -2.748 0.00 65.34 1.000 0.000
19.55 6.473 1.888 -4.636 -2.748 0.00 65.34 -2.748 0.00 65.34 1.000 0.000
19.65 6.473 1.888 -4.636 -2.748 0.00 65.34 -2.748 0.00 65.34 1.000 0.000
19.75 6.472 1.889 -4.636 -2.748 0.00 65.34 -2.748 0.00 65.34 1.000 0.000
19.85 6.472 1.889 -4.636 -2.748 0.00 65.34 -2.748 0.00 65.34 1.000 0.000
19.95 6.472 1.889 -4.636 -2.748 0.00 65.34 -2.748 0.00 65.34 1.000 -0.000
