t V gam alpha th Tc Tr thsp Tcc Trc lf gd
0.05 13.416 -2.234 -2.326 -4.560 14.63 0.46 -3.089 13.95 1.63 0.831 -0.150
0.15 13.480 -2.798 -1.504 -4.301 14.31 1.87 -2.740 12.53 3.59 0.897 -0.099
0.25 13.541 -3.088 -0.707 -3.795 13.80 3.17 -1.128 11.18 4.81 0.961 -0.051
0.35 13.591 -3.122 0.025 -3.097 13.14 4.46 0.419 9.83 6.10 1.020 -0.006
0.45 13.624 -2.924 0.668 -2.255 12.36 5.79 1.890 8.50 7.48 1.073 0.034
0.55 13.637 -2.523 1.212 -1.312 11.47 7.17 3.274 7.17 8.94 1.119 0.070
0.65 13.625 -1.952 1.651 -0.301 10.51 8.62 4.562 5.86 10.47 1.156 0.100
0.75 13.586 -1.244 1.989 0.745 9.49 10.14 5.746 4.56 12.08 1.185 0.124
0.85 13.520 -0.429 2.230 1.801 8.42 11.73 6.818 3.28 13.76 1.206 0.142
0.95 13.425 0.460 2.384 2.843 7.31 13.39 7.771 2.02 15.50 1.218 0.155
1.05 13.301 1.394 2.458 3.852 6.18 15.10 8.599 0.78 17.28 1.224 0.163
1.15 13.149 2.349 2.462 4.811 5.08 16.85 9.298 0.00 19.07 1.223 0.166
1.25 12.973 3.299 2.406 5.705 4.16 18.62 9.872 0.00 20.87 1.217 0.166
1.35 12.774 4.225 2.299 6.524 3.40 20.40 10.325 0.00 22.65 1.207 0.162
1.45 12.558 5.111 2.150 7.262 2.79 22.17 10.667 0.00 24.39 1.193 0.154
1.55 12.327 5.943 1.970 7.913 2.28 23.89 10.908 0.00 26.05 1.176 0.145
1.65 12.083 6.709 1.769 8.478 1.87 25.56 11.063 0.00 27.64 1.158 0.134
1.75 11.831 7.401 1.558 8.959 1.53 27.15 11.145 0.00 29.13 1.138 0.120
1.85 11.571 8.010 1.349 9.359 1.25 28.66 11.169 0.00 30.54 1.118 0.106
1.95 11.306 8.533 1.152 9.685 1.02 30.09 11.148 0.00 31.88 1.097 0.091
2.05 11.039 8.968 0.974 9.943 0.84 31.46 11.091 0.00 33.17 1.077 0.076
2.15 10.770 9.315 0.824 10.139 0.69 32.78 11.007 0.00 34.42 1.059 0.060
2.25 10.501 9.576 0.706 10.282 0.56 34.05 10.899 0.00 35.65 1.041 0.045
2.35 10.233 9.755 0.622 10.376 0.46 35.30 10.772 0.00 36.87 1.026 0.031
2.45 9.968 9.856 0.572 10.428 0.38 36.54 10.627 0.00 38.10 1.011 0.017
2.55 9.711 9.815 -0.033 9.782 0.41 37.08 6.831 0.43 37.91 0.976 -0.008
2.65 9.465 9.611 -0.383 9.228 0.35 37.94 6.694 0.00 39.10 0.954 -0.036
2.75 9.231 9.297 -0.547 8.749 0.29 38.96 6.553 0.00 40.28 0.940 -0.055
2.85 9.006 8.906 -0.575 8.331 0.23 40.06 6.405 0.00 41.47 0.932 -0.068
2.95 8.792 8.467 -0.507 7.960 0.19 41.22 6.247 0.00 42.71 0.928 -0.077
3.05 8.587 8.000 -0.374 7.626 0.16 42.43 6.073 0.00 43.98 0.926 -0.082
3.15 8.392 7.522 -0.203 7.318 0.13 43.70 5.883 0.00 45.32 0.928 -0.084
3.25 8.205 7.046 -0.016 7.029 0.11 45.02 5.673 0.00 46.70 0.931 -0.083
3.35 8.027 6.585 0.167 6.752 0.09 46.39 5.443 0.00 48.14 0.935 -0.081
3.45 7.856 6.149 0.331 6.480 0.07 47.82 5.191 0.00 49.63 0.941 -0.076
3.55 7.693 5.749 0.460 6.209 0.06 49.29 4.917 0.00 51.17 0.947 -0.070
3.65 7.537 5.391 0.543 5.934 0.05 50.81 4.620 0.00 52.73 0.955 -0.063
3.75 7.388 5.082 0.570 5.652 0.04 52.35 4.299 0.00 54.32 0.962 -0.054
3.85 7.246 4.828 0.532 5.359 0.03 53.92 3.957 0.00 55.91 0.971 -0.045
3.95 7.110 4.631 0.424 5.055 0.03 55.50 3.592 0.00 57.49 0.979 -0.035
4.05 6.981 4.495 0.241 4.737 0.02 57.07 3.206 0.00 59.05 0.987 -0.024
4.15 6.858 4.420 -0.017 4.403 0.02 58.62 2.797 0.00 60.56 0.994 -0.013
4.25 6.741 4.405 -0.353 4.052 0.01 60.12 2.362 0.00 62.01 1.001 -0.003
4.35 6.632 4.447 -0.764 3.683 0.01 61.56 1.905 0.00 63.36 1.008 0.007
4.45 6.529 4.539 -1.244 3.295 0.01 62.92 1.429 0.00 64.60 1.013 0.016
4.55 6.434 4.674 -1.786 2.888 0.01 64.16 0.934 0.00 65.70 1.018 0.023
4.65 6.346 4.843 -2.379 2.464 0.01 65.29 0.424 0.00 66.66 1.020 0.029
4.75 6.266 5.034 -3.012 2.022 0.01 66.27 -0.098 0.00 67.47 1.022 0.033
4.85 6.194 5.234 -3.670 1.564 0.01 67.11 -0.630 0.04 68.12 1.022 0.035
4.95 6.131 5.432 -4.340 1.093 0.02 67.80 -1.166 0.12 68.62 1.021 0.034
5.05 6.076 5.614 -5.004 0.609 0.06 68.33 -1.702 0.24 68.97 1.018 0.032
5.15 6.031 5.767 -5.650 0.117 0.11 68.73 -2.230 0.41 69.19 1.015 0.027
5.25 5.994 5.882 -6.262 -0.380 0.19 69.00 -2.744 0.60 69.30 1.010 0.020
5.35 5.967 5.951 -6.827 -0.876 0.30 69.15 -3.233 0.81 69.31 1.005 0.012
5.45 5.950 5.968 -7.335 -1.367 0.42 69.20 -3.688 1.03 69.24 0.999 0.003
5.55 5.942 5.931 -7.776 -1.845 0.56 69.18 -4.096 1.25 69.13 0.993 -0.006
5.65 5.943 5.841 -8.142 -2.302 0.71 69.10 -4.445 1.44 68.98 0.988 -0.016
5.75 5.953 5.701 -8.431 -2.730 0.86 68.97 -4.725 1.59 68.81 0.983 -0.024
5.85 5.971 5.519 -8.640 -3.121 1.01 68.82 -4.932 1.69 68.62 0.979 -0.032
5.95 5.997 5.301 -8.771 -3.469 1.14 68.65 -5.071 1.75 68.43 0.975 -0.038
6.05 6.028 5.058 -8.829 -3.771 1.25 68.46 -5.151 1.76 68.22 0.973 -0.043
6.15 6.065 4.796 -8.822 -4.026 1.34 68.26 -5.183 1.73 67.99 0.971 -0.046
6.25 6.106 4.523 -8.758 -4.235 1.41 68.04 -5.178 1.68 67.76 0.970 -0.048
6.35 6.150 4.246 -8.648 -4.402 1.44 67.81 -5.146 1.59 67.53 0.970 -0.048
6.45 6.197 3.972 -8.502 -4.530 1.46 67.58 -5.096 1.50 67.29 0.970 -0.048
6.55 6.245 3.704 -8.328 -4.624 1.45 67.35 -5.033 1.39 67.06 0.971 -0.047
6.65 6.293 3.446 -8.134 -4.688 1.42 67.12 -4.961 1.27 66.83 0.972 -0.045
6.75 6.342 3.202 -7.929 -4.727 1.38 66.89 -4.884 1.15 66.61 0.973 -0.043
6.85 6.390 2.974 -7.718 -4.744 1.32 66.67 -4.803 1.03 66.40 0.975 -0.040
6.95 6.436 2.763 -7.507 -4.744 1.25 66.46 -4.721 0.90 66.19 0.977 -0.037
7.05 6.482 2.570 -7.298 -4.728 1.17 66.25 -4.637 0.77 65.99 0.979 -0.034
7.15 6.525 2.395 -7.095 -4.700 1.08 66.05 -4.553 0.65 65.80 0.981 -0.030
7.25 6.566 2.239 -6.900 -4.662 0.98 65.86 -4.469 0.52 65.62 0.983 -0.027
7.35 6.605 2.099 -6.714 -4.615 0.88 65.67 -4.386 0.40 65.44 0.985 -0.024
7.45 6.642 1.976 -6.538 -4.562 0.78 65.50 -4.303 0.28 65.27 0.986 -0.021
7.55 6.676 1.869 -6.373 -4.504 0.67 65.33 -4.221 0.16 65.11 0.988 -0.019
7.65 6.708 1.776 -6.217 -4.441 0.56 65.16 -4.140 0.04 64.96 0.990 -0.016
7.75 6.737 1.696 -6.071 -4.376 0.46 65.01 -4.061 0.00 64.82 0.991 -0.014
7.85 6.763 1.627 -5.935 -4.308 0.38 64.86 -3.983 0.00 64.68 0.992 -0.012
7.95 6.787 1.569 -5.808 -4.238 0.31 64.72 -3.906 0.00 64.55 0.994 -0.010
8.05 6.809 1.521 -5.689 -4.168 0.25 64.59 -3.832 0.00 64.43 0.995 -0.008
8.15 6.829 1.481 -5.578 -4.097 0.21 64.47 -3.759 0.00 64.32 0.996 -0.007
8.25 6.847 1.449 -5.475 -4.026 0.17 64.36 -3.689 0.00 64.22 0.997 -0.006
8.35 6.863 1.424 -5.380 -3.955 0.14 64.26 -3.621 0.00 64.13 0.997 -0.004
8.45 6.878 1.406 -5.292 -3.886 0.11 64.16 -3.555 0.00 64.04 0.998 -0.003
8.55 6.891 1.393 -5.210 -3.817 0.09 64.08 -3.492 0.00 63.97 0.999 -0.002
8.65 6.903 1.387 -5.136 -3.750 0.08 64.00 -3.432 0.00 63.91 0.999 -0.001
8.75 6.913 1.385 -5.069 -3.684 0.06 63.93 -3.375 0.00 63.85 1.000 -0.000
8.85 6.922 1.388 -5.008 -3.621 0.05 63.87 -3.321 0.00 63.80 1.001 0.001
8.95 6.929 1.395 -4.954 -3.559 0.04 63.82 -3.271 0.00 63.76 1.001 0.001
9.05 6.936 1.406 -4.907 -3.501 0.03 63.78 -3.223 0.00 63.73 1.002 0.002
9.15 6.941 1.421 -4.865 -3.444 0.03 63.75 -3.178 0.00 63.71 1.002 0.003
9.25 6.946 1.439 -4.829 -3.390 0.02 63.72 -3.137 0.00 63.69 1.002 0.003
9.35 6.949 1.460 -4.799 -3.339 0.02 63.70 -3.098 0.00 63.68 1.003 0.004
9.45 6.952 1.484 -4.774 -3.290 0.02 63.69 -3.062 0.00 63.67 1.003 0.004
9.55 6.954 1.510 -4.754 -3.244 0.01 63.68 -3.028 0.00 63.67 1.003 0.005
9.65 6.955 1.538 -4.739 -3.200 0.01 63.67 -2.997 0.00 63.67 1.004 0.005
9.75 6.955 1.568 -4.728 -3.159 0.01 63.67 -2.968 0.00 63.67 1.004 0.005
9.85 6.954 1.599 -4.720 -3.121 0.01 63.68 -2.941 0.00 63.68 1.004 0.005
9.95 6.953 1.631 -4.716 -3.085 0.01 63.68 -2.917 0.00 63.69 1.004 0.006
10.05 6.952 1.663 -4.715 -3.052 0.00 63.69 -2.895 0.00 63.71 1.004 0.006
10.15 6.949 1.696 -4.716 -3.020 0.00 63.70 -2.874 0.00 63.72 1.004 0.006
10.25 6.947 1.729 -4.720 -2.991 0.00 63.72 -2.855 0.00 63.73 1.004 0.006
10.35 6.943 1.761 -4.725 -2.964 0.00 63.73 -2.838 0.00 63.75 1.004 0.006
10.45 6.940 1.793 -4.732 -2.939 0.00 63.75 -2.822 0.00 63.77 1.004 0.006
10.55 6.936 1.824 -4.740 -2.916 0.00 63.76 -2.808 0.00 63.78 1.004 0.005
10.65 6.932 1.855 -4.749 -2.894 0.00 63.78 -2.794 0.00 63.80 1.004 0.005
10.75 6.927 1.884 -4.759 -2.875 0.00 63.80 -2.782 0.00 63.82 1.004 0.005
10.85 6.922 1.912 -4.768 -2.856 0.00 63.81 -2.771 0.00 63.84 1.003 0.005
10.95 6.917 1.939 -4.778 -2.839 0.00 63.83 -2.761 0.00 63.85 1.003 0.005
11.05 6.912 1.964 -4.788 -2.824 0.00 63.85 -2.751 0.00 63.87 1.003 0.004
11.15 6.906 1.988 -4.797 -2.809 0.00 63.87 -2.743 0.00 63.89 1.003 0.004
11.25 6.901 2.010 -4.806 -2.796 0.00 63.88 -2.735 0.00 63.90 1.003 0.004
11.35 6.895 2.030 -4.814 -2.784 0.00 63.90 -2.727 0.00 63.92 1.002 0.004
11.45 6.889 2.049 -4.822 -2.773 0.00 63.91 -2.721 0.00 63.93 1.002 0.003
11.55 6.883 2.066 -4.828 -2.763 0.00 63.93 -2.715 0.00 63.95 1.002 0.003
11.65 6.876 2.081 -4.834 -2.753 0.00 63.95 -2.710 0.00 63.97 1.002 0.003
11.75 6.870 2.094 -4.839 -2.745 0.00 63.96 -2.705 0.00 63.98 1.002 0.002
11.85 6.864 2.106 -4.843 -2.737 0.00 63.98 -2.701 0.00 64.00 1.001 0.002
11.95 6.857 2.117 -4.847 -2.730 0.00 63.99 -2.698 0.00 64.02 1.001 0.002
12.05 6.851 2.126 -4.850 -2.724 0.00 64.01 -2.695 0.00 64.03 1.001 0.002
12.15 6.845 2.134 -4.852 -2.718 0.00 64.03 -2.692 0.00 64.05 1.001 0.001
12.25 6.838 2.140 -4.853 -2.713 0.00 64.05 -2.690 0.00 64.07 1.001 0.001
12.35 6.832 2.145 -4.854 -2.709 0.00 64.06 -2.689 0.00 64.08 1.001 0.001
12.45 6.825 2.149 -4.854 -2.705 0.00 64.08 -2.688 0.00 64.10 1.000 0.001
12.55 6.819 2.153 -4.855 -2.702 0.00 64.10 -2.687 0.00 64.12 1.000 0.001
12.65 6.812 2.155 -4.854 -2.699 0.00 64.12 -2.687 0.00 64.14 1.000 0.000
12.75 6.806 2.157 -4.854 -2.697 0.00 64.14 -2.688 0.00 64.16 1.000 0.000
12.85 6.800 2.157 -4.853 -2.696 0.00 64.16 -2.689 0.00 64.18 1.000 0.000
12.95 6.794 2.158 -4.852 -2.694 0.00 64.18 -2.690 0.00 64.20 1.000 0.000
13.05 6.788 2.157 -4.851 -2.694 0.00 64.20 -2.691 0.00 64.22 1.000 -0.000
13.15 6.782 2.156 -4.850 -2.693 0.00 64.22 -2.693 0.00 64.24 1.000 -0.000
13.25 6.776 2.155 -4.849 -2.694 0.00 64.24 -2.695 0.00 64.26 1.000 -0.000
13.35 6.770 2.154 -4.848 -2.694 0.00 64.26 -2.697 0.00 64.29 1.000 -0.000
13.45 6.764 2.152 -4.847 -2.695 0.00 64.28 -2.699 0.00 64.31 1.000 -0.000
13.55 6.758 2.150 -4.846 -2.696 0.00 64.30 -2.701 0.00 64.33 1.000 -0.000
13.65 6.753 2.147 -4.844 -2.697 0.00 64.32 -2.704 0.00 64.35 1.000 -0.000
13.75 6.748 2.145 -4.843 -2.699 0.00 64.34 -2.706 0.00 64.37 1.000 -0.000
13.85 6.742 2.142 -4.842 -2.700 0.00 64.36 -2.709 0.00 64.39 1.000 -0.000
13.95 6.737 2.139 -4.841 -2.702 0.00 64.38 -2.711 0.00 64.41 1.000 -0.000
14.05 6.732 2.136 -4.840 -2.704 0.00 64.40 -2.713 0.00 64.43 1.000 -0.001
14.15 6.727 2.133 -4.839 -2.706 0.00 64.42 -2.716 0.00 64.45 1.000 -0.001
14.25 6.722 2.130 -4.838 -2.708 0.00 64.44 -2.718 0.00 64.46 1.000 -0.001
14.35 6.717 2.127 -4.837 -2.710 0.00 64.46 -2.720 0.00 64.48 1.000 -0.001
14.45 6.713 2.124 -4.836 -2.712 0.00 64.48 -2.722 0.00 64.50 1.000 -0.001
14.55 6.708 2.120 -4.835 -2.714 0.00 64.50 -2.724 0.00 64.52 1.000 -0.001
14.65 6.704 2.117 -4.833 -2.716 0.00 64.51 -2.726 0.00 64.53 1.000 -0.001
14.75 6.699 2.114 -4.832 -2.718 0.00 64.53 -2.727 0.00 64.55 1.000 -0.001
14.85 6.695 2.110 -4.830 -2.720 0.00 64.54 -2.729 0.00 64.56 1.000 -0.001
14.95 6.691 2.107 -4.828 -2.722 0.00 64.56 -2.730 0.00 64.58 1.000 -0.001
15.05 6.687 2.103 -4.826 -2.724 0.00 64.58 -2.731 0.00 64.59 1.000 -0.001
15.15 6.683 2.099 -4.824 -2.725 0.00 64.59 -2.732 0.00 64.61 1.000 -0.001
15.25 6.679 2.096 -4.822 -2.726 0.00 64.60 -2.733 0.00 64.62 1.000 -0.001
15.35 6.675 2.092 -4.820 -2.728 0.00 64.62 -2.734 0.00 64.63 1.000 -0.001
15.45 6.671 2.088 -4.817 -2.729 0.00 64.63 -2.734 0.00 64.65 1.000 -0.001
15.55 6.668 2.085 -4.815 -2.730 0.00 64.64 -2.735 0.00 64.66 1.000 -0.001
15.65 6.664 2.081 -4.812 -2.731 0.00 64.66 -2.735 0.00 64.67 1.000 -0.001
15.75 6.661 2.077 -4.809 -2.732 0.00 64.67 -2.736 0.00 64.68 1.000 -0.001
15.85 6.657 2.073 -4.806 -2.733 0.00 64.68 -2.736 0.00 64.70 1.000 -0.001
15.95 6.654 2.070 -4.803 -2.733 0.00 64.69 -2.736 0.00 64.71 1.000 -0.001
16.05 6.651 2.066 -4.800 -2.734 0.00 64.70 -2.736 0.00 64.72 1.000 -0.001
16.15 6.647 2.062 -4.796 -2.734 0.00 64.71 -2.736 0.00 64.73 1.000 -0.001
16.25 6.644 2.059 -4.793 -2.735 0.00 64.73 -2.736 0.00 64.74 1.000 -0.001
16.35 6.641 2.055 -4.790 -2.735 0.00 64.74 -2.736 0.00 64.75 1.000 -0.001
16.45 6.638 2.052 -4.787 -2.735 0.00 64.75 -2.736 0.00 64.76 1.000 -0.001
16.55 6.635 2.048 -4.784 -2.735 0.00 64.76 -2.736 0.00 64.77 1.000 -0.001
16.65 6.632 2.045 -4.780 -2.735 0.00 64.77 -2.736 0.00 64.78 1.000 -0.001
16.75 6.629 2.042 -4.777 -2.736 0.00 64.78 -2.736 0.00 64.79 1.000 -0.001
16.85 6.626 2.038 -4.774 -2.736 0.00 64.79 -2.736 0.00 64.80 1.000 -0.001
16.95 6.623 2.035 -4.771 -2.736 0.00 64.80 -2.736 0.00 64.81 1.000 -0.001
17.05 6.621 2.032 -4.768 -2.736 0.00 64.81 -2.736 0.00 64.82 1.000 -0.001
17.15 6.618 2.029 -4.765 -2.736 0.00 64.82 -2.736 0.00 64.83 1.000 -0.001
17.25 6.615 2.026 -4.762 -2.736 0.00 64.83 -2.736 0.00 64.84 1.000 -0.001
17.35 6.613 2.023 -4.759 -2.736 0.00 64.83 -2.736 0.00 64.85 1.000 -0.000
17.45 6.610 2.021 -4.757 -2.736 0.00 64.84 -2.736 0.00 64.86 1.000 -0.000
17.55 6.608 2.018 -4.754 -2.736 0.00 64.85 -2.736 0.00 64.86 1.000 -0.000
17.65 6.605 2.015 -4.751 -2.736 0.00 64.86 -2.736 0.00 64.87 1.000 -0.000
17.75 6.603 2.013 -4.749 -2.736 0.00 64.87 -2.736 0.00 64.88 1.000 -0.000
17.85 6.600 2.011 -4.747 -2.736 0.00 64.88 -2.736 0.00 64.89 1.000 -0.000
17.95 6.598 2.008 -4.744 -2.736 0.00 64.89 -2.736 0.00 64.90 1.000 -0.000
18.05 6.595 2.006 -4.742 -2.736 0.00 64.90 -2.736 0.00 64.91 1.000 -0.000
18.15 6.593 2.004 -4.740 -2.736 0.00 64.90 -2.737 0.00 64.91 1.000 -0.000
18.25 6.591 2.002 -4.738 -2.736 0.00 64.91 -2.737 0.00 64.92 1.000 -0.000
18.35 6.589 1.999 -4.736 -2.736 0.00 64.92 -2.737 0.00 64.93 1.000 -0.000
18.45 6.586 1.997 -4.734 -2.736 0.00 64.93 -2.737 0.00 64.94 1.000 -0.000
18.55 6.584 1.995 -4.732 -2.737 0.00 64.94 -2.737 0.00 64.95 1.000 -0.000
18.65 6.582 1.993 -4.730 -2.737 0.00 64.94 -2.737 0.00 64.95 1.000 -0.000
18.75 6.580 1.991 -4.728 -2.737 0.00 64.95 -2.737 0.00 64.96 1.000 -0.000
18.85 6.578 1.990 -4.726 -2.737 0.00 64.96 -2.737 0.00 64.97 1.000 -0.000
18.95 6.576 1.988 -4.725 -2.737 0.00 64.97 -2.738 0.00 64.97 1.000 -0.000
19.05 6.574 1.986 -4.723 -2.737 0.00 64.97 -2.738 0.00 64.98 1.000 -0.000
19.15 6.572 1.984 -4.721 -2.737 0.00 64.98 -2.738 0.00 64.99 1.000 -0.000
19.25 6.570 1.982 -4.720 -2.737 0.00 64.99 -2.738 0.00 65.00 1.000 -0.000
19.35 6.568 1.981 -4.718 -2.737 0.00 64.99 -2.738 0.00 65.00 1.000 -0.000
19.45 6.566 1.979 -4.716 -2.738 0.00 65.00 -2.738 0.00 65.01 1.000 -0.000
19.55 6.565 1.977 -4.715 -2.738 0.00 65.01 -2.738 0.00 65.01 1.000 -0.000
19.65 6.563 1.976 -4.713 -2.738 0.00 65.01 -2.738 0.00 65.02 1.000 -0.000
19.75 6.561 1.974 -4.712 -2.738 0.00 65.02 -2.738 0.00 65.03 1.000 -0.000
19.85 6.559 1.972 -4.710 -2.738 0.00 65.02 -2.739 0.00 65.03 1.000 -0.000
19.95 6.558 1.971 -4.709 -2.738 0.00 65.03 -2.739 0.00 65.04 1.000 -0.000
