t V gam alpha th Tc Tr thsp Tcc Trc lf gd
0.05 5.487 4.931 -1.534 3.396 28.29 74.49 -0.223 27.62 77.35 1.088 0.141
0.15 5.766 5.969 -4.335 1.635 27.96 78.96 -8.223 26.12 85.35 1.120 0.180
0.25 6.084 7.237 -8.456 -1.219 27.42 85.15 -15.808 24.62 93.35 1.146 0.221
0.35 6.463 8.612 -13.204 -4.592 26.71 92.22 -20.846 23.12 101.35 1.160 0.239
0.45 6.915 10.220 -18.142 -7.922 25.85 99.75 -23.497 21.62 109.35 1.239 0.277
0.55 7.439 12.445 -23.436 -10.992 24.87 107.40 -25.260 20.12 117.03 1.340 0.387
0.65 8.023 15.161 -29.012 -13.850 23.80 112.91 -27.279 18.62 118.73 1.426 0.476
0.75 8.638 18.141 -34.794 -16.653 22.67 115.74 -30.000 17.25 118.73 1.496 0.521
0.85 9.244 21.296 -40.369 -19.073 21.55 117.19 -30.000 16.31 118.73 1.573 0.551
0.95 9.798 24.648 -45.701 -21.054 20.51 117.94 -30.000 15.67 118.73 1.664 0.585
1.05 10.259 28.229 -50.904 -22.675 19.57 118.32 -30.000 15.23 118.73 1.767 0.625
1.15 10.595 32.051 -56.054 -24.003 18.74 118.52 -30.000 14.89 118.73 1.876 0.667
1.25 10.780 36.091 -61.181 -25.090 18.00 118.62 -30.000 14.64 118.73 1.980 0.706
1.35 10.800 40.284 -66.264 -25.980 17.37 118.67 -30.000 14.45 118.73 2.067 0.733
1.45 10.659 44.527 -71.236 -26.709 16.82 118.70 -30.000 14.34 118.73 2.124 0.741
1.55 10.375 48.686 -75.991 -27.305 16.37 118.63 -30.000 14.30 118.47 2.137 0.727
1.65 9.979 52.610 -80.403 -27.794 15.99 118.22 -30.000 14.32 117.57 2.098 0.686
1.75 9.506 56.149 -84.342 -28.194 15.70 117.31 -30.000 14.43 115.98 2.002 0.619
1.85 8.991 59.173 -87.694 -28.521 15.50 115.79 -30.000 14.61 113.66 1.853 0.529
1.95 8.467 61.584 -90.373 -28.789 15.37 113.61 -30.000 14.87 110.64 1.659 0.421
2.05 7.956 63.321 -92.330 -29.009 15.32 110.77 -30.000 15.19 106.99 1.438 0.303
2.15 7.475 64.357 -93.546 -29.188 15.35 107.35 -30.000 15.57 102.86 1.210 0.181
2.25 7.032 64.691 -94.027 -29.336 15.45 103.46 -30.000 15.98 98.41 0.996 0.058
2.35 6.632 64.340 -93.796 -29.456 15.61 99.23 -30.000 16.42 93.78 0.813 -0.062
2.45 6.277 63.330 -92.884 -29.555 15.82 94.77 -30.000 16.89 89.08 0.669 -0.177
2.55 5.966 61.690 -91.326 -29.635 16.08 90.18 -30.000 17.37 84.36 0.565 -0.286
2.65 5.698 59.450 -89.151 -29.701 16.38 85.56 -30.000 17.86 79.71 0.495 -0.391
2.75 5.473 56.637 -86.392 -29.756 16.72 80.96 -30.000 18.35 75.16 0.453 -0.491
2.85 5.291 53.278 -83.078 -29.800 17.08 76.44 -30.000 18.85 70.77 0.430 -0.586
2.95 5.151 49.408 -79.244 -29.836 17.47 72.07 -30.000 19.35 66.60 0.421 -0.676
3.05 5.058 45.071 -74.937 -29.866 17.88 67.90 -30.000 19.84 62.71 0.421 -0.757
3.15 5.013 40.333 -70.223 -29.890 18.30 64.00 -30.000 20.33 59.17 0.426 -0.827
3.25 5.020 35.284 -65.194 -29.910 18.74 60.42 -30.000 20.81 56.01 0.435 -0.882
3.35 5.084 30.042 -59.968 -29.926 19.18 57.24 -30.000 21.27 53.36 0.447 -0.916
3.45 5.208 24.750 -54.690 -29.940 19.61 54.62 -30.000 21.69 51.53 0.463 -0.924
3.55 5.398 19.581 -49.532 -29.951 20.04 52.84 -30.000 22.05 50.91 0.486 -0.903
3.65 5.656 14.727 -44.687 -29.960 20.44 52.17 -30.000 22.34 51.71 0.518 -0.849
3.75 5.983 10.378 -40.345 -29.967 20.82 52.86 -30.000 22.54 54.22 0.563 -0.761
3.85 6.378 6.713 -36.686 -29.973 21.14 55.35 -30.000 22.59 59.14 0.626 -0.642
3.95 6.840 3.896 -33.732 -29.836 21.38 59.85 -28.842 22.45 66.13 0.712 -0.494
4.05 7.359 2.033 -31.312 -29.279 21.53 65.98 -25.986 22.12 74.12 0.819 -0.327
4.15 7.924 1.137 -29.281 -28.144 21.60 73.02 -22.064 21.82 82.12 0.938 -0.158
4.25 8.517 1.145 -27.640 -26.495 21.59 80.53 -18.126 21.48 90.12 1.064 0.001
4.35 9.122 1.958 -26.468 -24.510 21.51 87.87 -14.826 21.04 96.96 1.189 0.142
4.45 9.725 3.443 -25.971 -22.527 21.33 94.32 -13.390 20.34 102.11 1.307 0.259
4.55 10.314 5.469 -26.509 -21.040 21.02 99.47 -14.829 19.38 105.55 1.416 0.354
4.65 10.885 7.951 -28.361 -20.411 20.57 103.68 -18.568 18.20 108.87 1.528 0.432
4.75 11.437 10.897 -31.678 -20.780 19.94 108.17 -23.741 16.79 114.12 1.663 0.513
4.85 11.962 14.388 -36.525 -22.137 19.18 113.04 -29.715 15.41 118.73 1.829 0.609
4.95 12.426 18.419 -41.981 -23.562 18.32 115.81 -30.000 14.14 118.73 1.997 0.704
5.05 12.770 22.929 -47.658 -24.729 17.41 117.23 -30.000 13.05 118.73 2.168 0.787
5.15 12.944 27.871 -53.556 -25.685 16.50 117.96 -30.000 12.25 118.73 2.338 0.863
5.25 12.910 33.172 -59.639 -26.467 15.65 118.33 -30.000 11.69 118.73 2.494 0.926
5.35 12.653 38.712 -65.819 -27.107 14.88 118.52 -30.000 11.30 118.73 2.617 0.968
5.45 12.187 44.314 -71.946 -27.632 14.19 118.62 -30.000 11.05 118.73 2.686 0.979
5.55 11.554 49.765 -77.826 -28.061 13.60 118.67 -30.000 10.90 118.73 2.686 0.953
5.65 10.813 54.838 -83.251 -28.412 13.11 118.60 -30.000 10.87 118.41 2.607 0.887
5.75 10.028 59.325 -88.025 -28.700 12.71 118.00 -30.000 10.96 117.01 2.446 0.784
5.85 9.251 63.061 -91.997 -28.936 12.42 116.57 -30.000 11.16 114.47 2.206 0.653
5.95 8.515 65.942 -95.071 -29.129 12.23 114.18 -30.000 11.46 110.87 1.905 0.503
6.05 7.842 67.924 -97.211 -29.287 12.14 110.90 -30.000 11.84 106.50 1.568 0.346
6.15 7.238 69.010 -98.426 -29.416 12.15 106.90 -30.000 12.27 101.64 1.232 0.189
6.25 6.706 69.233 -98.754 -29.522 12.23 102.38 -30.000 12.74 96.54 0.934 0.038
6.35 6.240 68.638 -98.246 -29.609 12.39 97.54 -30.000 13.22 91.35 0.699 -0.104
6.45 5.837 67.273 -96.952 -29.679 12.61 92.53 -30.000 13.73 86.18 0.533 -0.239
6.55 5.490 65.180 -94.917 -29.738 12.89 87.47 -30.000 14.24 81.07 0.431 -0.366
6.65 5.195 62.390 -92.175 -29.785 13.20 82.42 -30.000 14.76 76.05 0.376 -0.487
6.75 4.948 58.927 -88.751 -29.824 13.56 77.43 -30.000 15.28 71.15 0.353 -0.604
6.85 4.749 54.810 -84.666 -29.856 13.94 72.54 -30.000 15.81 66.40 0.350 -0.719
6.95 4.596 50.062 -79.944 -29.882 14.35 67.81 -30.000 16.33 61.88 0.357 -0.829
7.05 4.494 44.722 -74.625 -29.903 14.78 63.30 -30.000 16.85 57.68 0.368 -0.932
7.15 4.445 38.863 -68.784 -29.921 15.23 59.09 -30.000 17.36 53.88 0.383 -1.023
7.25 4.457 32.606 -62.541 -29.935 15.68 55.27 -30.000 17.86 50.57 0.398 -1.093
7.35 4.535 26.125 -56.072 -29.947 16.15 51.93 -30.000 18.35 47.90 0.414 -1.132
7.45 4.686 19.642 -49.598 -29.957 16.61 49.34 -30.000 18.81 46.38 0.434 -1.133
7.55 4.914 13.425 -43.389 -29.964 17.06 47.92 -30.000 19.20 46.55 0.462 -1.087
7.65 5.224 7.759 -37.730 -29.971 17.50 48.04 -30.000 19.55 48.76 0.502 -0.992
7.75 5.614 2.920 -32.843 -29.923 17.91 50.38 -29.445 19.81 54.15 0.565 -0.848
7.85 6.080 -0.839 -28.528 -29.368 18.28 55.24 -25.753 20.02 62.05 0.657 -0.659
7.95 6.606 -3.403 -24.458 -27.861 18.65 61.64 -19.434 20.46 70.05 0.766 -0.449
8.05 7.163 -4.893 -20.335 -25.228 19.06 67.34 -11.434 20.98 73.85 0.864 -0.258
8.15 7.713 -5.670 -15.951 -21.622 19.47 70.72 -3.434 21.47 74.29 0.924 -0.133
8.25 8.221 -5.962 -11.327 -17.290 19.91 72.18 3.963 21.99 73.51 1.019 -0.062
8.35 8.662 -5.414 -7.217 -12.631 20.33 72.41 9.584 22.33 72.43 1.144 0.097
8.45 9.026 -4.191 -4.142 -8.333 20.67 71.81 11.191 22.11 70.74 1.237 0.216
8.55 9.322 -2.599 -2.565 -5.164 20.84 69.94 8.143 21.41 67.17 1.276 0.282
8.65 9.573 -0.990 -2.745 -3.736 20.75 67.37 0.816 19.96 64.11 1.259 0.284
8.75 9.806 0.379 -4.313 -3.933 20.40 65.75 -6.313 18.46 64.29 1.213 0.240
8.85 10.038 1.491 -6.251 -4.760 19.84 66.56 -8.831 16.96 68.50 1.184 0.192
8.95 10.274 2.522 -7.950 -5.428 19.11 70.06 -8.171 15.46 75.19 1.192 0.177
9.05 10.512 3.642 -9.404 -5.762 18.24 74.76 -7.080 13.96 80.78 1.221 0.194
9.15 10.750 4.868 -11.015 -6.146 17.25 79.34 -8.387 12.46 85.03 1.240 0.215
9.25 10.996 6.099 -13.160 -7.061 16.18 83.81 -12.171 10.96 89.51 1.234 0.215
9.35 11.261 7.371 -15.936 -8.566 15.02 88.74 -16.327 9.46 95.21 1.303 0.214
9.45 11.551 9.187 -19.682 -10.496 13.81 94.54 -20.097 7.96 102.16 1.444 0.315
9.55 11.870 11.686 -24.462 -12.776 12.54 101.13 -24.038 6.46 109.65 1.618 0.435
9.65 12.210 14.949 -30.381 -15.432 11.23 107.95 -28.534 4.96 116.53 1.822 0.568
9.75 12.542 18.982 -37.055 -18.073 9.92 113.20 -30.000 3.72 118.73 2.034 0.705
9.85 12.803 23.670 -43.905 -20.235 8.67 115.89 -30.000 2.87 118.73 2.238 0.819
9.95 12.925 28.910 -50.915 -22.005 7.54 117.27 -30.000 2.29 118.73 2.441 0.915
10.05 12.854 34.605 -58.059 -23.454 6.53 117.98 -30.000 1.88 118.73 2.634 0.995
10.15 12.561 40.617 -65.258 -24.641 5.64 118.34 -30.000 1.58 118.73 2.799 1.051
10.25 12.049 46.752 -72.365 -25.612 4.88 118.53 -30.000 1.38 118.73 2.915 1.073
10.35 11.360 52.768 -79.176 -26.408 4.23 118.42 -30.000 1.31 118.12 2.960 1.052
10.45 10.552 58.401 -85.460 -27.059 3.71 117.53 -30.000 1.38 116.08 2.919 0.985
10.55 9.692 63.406 -90.998 -27.592 3.32 115.50 -30.000 1.59 112.54 2.781 0.875
10.65 8.834 67.598 -95.626 -28.028 3.05 112.24 -30.000 1.94 107.76 2.543 0.732
10.75 8.015 70.864 -99.250 -28.386 2.91 107.95 -30.000 2.38 102.23 2.210 0.570
10.85 7.260 73.158 -101.836 -28.678 2.88 102.92 -30.000 2.85 96.38 1.804 0.400
10.95 6.578 74.479 -103.397 -28.918 2.94 97.46 -30.000 3.35 90.47 1.368 0.230
11.05 5.970 74.851 -103.965 -29.114 3.08 91.81 -30.000 3.85 84.65 0.961 0.064
11.15 5.430 74.297 -103.572 -29.275 3.29 86.14 -30.000 4.36 78.98 0.638 -0.097
11.25 4.953 72.828 -102.234 -29.406 3.56 80.54 -30.000 4.87 73.48 0.423 -0.257
11.35 4.532 70.427 -99.941 -29.514 3.87 75.04 -30.000 5.39 68.14 0.307 -0.419
11.45 4.162 67.047 -96.649 -29.602 4.21 69.68 -30.000 5.90 62.93 0.260 -0.590
11.55 3.838 62.602 -92.276 -29.674 4.59 64.43 -30.000 6.42 57.84 0.256 -0.775
11.65 3.560 56.974 -86.707 -29.733 5.00 59.31 -30.000 6.95 52.87 0.272 -0.981
11.75 3.334 50.034 -79.816 -29.782 5.42 54.34 -30.000 7.47 48.13 0.296 -1.210
11.85 3.168 41.706 -71.527 -29.821 5.86 49.64 -30.000 7.98 43.81 0.320 -1.454
11.95 3.078 32.072 -61.925 -29.854 6.32 45.38 -30.000 8.49 40.16 0.342 -1.683
12.05 3.085 21.521 -51.401 -29.880 6.78 41.87 -30.000 9.01 37.75 0.364 -1.846
12.15 3.207 10.812 -40.714 -29.902 7.27 39.79 -30.000 9.62 37.76 0.392 -1.877
12.25 3.454 0.958 -30.870 -29.912 7.79 40.10 -29.920 10.33 41.41 0.440 -1.729
12.35 3.817 -7.095 -22.284 -29.378 8.42 43.74 -25.507 11.58 49.25 0.523 -1.412
12.45 4.266 -12.919 -14.652 -27.571 9.20 49.39 -17.507 13.08 56.86 0.628 -1.017
12.55 4.751 -16.455 -8.417 -24.872 10.10 56.10 -11.461 14.50 64.86 0.791 -0.617
12.65 5.234 -17.803 -4.114 -21.917 11.02 63.45 -7.741 15.40 72.86 0.957 -0.235
12.75 5.689 -17.459 -1.429 -18.887 11.91 71.11 -4.430 16.05 80.86 1.110 0.060
12.85 6.103 -15.812 -0.059 -15.870 12.72 78.93 -1.621 16.48 88.86 1.246 0.287
12.95 6.473 -13.166 0.152 -13.014 13.45 86.57 0.276 16.79 95.91 1.359 0.462
13.05 6.803 -9.860 -0.578 -10.438 14.08 92.36 1.470 16.94 98.87 1.430 0.579
13.15 7.100 -6.294 -1.800 -8.094 14.59 95.10 2.837 16.90 97.45 1.454 0.626
13.25 7.368 -2.857 -3.102 -5.959 14.97 94.01 3.849 16.56 91.37 1.428 0.604
13.35 7.607 0.113 -4.455 -4.342 15.17 89.64 2.433 15.88 83.37 1.361 0.522
13.45 7.826 2.391 -6.150 -3.759 15.11 83.57 -2.520 14.53 75.58 1.264 0.401
13.55 8.037 3.919 -8.415 -4.497 14.80 79.17 -9.464 13.03 75.00 1.174 0.264
13.65 8.261 4.969 -11.020 -6.051 14.27 79.94 -13.935 11.53 82.43 1.138 0.179
13.75 8.512 5.885 -13.676 -7.790 13.57 84.23 -16.071 10.03 90.43 1.139 0.157
13.85 8.797 7.048 -16.555 -9.508 12.72 90.33 -17.654 8.53 98.43 1.231 0.200
13.95 9.119 8.864 -20.165 -11.301 11.75 97.35 -20.047 7.03 106.43 1.354 0.315
14.05 9.485 11.386 -24.787 -13.402 10.69 104.85 -23.890 5.53 114.43 1.495 0.439
14.15 9.895 14.610 -30.602 -15.992 9.56 111.52 -28.944 4.13 118.73 1.642 0.564
14.25 10.324 18.373 -36.905 -18.531 8.42 115.02 -30.000 3.09 118.73 1.770 0.658
14.35 10.719 22.541 -43.152 -20.610 7.35 116.83 -30.000 2.34 118.73 1.898 0.728
14.45 11.030 27.061 -49.374 -22.312 6.37 117.75 -30.000 1.84 118.73 2.032 0.789
14.55 11.213 31.898 -55.604 -23.706 5.50 118.23 -30.000 1.49 118.73 2.170 0.845
14.65 11.235 36.995 -61.842 -24.847 4.74 118.47 -30.000 1.24 118.73 2.301 0.890
14.75 11.082 42.254 -68.035 -25.781 4.08 118.60 -30.000 1.06 118.73 2.411 0.919
14.85 10.759 47.536 -74.082 -26.546 3.52 118.62 -30.000 0.97 118.58 2.485 0.923
14.95 10.293 52.665 -79.837 -27.172 3.06 118.20 -30.000 0.98 117.48 2.506 0.897
15.05 9.722 57.448 -85.133 -27.685 2.69 116.98 -30.000 1.10 115.12 2.462 0.836
15.15 9.087 61.708 -89.812 -28.104 2.44 114.71 -30.000 1.35 111.50 2.346 0.745
15.25 8.427 65.303 -93.751 -28.448 2.29 111.36 -30.000 1.71 106.80 2.158 0.628
15.35 7.772 68.138 -96.867 -28.729 2.25 107.08 -30.000 2.14 101.41 1.904 0.495
15.45 7.145 70.164 -99.124 -28.960 2.29 102.12 -30.000 2.62 95.69 1.604 0.354
15.55 6.558 71.363 -100.511 -29.148 2.42 96.75 -30.000 3.11 89.87 1.286 0.209
15.65 6.018 71.734 -101.037 -29.303 2.61 91.18 -30.000 3.62 84.10 0.985 0.064
15.75 5.525 71.279 -100.708 -29.429 2.87 85.56 -30.000 4.13 78.45 0.733 -0.080
15.85 5.080 69.991 -99.523 -29.533 3.17 79.97 -30.000 4.65 72.94 0.547 -0.225
15.95 4.678 67.840 -97.457 -29.617 3.51 74.47 -30.000 5.17 67.56 0.426 -0.375
16.05 4.318 64.771 -94.457 -29.687 3.88 69.08 -30.000 5.69 62.31 0.359 -0.535
16.15 3.998 60.696 -90.439 -29.743 4.28 63.81 -30.000 6.22 57.18 0.329 -0.710
16.25 3.720 55.498 -85.288 -29.790 4.71 58.66 -30.000 6.75 52.20 0.322 -0.906
16.35 3.488 49.048 -78.876 -29.828 5.15 53.69 -30.000 7.27 47.47 0.327 -1.125
16.45 3.313 41.256 -71.115 -29.859 5.61 48.99 -30.000 7.79 43.16 0.337 -1.359
16.55 3.211 32.172 -62.057 -29.885 6.07 44.73 -30.000 8.31 39.52 0.349 -1.587
16.65 3.200 22.111 -52.016 -29.906 6.55 41.19 -30.000 8.83 37.02 0.364 -1.760
16.75 3.301 11.738 -41.660 -29.923 7.04 38.99 -30.000 9.43 36.76 0.386 -1.818
16.85 3.525 1.996 -31.933 -29.937 7.57 39.04 -30.000 10.12 39.98 0.428 -1.709
16.95 3.869 -6.163 -23.341 -29.504 8.18 42.33 -26.296 11.28 47.47 0.505 -1.432
17.05 4.302 -12.218 -15.599 -27.816 8.95 47.78 -18.296 12.78 54.99 0.606 -1.058
17.15 4.780 -16.082 -9.082 -25.165 9.85 54.37 -11.884 14.27 62.99 0.761 -0.677
17.25 5.260 -17.729 -4.482 -22.211 10.79 61.65 -8.020 15.20 70.99 0.930 -0.287
17.35 5.715 -17.631 -1.541 -19.172 11.68 69.28 -4.662 15.89 78.99 1.087 0.017
17.45 6.131 -16.185 0.052 -16.133 12.51 77.08 -1.760 16.32 86.99 1.227 0.252
17.55 6.501 -13.699 0.458 -13.241 13.25 84.82 0.225 16.64 94.42 1.345 0.434
17.65 6.831 -10.495 -0.147 -10.642 13.89 91.04 1.336 16.82 98.19 1.424 0.561
17.75 7.126 -6.959 -1.355 -8.314 14.42 94.47 2.499 16.82 97.76 1.457 0.620
17.85 7.393 -3.478 -2.720 -6.198 14.82 94.21 3.566 16.55 92.62 1.440 0.612
17.95 7.633 -0.407 -4.108 -4.515 15.05 90.35 2.713 15.94 84.62 1.378 0.540
18.05 7.852 2.007 -5.738 -3.731 15.05 84.48 -1.380 14.68 76.62 1.286 0.425
18.15 8.060 3.662 -7.888 -4.225 14.77 79.37 -8.118 13.18 73.98 1.189 0.288
18.25 8.277 4.770 -10.441 -5.671 14.28 79.15 -13.199 11.68 80.58 1.141 0.189
18.35 8.518 5.691 -13.083 -7.392 13.60 82.92 -15.651 10.18 88.58 1.137 0.158
18.45 8.791 6.743 -15.855 -9.112 12.77 88.76 -17.260 8.68 96.58 1.208 0.176
18.55 9.102 8.407 -19.287 -10.880 11.82 95.64 -19.448 7.18 104.58 1.327 0.289
18.65 9.454 10.773 -23.680 -12.907 10.77 103.07 -22.994 5.68 112.58 1.465 0.411
18.75 9.853 13.853 -29.248 -15.395 9.65 110.25 -27.845 4.24 118.73 1.616 0.538
18.85 10.278 17.523 -35.565 -18.043 8.51 114.38 -30.000 3.13 118.73 1.748 0.642
18.95 10.680 21.624 -41.834 -20.210 7.42 116.49 -30.000 2.32 118.73 1.877 0.716
19.05 11.009 26.090 -48.075 -21.985 6.42 117.58 -30.000 1.78 118.73 2.011 0.780
19.15 11.218 30.885 -54.323 -23.438 5.52 118.14 -30.000 1.41 118.73 2.150 0.837
19.25 11.270 35.958 -60.585 -24.627 4.74 118.43 -30.000 1.13 118.73 2.284 0.886
19.35 11.147 41.217 -66.818 -25.601 4.06 118.57 -30.000 0.94 118.73 2.400 0.919
19.45 10.851 46.530 -72.929 -26.398 3.47 118.63 -30.000 0.83 118.67 2.483 0.929
19.55 10.406 51.726 -78.778 -27.051 2.99 118.34 -30.000 0.82 117.78 2.517 0.908
19.65 9.847 56.613 -84.199 -27.586 2.61 117.28 -30.000 0.92 115.66 2.486 0.854
19.75 9.217 61.006 -89.030 -28.023 2.33 115.21 -30.000 1.15 112.25 2.385 0.768
19.85 8.555 64.755 -93.137 -28.382 2.17 112.04 -30.000 1.49 107.70 2.209 0.655
19.95 7.894 67.756 -96.431 -28.675 2.10 107.90 -30.000 1.91 102.39 1.966 0.524
