t V gam alpha th Tc Tr thsp Tcc Trc lf gd
0.05 5.487 4.854 -1.437 3.418 28.44 72.22 0.000 29.12 69.35 1.061 0.141
0.15 5.759 5.182 -2.384 2.798 28.73 67.74 0.000 30.26 61.35 1.004 0.061
0.25 6.039 4.892 -2.601 2.291 29.01 61.55 0.000 30.26 53.35 0.936 -0.048
0.35 6.323 4.090 -2.215 1.876 29.23 56.64 0.000 30.26 51.49 0.895 -0.144
0.45 6.614 3.195 -1.659 1.536 29.42 55.31 0.000 30.26 54.65 0.904 -0.160
0.55 6.910 2.542 -1.285 1.257 29.57 56.01 0.000 30.26 57.14 0.939 -0.115
0.65 7.210 2.180 -1.151 1.029 29.70 56.43 0.000 30.26 56.61 0.968 -0.062
0.75 7.511 1.978 -1.135 0.843 29.80 55.50 0.000 30.26 53.86 0.978 -0.034
0.85 7.812 1.803 -1.113 0.690 29.88 53.46 0.000 30.26 50.67 0.975 -0.029
0.95 8.111 1.603 -1.038 0.565 29.95 51.09 0.000 30.26 48.10 0.970 -0.035
1.05 8.408 1.388 -0.925 0.463 30.00 48.91 0.000 30.26 46.25 0.969 -0.037
1.15 8.703 1.191 -0.813 0.379 30.05 47.02 0.000 30.26 44.70 0.973 -0.034
1.25 8.996 1.033 -0.723 0.310 30.09 45.26 0.000 30.26 43.05 0.978 -0.027
1.35 9.285 0.915 -0.661 0.254 30.12 43.45 0.000 30.26 41.12 0.984 -0.020
1.45 9.570 0.825 -0.617 0.208 30.14 41.48 0.000 30.26 38.94 0.987 -0.015
1.55 9.851 0.752 -0.582 0.170 30.16 39.36 0.000 30.26 36.64 0.988 -0.012
1.65 10.128 0.687 -0.548 0.139 30.18 37.14 0.000 30.26 34.32 0.989 -0.011
1.75 10.401 0.628 -0.514 0.114 30.19 34.88 0.000 30.26 32.02 0.990 -0.010
1.85 10.668 0.574 -0.480 0.093 30.21 32.61 0.000 30.26 29.74 0.991 -0.009
1.95 10.931 0.526 -0.449 0.076 30.21 30.34 0.000 30.26 27.46 0.992 -0.008
2.05 11.189 0.484 -0.422 0.063 30.22 28.06 0.000 30.26 25.17 0.993 -0.007
2.15 11.441 0.448 -0.397 0.051 30.23 25.76 0.000 30.26 22.85 0.994 -0.006
2.25 11.689 0.417 -0.375 0.042 30.23 23.45 0.000 30.26 20.52 0.994 -0.005
2.35 11.931 0.389 -0.354 0.034 30.24 21.12 0.000 30.26 18.18 0.995 -0.005
2.45 12.170 0.332 -0.685 -0.353 30.24 17.98 -4.000 30.26 13.00 0.970 -0.004
2.55 12.409 0.036 -1.259 -1.223 30.24 12.48 -5.157 30.26 5.00 0.903 -0.051
2.65 12.652 -0.533 -1.403 -1.936 30.25 6.61 -5.157 30.26 0.00 0.852 -0.101
2.75 12.899 -1.211 -1.309 -2.520 30.25 3.39 -5.157 30.26 0.00 0.846 -0.119
2.85 13.150 -1.841 -1.157 -2.998 30.25 1.74 -5.157 30.26 0.00 0.865 -0.110
2.95 13.404 -2.354 -1.035 -3.389 30.25 0.89 -5.157 30.26 0.00 0.894 -0.090
3.05 13.659 -2.731 -0.979 -3.710 30.25 0.46 -5.157 30.26 0.00 0.925 -0.066
3.15 13.912 -2.971 -1.001 -3.972 30.25 0.24 -5.157 30.26 0.00 0.956 -0.042
3.25 14.162 -3.090 -1.097 -4.187 30.25 0.12 -5.157 30.26 0.00 0.984 -0.021
3.35 14.408 -3.103 -1.260 -4.363 30.25 0.06 -5.157 30.26 0.00 1.009 -0.002
3.45 14.648 -3.028 -1.478 -4.506 30.25 0.03 -5.157 30.26 0.00 1.029 0.013
3.55 14.882 -2.884 -1.740 -4.624 30.25 0.02 -5.157 30.26 0.00 1.046 0.025
3.65 15.108 -2.686 -2.035 -4.721 30.25 0.01 -5.157 30.26 0.00 1.059 0.035
3.75 15.326 -2.446 -2.354 -4.800 30.05 0.00 -5.157 28.76 0.00 1.070 0.042
3.85 15.531 -2.178 -2.686 -4.864 29.61 0.00 -5.157 27.26 0.00 1.077 0.047
3.95 15.723 -1.893 -3.024 -4.917 28.97 0.00 -5.157 25.76 0.00 1.081 0.050
4.05 15.897 -1.600 -3.360 -4.961 28.18 0.00 -5.157 24.26 0.00 1.083 0.051
4.15 16.054 -1.309 -3.688 -4.996 27.26 0.00 -5.157 22.76 0.00 1.083 0.051
4.25 16.192 -1.025 -4.001 -5.025 26.24 0.00 -5.157 21.26 0.00 1.080 0.050
4.35 16.310 -0.754 -4.295 -5.049 25.13 0.00 -5.157 19.76 0.00 1.076 0.047
4.45 16.409 -0.501 -4.567 -5.069 23.95 0.00 -5.157 18.26 0.00 1.071 0.044
4.55 16.488 -0.269 -4.815 -5.085 22.71 0.00 -5.157 16.76 0.00 1.065 0.040
4.65 16.547 -0.061 -5.037 -5.098 21.42 0.00 -5.157 15.26 0.00 1.058 0.036
4.75 16.586 0.122 -5.231 -5.108 20.10 0.00 -5.157 13.76 0.00 1.050 0.032
4.85 16.606 0.279 -5.397 -5.117 18.74 0.00 -5.157 12.26 0.00 1.042 0.027
4.95 16.608 0.409 -5.534 -5.124 17.36 0.00 -5.157 10.76 0.00 1.034 0.023
5.05 16.591 0.512 -5.642 -5.130 15.95 0.00 -5.157 9.26 0.00 1.026 0.018
5.15 16.556 0.587 -5.722 -5.135 14.53 0.00 -5.157 7.76 0.00 1.018 0.013
5.25 16.504 0.633 -5.772 -5.139 13.10 0.00 -5.157 6.26 0.00 1.010 0.008
5.35 16.435 0.652 -5.794 -5.142 11.65 0.00 -5.157 4.76 0.00 1.001 0.003
5.45 16.351 0.643 -5.788 -5.145 10.19 0.00 -5.157 3.26 0.00 0.993 -0.002
5.55 16.250 0.606 -5.753 -5.147 8.73 0.00 -5.157 1.76 0.00 0.985 -0.006
5.65 16.135 0.541 -5.690 -5.149 7.26 0.00 -5.157 0.26 0.00 0.977 -0.011
5.75 16.006 0.447 -5.597 -5.150 5.94 0.00 -5.157 0.00 0.00 0.969 -0.016
5.85 15.867 0.324 -5.475 -5.151 4.86 0.00 -5.157 0.00 0.00 0.961 -0.021
5.95 15.720 0.173 -5.325 -5.152 3.98 0.00 -5.157 0.00 0.00 0.954 -0.026
6.05 15.570 -0.005 -5.148 -5.153 3.26 0.00 -5.157 0.00 0.00 0.947 -0.031
6.15 15.417 -0.207 -4.947 -5.154 2.67 0.00 -5.157 0.00 0.00 0.941 -0.035
6.25 15.263 -0.431 -4.723 -5.154 2.19 0.00 -5.157 0.00 0.00 0.936 -0.039
6.35 15.111 -0.675 -4.479 -5.155 1.79 0.00 -5.157 0.00 0.00 0.932 -0.043
6.45 14.960 -0.936 -4.219 -5.155 1.47 0.00 -5.157 0.00 0.00 0.928 -0.046
6.55 14.813 -1.212 -3.943 -5.155 1.23 0.00 -5.157 0.23 0.00 0.926 -0.048
6.65 14.670 -1.500 -3.655 -5.156 1.13 0.00 -5.157 0.90 0.00 0.923 -0.050
6.75 14.534 -1.797 -3.358 -5.156 1.24 0.00 -5.157 1.99 0.00 0.922 -0.052
6.85 14.407 -2.101 -3.055 -5.156 1.57 0.00 -5.157 3.44 0.00 0.922 -0.053
6.95 14.293 -2.406 -2.750 -5.156 2.12 0.00 -5.157 4.94 0.00 0.923 -0.053
7.05 14.192 -2.708 -2.448 -5.156 2.84 0.00 -5.157 6.44 0.00 0.925 -0.053
7.15 14.106 -3.000 -2.156 -5.156 3.70 0.00 -5.157 7.94 0.00 0.928 -0.051
7.25 14.038 -3.279 -1.878 -5.156 4.68 0.00 -5.157 9.44 0.00 0.933 -0.049
7.35 13.986 -3.537 -1.620 -5.156 5.75 0.00 -5.157 10.94 0.00 0.939 -0.045
7.45 13.953 -3.770 -1.386 -5.156 6.90 0.00 -5.157 12.44 0.00 0.945 -0.041
7.55 13.937 -3.974 -1.183 -5.156 8.11 0.00 -5.157 13.94 0.00 0.953 -0.036
7.65 13.938 -4.144 -1.013 -5.156 9.37 0.00 -5.157 15.44 0.00 0.962 -0.030
7.75 13.958 -4.278 -0.879 -5.157 10.68 0.00 -5.157 16.94 0.00 0.971 -0.023
7.85 13.994 -4.373 -0.784 -5.157 12.02 0.00 -5.157 18.44 0.00 0.981 -0.017
7.95 14.047 -4.427 -0.729 -5.157 13.39 0.00 -5.157 19.94 0.00 0.991 -0.010
8.05 14.116 -4.441 -0.716 -5.157 14.79 0.00 -5.157 21.44 0.00 1.002 -0.002
8.15 14.201 -4.414 -0.743 -5.157 16.20 0.00 -5.157 22.94 0.00 1.012 0.005
8.25 14.300 -4.346 -0.810 -5.157 17.63 0.00 -5.157 24.44 0.00 1.022 0.012
8.35 14.414 -4.240 -0.917 -5.157 19.07 0.00 -5.157 25.94 0.00 1.032 0.019
8.45 14.541 -4.096 -1.061 -5.157 20.53 0.00 -5.157 27.44 0.00 1.042 0.025
8.55 14.681 -3.917 -1.239 -5.157 21.96 0.00 -5.157 28.72 0.00 1.051 0.031
8.65 14.833 -3.706 -1.450 -5.157 23.31 0.00 -5.157 29.56 0.00 1.060 0.037
8.75 14.993 -3.466 -1.690 -5.157 24.50 0.00 -5.157 29.95 0.00 1.068 0.042
8.85 15.161 -3.201 -1.955 -5.157 25.42 0.00 -5.157 29.20 0.00 1.075 0.046
8.95 15.329 -2.916 -2.241 -5.157 25.90 0.00 -5.157 27.70 0.00 1.080 0.050
9.05 15.494 -2.617 -2.540 -5.157 26.02 0.00 -5.157 26.20 0.00 1.084 0.052
9.15 15.651 -2.311 -2.846 -5.157 25.84 0.00 -5.157 24.70 0.00 1.086 0.053
9.25 15.797 -2.005 -3.152 -5.157 25.43 0.00 -5.157 23.20 0.00 1.086 0.053
9.35 15.930 -1.704 -3.452 -5.157 24.82 0.00 -5.157 21.70 0.00 1.084 0.052
9.45 16.048 -1.415 -3.742 -5.157 24.05 0.00 -5.157 20.20 0.00 1.081 0.051
9.55 16.149 -1.141 -4.015 -5.157 23.14 0.00 -5.157 18.70 0.00 1.076 0.048
9.65 16.233 -0.887 -4.270 -5.157 22.13 0.00 -5.157 17.20 0.00 1.070 0.044
9.75 16.300 -0.655 -4.502 -5.157 21.03 0.00 -5.157 15.70 0.00 1.064 0.041
9.85 16.348 -0.447 -4.710 -5.157 19.86 0.00 -5.157 14.20 0.00 1.057 0.036
9.95 16.378 -0.264 -4.892 -5.157 18.63 0.00 -5.157 12.70 0.00 1.049 0.032
10.05 16.391 -0.109 -5.047 -5.157 17.35 0.00 -5.157 11.20 0.00 1.041 0.027
10.15 16.385 0.018 -5.175 -5.157 16.02 0.00 -5.157 9.70 0.00 1.033 0.022
10.25 16.362 0.118 -5.274 -5.157 14.67 0.00 -5.157 8.20 0.00 1.025 0.017
10.35 16.322 0.188 -5.345 -5.157 13.29 0.00 -5.157 6.70 0.00 1.016 0.012
10.45 16.266 0.230 -5.387 -5.157 11.89 0.00 -5.157 5.20 0.00 1.008 0.007
10.55 16.193 0.244 -5.400 -5.157 10.47 0.00 -5.157 3.70 0.00 1.000 0.002
10.65 16.104 0.228 -5.385 -5.157 9.04 0.00 -5.157 2.20 0.00 0.991 -0.003
10.75 16.000 0.184 -5.340 -5.157 7.59 0.00 -5.157 0.70 0.00 0.983 -0.008
10.85 15.882 0.110 -5.266 -5.157 6.22 0.00 -5.157 0.00 0.00 0.975 -0.013
10.95 15.753 0.006 -5.163 -5.157 5.09 0.00 -5.157 0.00 0.00 0.967 -0.018
11.05 15.615 -0.127 -5.030 -5.157 4.17 0.00 -5.157 0.00 0.00 0.959 -0.023
11.15 15.472 -0.288 -4.869 -5.157 3.41 0.00 -5.157 0.00 0.00 0.952 -0.028
11.25 15.327 -0.474 -4.682 -5.157 2.79 0.00 -5.157 0.00 0.00 0.946 -0.033
11.35 15.180 -0.684 -4.473 -5.157 2.29 0.00 -5.157 0.00 0.00 0.940 -0.037
11.45 15.033 -0.915 -4.242 -5.157 1.87 0.00 -5.157 0.00 0.00 0.936 -0.040
11.55 14.888 -1.163 -3.993 -5.157 1.54 0.00 -5.157 0.06 0.00 0.932 -0.043
11.65 14.746 -1.428 -3.729 -5.157 1.33 0.00 -5.157 0.50 0.00 0.929 -0.046
11.75 14.608 -1.705 -3.452 -5.157 1.29 0.00 -5.157 1.37 0.00 0.927 -0.048
11.85 14.479 -1.992 -3.165 -5.157 1.48 0.00 -5.157 2.64 0.00 0.925 -0.050
11.95 14.359 -2.284 -2.872 -5.157 1.90 0.00 -5.157 4.14 0.00 0.925 -0.051
12.05 14.252 -2.578 -2.579 -5.157 2.51 0.00 -5.157 5.64 0.00 0.926 -0.051
12.15 14.159 -2.867 -2.290 -5.157 3.29 0.00 -5.157 7.14 0.00 0.928 -0.050
12.25 14.082 -3.145 -2.012 -5.157 4.19 0.00 -5.157 8.64 0.00 0.932 -0.049
12.35 14.022 -3.407 -1.749 -5.157 5.21 0.00 -5.157 10.14 0.00 0.937 -0.046
12.45 13.979 -3.649 -1.508 -5.157 6.31 0.00 -5.157 11.64 0.00 0.943 -0.042
12.55 13.953 -3.863 -1.293 -5.157 7.48 0.00 -5.157 13.14 0.00 0.950 -0.038
12.65 13.946 -4.048 -1.109 -5.157 8.72 0.00 -5.157 14.64 0.00 0.958 -0.032
12.75 13.956 -4.198 -0.959 -5.157 10.00 0.00 -5.157 16.14 0.00 0.967 -0.026
12.85 13.983 -4.311 -0.846 -5.157 11.32 0.00 -5.157 17.64 0.00 0.977 -0.020
12.95 14.027 -4.385 -0.771 -5.157 12.67 0.00 -5.157 19.14 0.00 0.986 -0.013
13.05 14.087 -4.419 -0.737 -5.157 14.05 0.00 -5.157 20.64 0.00 0.997 -0.006
13.15 14.163 -4.413 -0.744 -5.157 15.46 0.00 -5.157 22.14 0.00 1.007 0.001
13.25 14.254 -4.366 -0.790 -5.157 16.88 0.00 -5.157 23.64 0.00 1.017 0.008
13.35 14.360 -4.280 -0.877 -5.157 18.31 0.00 -5.157 25.14 0.00 1.027 0.015
13.45 14.480 -4.156 -1.001 -5.157 19.76 0.00 -5.157 26.64 0.00 1.037 0.022
13.55 14.613 -3.996 -1.161 -5.157 21.21 0.00 -5.157 28.08 0.00 1.046 0.028
13.65 14.758 -3.802 -1.354 -5.157 22.60 0.00 -5.157 29.13 0.00 1.055 0.034
13.75 14.914 -3.578 -1.579 -5.157 23.88 0.00 -5.157 29.74 0.00 1.063 0.039
13.85 15.078 -3.327 -1.830 -5.157 24.96 0.00 -5.157 29.88 0.00 1.071 0.044
13.95 15.245 -3.053 -2.104 -5.157 25.65 0.00 -5.157 28.38 0.00 1.077 0.048
14.05 15.412 -2.762 -2.395 -5.157 25.94 0.00 -5.157 26.88 0.00 1.082 0.051
14.15 15.573 -2.460 -2.697 -5.157 25.90 0.00 -5.157 25.38 0.00 1.084 0.053
14.25 15.724 -2.155 -3.002 -5.157 25.60 0.00 -5.157 23.88 0.00 1.085 0.053
14.35 15.862 -1.852 -3.304 -5.157 25.08 0.00 -5.157 22.38 0.00 1.084 0.053
14.45 15.987 -1.558 -3.598 -5.157 24.38 0.00 -5.157 20.88 0.00 1.082 0.051
14.55 16.096 -1.278 -3.879 -5.157 23.54 0.00 -5.157 19.38 0.00 1.078 0.049
14.65 16.188 -1.015 -4.142 -5.157 22.58 0.00 -5.157 17.88 0.00 1.073 0.046
14.75 16.263 -0.772 -4.384 -5.157 21.52 0.00 -5.157 16.38 0.00 1.067 0.042
14.85 16.320 -0.553 -4.604 -5.157 20.38 0.00 -5.157 14.88 0.00 1.060 0.038
14.95 16.358 -0.359 -4.798 -5.157 19.18 0.00 -5.157 13.38 0.00 1.053 0.034
15.05 16.379 -0.191 -4.965 -5.157 17.92 0.00 -5.157 11.88 0.00 1.045 0.029
15.15 16.382 -0.051 -5.105 -5.157 16.62 0.00 -5.157 10.38 0.00 1.037 0.024
15.25 16.367 0.061 -5.218 -5.157 15.28 0.00 -5.157 8.88 0.00 1.029 0.020
15.35 16.335 0.145 -5.302 -5.157 13.91 0.00 -5.157 7.38 0.00 1.020 0.015
15.45 16.286 0.200 -5.357 -5.157 12.52 0.00 -5.157 5.88 0.00 1.012 0.010
15.55 16.221 0.227 -5.384 -5.157 11.11 0.00 -5.157 4.38 0.00 1.004 0.005
15.65 16.139 0.225 -5.382 -5.157 9.68 0.00 -5.157 2.88 0.00 0.995 -0.000
15.75 16.043 0.194 -5.350 -5.157 8.24 0.00 -5.157 1.38 0.00 0.987 -0.005
15.85 15.931 0.134 -5.290 -5.157 6.80 0.00 -5.157 0.00 0.00 0.979 -0.011
15.95 15.807 0.044 -5.200 -5.157 5.57 0.00 -5.157 0.00 0.00 0.971 -0.016
16.05 15.673 -0.076 -5.081 -5.157 4.56 0.00 -5.157 0.00 0.00 0.963 -0.021
16.15 15.532 -0.224 -4.933 -5.157 3.73 0.00 -5.157 0.00 0.00 0.955 -0.026
16.25 15.388 -0.399 -4.758 -5.157 3.06 0.00 -5.157 0.00 0.00 0.949 -0.031
16.35 15.241 -0.598 -4.558 -5.157 2.50 0.00 -5.157 0.00 0.00 0.943 -0.035
16.45 15.095 -0.820 -4.337 -5.157 2.05 0.00 -5.157 0.00 0.00 0.938 -0.039
16.55 14.949 -1.060 -4.097 -5.157 1.68 0.00 -5.157 0.00 0.00 0.934 -0.042
16.65 14.805 -1.317 -3.839 -5.157 1.41 0.00 -5.157 0.26 0.00 0.930 -0.045
16.75 14.666 -1.589 -3.568 -5.157 1.29 0.00 -5.157 0.95 0.00 0.928 -0.047
16.85 14.533 -1.872 -3.285 -5.157 1.38 0.00 -5.157 2.06 0.00 0.926 -0.049
16.95 14.408 -2.162 -2.995 -5.157 1.70 0.00 -5.157 3.51 0.00 0.925 -0.051
17.05 14.296 -2.455 -2.702 -5.157 2.23 0.00 -5.157 5.01 0.00 0.925 -0.051
17.15 14.197 -2.746 -2.411 -5.157 2.94 0.00 -5.157 6.51 0.00 0.927 -0.051
17.25 14.113 -3.029 -2.127 -5.157 3.80 0.00 -5.157 8.01 0.00 0.930 -0.049
17.35 14.045 -3.299 -1.858 -5.157 4.77 0.00 -5.157 9.51 0.00 0.935 -0.047
17.45 13.995 -3.550 -1.607 -5.157 5.83 0.00 -5.157 11.01 0.00 0.940 -0.044
17.55 13.962 -3.776 -1.381 -5.157 6.98 0.00 -5.157 12.51 0.00 0.947 -0.040
17.65 13.947 -3.973 -1.183 -5.157 8.19 0.00 -5.157 14.01 0.00 0.955 -0.035
17.75 13.949 -4.138 -1.018 -5.157 9.45 0.00 -5.157 15.51 0.00 0.963 -0.029
17.85 13.969 -4.267 -0.889 -5.157 10.75 0.00 -5.157 17.01 0.00 0.973 -0.023
17.95 14.006 -4.358 -0.798 -5.157 12.10 0.00 -5.157 18.51 0.00 0.982 -0.016
18.05 14.060 -4.410 -0.747 -5.157 13.46 0.00 -5.157 20.01 0.00 0.992 -0.009
18.15 14.129 -4.420 -0.736 -5.157 14.86 0.00 -5.157 21.51 0.00 1.002 -0.002
18.25 14.214 -4.391 -0.766 -5.157 16.27 0.00 -5.157 23.01 0.00 1.013 0.005
18.35 14.313 -4.321 -0.836 -5.157 17.70 0.00 -5.157 24.51 0.00 1.023 0.012
18.45 14.427 -4.213 -0.944 -5.157 19.14 0.00 -5.157 26.01 0.00 1.033 0.019
18.55 14.555 -4.068 -1.089 -5.157 20.59 0.00 -5.157 27.51 0.00 1.042 0.025
18.65 14.695 -3.888 -1.268 -5.157 22.02 0.00 -5.157 28.74 0.00 1.051 0.031
18.75 14.846 -3.677 -1.480 -5.157 23.35 0.00 -5.157 29.54 0.00 1.060 0.037
18.85 15.007 -3.436 -1.720 -5.157 24.53 0.00 -5.157 29.88 0.00 1.068 0.042
18.95 15.173 -3.171 -1.985 -5.157 25.29 0.00 -5.157 28.38 0.00 1.075 0.046
19.05 15.339 -2.887 -2.269 -5.157 25.65 0.00 -5.157 26.88 0.00 1.080 0.050
19.15 15.499 -2.591 -2.566 -5.157 25.66 0.00 -5.157 25.38 0.00 1.083 0.052
19.25 15.651 -2.288 -2.868 -5.157 25.40 0.00 -5.157 23.88 0.00 1.084 0.053
19.35 15.791 -1.987 -3.169 -5.157 24.92 0.00 -5.157 22.38 0.00 1.084 0.053
19.45 15.917 -1.693 -3.463 -5.157 24.25 0.00 -5.157 20.88 0.00 1.082 0.051
19.55 16.028 -1.412 -3.745 -5.157 23.44 0.00 -5.157 19.38 0.00 1.078 0.049
19.65 16.122 -1.147 -4.010 -5.157 22.49 0.00 -5.157 17.88 0.00 1.073 0.046
19.75 16.199 -0.902 -4.255 -5.157 21.45 0.00 -5.157 16.38 0.00 1.067 0.043
19.85 16.258 -0.679 -4.477 -5.157 20.33 0.00 -5.157 14.88 0.00 1.061 0.039
19.95 16.299 -0.482 -4.675 -5.157 19.13 0.00 -5.157 13.38 0.00 1.054 0.034
