t V gam alpha th Tc Tr thsp Tcc Trc lf gd
0.05 13.416 -2.216 -2.169 -4.385 14.63 1.13 -1.250 13.95 4.00 0.847 -0.150
0.15 13.478 -2.617 -1.224 -3.841 14.30 5.61 -1.423 12.45 12.00 0.958 -0.071
0.25 13.533 -2.623 -0.802 -3.425 13.76 8.93 -1.585 10.95 12.05 1.029 0.001
0.35 13.576 -2.442 -0.669 -3.110 13.04 10.03 -1.718 9.45 11.02 1.055 0.033
0.45 13.604 -2.196 -0.675 -2.871 12.19 10.31 -1.813 7.95 10.53 1.062 0.043
0.55 13.617 -1.942 -0.746 -2.687 11.21 10.32 -1.866 6.45 10.29 1.060 0.045
0.65 13.612 -1.704 -0.837 -2.540 10.14 10.26 -1.877 4.95 10.18 1.055 0.042
0.75 13.591 -1.493 -0.923 -2.416 8.99 10.21 -1.843 3.45 10.15 1.047 0.037
0.85 13.554 -1.315 -0.987 -2.302 7.78 10.19 -1.766 1.95 10.17 1.039 0.031
0.95 13.499 -1.171 -1.017 -2.188 6.52 10.20 -1.643 0.45 10.22 1.030 0.025
1.05 13.429 -1.061 -1.005 -2.066 5.34 10.24 -1.474 0.00 10.30 1.022 0.019
1.15 13.345 -0.983 -0.947 -1.930 4.37 10.30 -1.261 0.00 10.39 1.015 0.014
1.25 13.250 -0.934 -0.841 -1.775 3.58 10.39 -1.012 0.00 10.50 1.008 0.008
1.35 13.148 -0.910 -0.688 -1.598 2.93 10.48 -0.731 0.00 10.60 1.003 0.004
1.45 13.039 -0.908 -0.491 -1.399 2.40 10.58 -0.424 0.00 10.70 0.998 0.000
1.55 12.925 -0.923 -0.253 -1.176 1.96 10.68 -0.092 0.00 10.80 0.995 -0.003
1.65 12.808 -0.949 -0.014 -0.963 1.61 11.08 0.000 0.00 11.78 0.994 -0.005
1.75 12.688 -0.970 0.182 -0.788 1.32 11.90 0.000 0.00 13.01 0.996 -0.004
1.85 12.566 -0.979 0.334 -0.646 1.08 12.90 0.000 0.00 14.21 0.999 -0.002
1.95 12.444 -0.977 0.449 -0.529 0.88 14.00 0.000 0.00 15.41 1.001 0.000
2.05 12.321 -0.966 0.534 -0.433 0.72 15.14 0.000 0.00 16.60 1.003 0.002
2.15 12.199 -0.949 0.595 -0.354 0.59 16.31 0.000 0.00 17.79 1.004 0.003
2.25 12.077 -0.928 0.638 -0.290 0.48 17.49 0.000 0.00 18.97 1.005 0.004
2.35 11.955 -0.904 0.666 -0.237 0.40 18.66 0.000 0.00 20.14 1.005 0.004
2.45 11.835 -0.879 0.684 -0.194 0.32 19.83 0.000 0.00 21.30 1.005 0.004
2.55 11.716 -0.854 0.694 -0.159 0.27 20.98 0.000 0.00 22.43 1.005 0.004
2.65 11.598 -0.829 0.698 -0.130 0.22 22.12 0.000 0.00 23.55 1.005 0.004
2.75 11.482 -0.804 0.697 -0.107 0.18 23.23 0.000 0.00 24.64 1.005 0.004
2.85 11.367 -0.781 0.693 -0.087 0.15 24.33 0.000 0.00 25.71 1.004 0.004
2.95 11.254 -0.759 0.687 -0.072 0.12 25.40 0.000 0.00 26.75 1.004 0.004
3.05 11.143 -0.737 0.679 -0.059 0.10 26.45 0.000 0.00 27.77 1.004 0.004
3.15 11.033 -0.718 0.670 -0.048 0.08 27.48 0.000 0.00 28.77 1.004 0.003
3.25 10.925 -0.699 0.660 -0.039 0.07 28.48 0.000 0.00 29.74 1.003 0.003
3.35 10.819 -0.681 0.649 -0.032 0.05 29.46 0.000 0.00 30.69 1.003 0.003
3.45 10.715 -0.665 0.639 -0.026 0.04 30.41 0.000 0.00 31.61 1.003 0.003
3.55 10.612 -0.649 0.628 -0.022 0.04 31.34 0.000 0.00 32.51 1.003 0.003
3.65 10.511 -0.635 0.617 -0.018 0.03 32.24 0.000 0.00 33.38 1.002 0.002
3.75 10.412 -0.621 0.607 -0.014 0.02 33.13 0.000 0.00 34.23 1.002 0.002
3.85 10.314 -0.608 0.596 -0.012 0.02 33.98 0.000 0.00 35.06 1.002 0.002
3.95 10.218 -0.596 0.586 -0.010 0.02 34.82 0.000 0.00 35.87 1.002 0.002
4.05 10.124 -0.584 0.576 -0.008 0.01 35.63 0.000 0.00 36.66 1.002 0.002
4.15 10.032 -0.573 0.567 -0.006 0.01 36.43 0.000 0.00 37.42 1.002 0.002
4.25 9.941 -0.563 0.557 -0.005 0.01 37.20 0.000 0.00 38.17 1.002 0.002
4.35 9.851 -0.553 0.548 -0.004 0.01 37.95 0.000 0.00 38.89 1.002 0.002
4.45 9.763 -0.543 0.539 -0.004 0.01 38.68 0.000 0.00 39.60 1.002 0.002
4.55 9.677 -0.534 0.531 -0.003 0.00 39.40 0.000 0.00 40.29 1.001 0.001
4.65 9.592 -0.525 0.523 -0.002 0.00 40.09 0.000 0.00 40.96 1.001 0.001
4.75 9.508 -0.516 0.514 -0.002 0.00 40.77 0.000 0.00 41.62 1.001 0.001
4.85 9.426 -0.508 0.507 -0.002 0.00 41.43 0.000 0.00 42.26 1.001 0.001
4.95 9.345 -0.500 0.499 -0.001 0.00 42.07 0.000 0.00 42.88 1.001 0.001
5.05 9.266 -0.493 0.492 -0.001 0.00 42.70 0.000 0.00 43.49 1.001 0.001
5.15 9.188 -0.485 0.484 -0.001 0.00 43.31 0.000 0.00 44.08 1.001 0.001
5.25 9.111 -0.478 0.477 -0.001 0.00 43.91 0.000 0.00 44.66 1.001 0.001
5.35 9.035 -0.471 0.470 -0.001 0.00 44.49 0.000 0.00 45.22 1.001 0.001
5.45 8.960 -0.464 0.464 -0.000 0.00 45.06 0.000 0.00 45.77 1.001 0.001
5.55 8.887 -0.458 0.457 -0.000 0.00 45.61 0.000 0.00 46.30 1.001 0.001
5.65 8.815 -0.451 0.451 -0.000 0.00 46.15 0.000 0.00 46.83 1.001 0.001
5.75 8.744 -0.445 0.444 -0.000 0.00 46.68 0.000 0.00 47.34 1.001 0.001
5.85 8.674 -0.438 0.438 -0.000 0.00 47.19 0.000 0.00 47.84 1.001 0.001
5.95 8.605 -0.432 0.432 -0.000 0.00 47.69 0.000 0.00 48.32 1.001 0.001
6.05 8.537 -0.426 0.426 -0.000 0.00 48.18 0.000 0.00 48.80 1.001 0.001
6.15 8.471 -0.421 0.421 -0.000 0.00 48.66 0.000 0.00 49.26 1.001 0.001
6.25 8.405 -0.415 0.415 -0.000 0.00 49.13 0.000 0.00 49.72 1.001 0.001
6.35 8.340 -0.409 0.409 -0.000 0.00 49.59 0.000 0.00 50.16 1.001 0.001
6.45 8.276 -0.404 0.404 -0.000 0.00 50.03 0.000 0.00 50.60 1.001 0.001
6.55 8.214 -0.399 0.398 -0.000 0.00 50.47 0.000 0.00 51.02 1.001 0.001
6.65 8.152 -0.393 0.393 -0.000 0.00 50.90 0.000 0.00 51.43 1.001 0.001
6.75 8.091 -0.388 0.388 -0.000 0.00 51.32 0.000 0.00 51.84 1.001 0.001
6.85 8.031 -0.383 0.383 -0.000 0.00 51.72 0.000 0.00 52.24 1.001 0.001
6.95 7.971 -0.378 0.378 -0.000 0.00 52.12 0.000 0.00 52.62 1.001 0.001
7.05 7.913 -0.373 0.373 -0.000 0.00 52.51 0.000 0.00 53.00 1.001 0.001
7.15 7.855 -0.368 0.368 -0.000 0.00 52.89 0.000 0.00 53.37 1.001 0.001
7.25 7.799 -0.363 0.363 -0.000 0.00 53.27 0.000 0.00 53.74 1.001 0.001
7.35 7.743 -0.359 0.359 -0.000 0.00 53.63 0.000 0.00 54.09 1.001 0.001
7.45 7.688 -0.354 0.354 -0.000 0.00 53.99 0.000 0.00 54.44 1.001 0.001
7.55 7.633 -0.350 0.350 -0.000 0.00 54.34 0.000 0.00 54.78 1.001 0.001
7.65 7.580 -0.345 0.345 -0.000 0.00 54.68 0.000 0.00 55.11 1.001 0.001
7.75 7.527 -0.341 0.341 -0.000 0.00 55.02 0.000 0.00 55.44 1.001 0.001
7.85 7.474 -0.337 0.337 -0.000 0.00 55.35 0.000 0.00 55.76 1.001 0.001
7.95 7.423 -0.332 0.332 -0.000 0.00 55.67 0.000 0.00 56.07 1.001 0.001
8.05 7.372 -0.328 0.328 -0.000 0.00 55.98 0.000 0.00 56.38 1.000 0.001
8.15 7.322 -0.324 0.324 -0.000 0.00 56.29 0.000 0.00 56.68 1.000 0.001
8.25 7.273 -0.320 0.320 -0.000 0.00 56.60 0.000 0.00 56.98 1.000 0.001
8.35 7.224 -0.316 0.316 -0.000 0.00 56.89 0.000 0.00 57.27 1.000 0.001
8.45 7.176 -0.312 0.312 -0.000 0.00 57.18 0.000 0.00 57.55 1.000 0.001
8.55 7.128 -0.308 0.308 -0.000 0.00 57.47 0.000 0.00 57.83 1.000 0.001
8.65 7.081 -0.304 0.304 -0.000 0.00 57.75 0.000 0.00 58.10 1.000 0.001
8.75 7.035 -0.301 0.301 -0.000 0.00 58.02 0.000 0.00 58.36 1.000 0.001
8.85 6.989 -0.297 0.297 -0.000 0.00 58.29 0.000 0.00 58.63 1.000 0.001
8.95 6.944 -0.293 0.293 -0.000 0.00 58.55 0.000 0.00 58.88 1.000 0.001
9.05 6.899 -0.290 0.290 -0.000 0.00 58.81 0.000 0.00 59.14 1.000 0.001
9.15 6.855 -0.286 0.286 -0.000 0.00 59.06 0.000 0.00 59.38 1.000 0.001
9.25 6.812 -0.283 0.283 -0.000 0.00 59.31 0.000 0.00 59.62 1.000 0.001
9.35 6.769 -0.279 0.279 -0.000 0.00 59.56 0.000 0.00 59.86 1.000 0.001
9.45 6.727 -0.276 0.276 -0.000 0.00 59.79 0.000 0.00 60.10 1.000 0.001
9.55 6.685 -0.272 0.272 -0.000 0.00 60.03 0.000 0.00 60.32 1.000 0.001
9.65 6.643 -0.269 0.269 -0.000 0.00 60.26 0.000 0.00 60.55 1.000 0.001
9.75 6.602 -0.266 0.266 -0.000 0.00 60.49 0.000 0.00 60.77 1.000 0.001
9.85 6.562 -0.263 0.263 -0.000 0.00 60.71 0.000 0.00 60.99 1.000 0.001
9.95 6.522 -0.260 0.260 -0.000 0.00 60.93 0.000 0.00 61.20 1.000 0.000
10.05 6.483 -0.256 0.256 -0.000 0.00 61.14 0.000 0.00 61.41 1.000 0.000
10.15 6.444 -0.253 0.253 -0.000 0.00 61.35 0.000 0.00 61.61 1.000 0.000
10.25 6.405 -0.250 0.250 -0.000 0.00 61.56 0.000 0.00 61.82 1.000 0.000
10.35 6.367 -0.247 0.247 -0.000 0.00 61.76 0.000 0.00 62.01 1.000 0.000
10.45 6.330 -0.245 0.245 -0.000 0.00 61.96 0.000 0.00 62.21 1.000 0.000
10.55 6.292 -0.242 0.242 -0.000 0.00 62.15 0.000 0.00 62.40 1.000 0.000
10.65 6.256 -0.239 0.239 -0.000 0.00 62.34 0.000 0.00 62.59 1.000 0.000
10.75 6.219 -0.236 0.236 -0.000 0.00 62.53 0.000 0.00 62.77 1.000 0.000
10.85 6.184 -0.233 0.233 -0.000 0.00 62.72 0.000 0.00 62.95 1.000 0.000
10.95 6.148 -0.230 0.230 -0.000 0.00 62.90 0.000 0.00 63.13 1.000 0.000
11.05 6.113 -0.228 0.228 -0.000 0.01 63.08 0.000 0.06 63.31 1.000 0.000
11.15 6.078 -0.225 0.225 -0.000 0.03 63.26 0.000 0.13 63.48 1.000 0.000
11.25 6.045 -0.222 0.222 -0.000 0.05 63.43 0.000 0.20 63.64 1.000 0.000
11.35 6.012 -0.219 0.219 -0.000 0.09 63.60 0.000 0.27 63.81 1.000 0.000
11.45 5.979 -0.216 0.216 -0.000 0.13 63.76 0.000 0.34 63.96 1.000 0.000
11.55 5.948 -0.213 0.213 -0.000 0.18 63.92 0.000 0.41 64.11 1.000 0.001
11.65 5.918 -0.209 0.209 -0.000 0.23 64.07 0.000 0.48 64.26 1.000 0.001
11.75 5.888 -0.206 0.206 -0.000 0.28 64.22 0.000 0.55 64.40 1.000 0.001
11.85 5.860 -0.202 0.202 -0.000 0.34 64.36 0.000 0.62 64.54 1.000 0.001
11.95 5.833 -0.197 0.197 -0.000 0.40 64.49 0.000 0.69 64.66 1.000 0.001
12.05 5.806 -0.193 0.193 -0.000 0.46 64.62 0.000 0.76 64.79 1.000 0.001
12.15 5.781 -0.188 0.188 -0.000 0.53 64.75 0.000 0.83 64.91 1.000 0.001
12.25 5.757 -0.184 0.184 -0.000 0.59 64.87 0.000 0.90 65.02 1.000 0.001
12.35 5.734 -0.179 0.179 -0.000 0.66 64.98 0.000 0.97 65.12 1.000 0.001
12.45 5.712 -0.174 0.174 -0.000 0.72 65.09 0.000 1.04 65.23 1.001 0.001
12.55 5.691 -0.168 0.168 -0.000 0.79 65.19 0.000 1.11 65.32 1.001 0.001
12.65 5.671 -0.163 0.163 -0.000 0.86 65.29 0.000 1.18 65.41 1.001 0.001
12.75 5.652 -0.158 0.158 -0.000 0.92 65.38 0.000 1.25 65.50 1.001 0.001
12.85 5.634 -0.152 0.152 -0.000 0.99 65.47 0.000 1.31 65.58 1.001 0.001
12.95 5.617 -0.147 0.147 -0.000 1.06 65.55 0.000 1.38 65.65 1.001 0.001
13.05 5.601 -0.141 0.141 -0.000 1.13 65.63 0.000 1.45 65.72 1.001 0.001
13.15 5.586 -0.136 0.136 -0.000 1.19 65.70 0.000 1.51 65.79 1.001 0.001
13.25 5.572 -0.130 0.130 -0.000 1.26 65.77 0.000 1.58 65.85 1.001 0.001
13.35 5.559 -0.124 0.124 -0.000 1.33 65.83 0.000 1.64 65.91 1.001 0.001
13.45 5.547 -0.119 0.119 -0.000 1.39 65.89 0.000 1.70 65.96 1.001 0.001
13.55 5.536 -0.113 0.113 -0.000 1.46 65.94 0.000 1.76 66.01 1.001 0.001
13.65 5.526 -0.108 0.108 -0.000 1.52 65.99 0.000 1.82 66.05 1.001 0.001
13.75 5.517 -0.102 0.102 -0.000 1.58 66.03 0.000 1.88 66.09 1.001 0.001
13.85 5.508 -0.097 0.097 -0.000 1.65 66.08 0.000 1.94 66.13 1.001 0.001
13.95 5.501 -0.091 0.091 -0.000 1.71 66.11 0.000 2.00 66.16 1.001 0.001
14.05 5.494 -0.086 0.086 -0.000 1.77 66.15 0.000 2.05 66.19 1.001 0.001
14.15 5.488 -0.081 0.081 -0.000 1.83 66.17 0.000 2.11 66.21 1.001 0.001
14.25 5.483 -0.076 0.076 -0.000 1.88 66.20 0.000 2.16 66.23 1.000 0.001
14.35 5.478 -0.071 0.071 -0.000 1.94 66.22 0.000 2.21 66.25 1.000 0.001
14.45 5.475 -0.066 0.066 -0.000 2.00 66.24 0.000 2.26 66.26 1.000 0.001
14.55 5.472 -0.061 0.061 -0.000 2.05 66.26 0.000 2.31 66.28 1.000 0.001
14.65 5.470 -0.056 0.056 -0.000 2.11 66.27 0.000 2.36 66.28 1.000 0.001
14.75 5.468 -0.051 0.051 -0.000 2.16 66.28 0.000 2.41 66.29 1.000 0.001
14.85 5.467 -0.047 0.047 -0.000 2.21 66.28 0.000 2.45 66.29 1.000 0.001
14.95 5.467 -0.042 0.042 -0.000 2.26 66.29 0.000 2.50 66.29 1.000 0.001
15.05 5.467 -0.038 0.038 -0.000 2.31 66.29 0.000 2.54 66.29 1.000 0.001
15.15 5.468 -0.033 0.033 -0.000 2.36 66.29 0.000 2.58 66.28 1.000 0.001
15.25 5.470 -0.029 0.029 -0.000 2.40 66.28 0.000 2.62 66.27 1.000 0.001
15.35 5.472 -0.025 0.025 -0.000 2.45 66.27 0.000 2.66 66.26 1.000 0.001
15.45 5.474 -0.021 0.021 -0.000 2.49 66.26 0.000 2.70 66.25 1.000 0.001
15.55 5.477 -0.017 0.017 -0.000 2.53 66.25 0.000 2.73 66.24 1.000 0.001
15.65 5.481 -0.014 0.014 -0.000 2.57 66.24 0.000 2.77 66.22 1.000 0.001
15.75 5.485 -0.010 0.010 -0.000 2.61 66.22 0.000 2.80 66.20 1.000 0.001
15.85 5.489 -0.007 0.007 -0.000 2.65 66.20 0.000 2.83 66.18 1.000 0.001
15.95 5.494 -0.003 0.003 -0.000 2.69 66.18 0.000 2.86 66.16 1.000 0.001
16.05 5.499 -0.000 0.000 -0.000 2.72 66.16 0.000 2.89 66.13 1.000 0.001
16.15 5.505 0.003 -0.003 -0.000 2.76 66.14 0.000 2.92 66.11 1.000 0.001
16.25 5.511 0.006 -0.006 -0.000 2.79 66.11 0.000 2.95 66.08 1.000 0.001
16.35 5.517 0.009 -0.009 -0.000 2.82 66.08 0.000 2.97 66.05 1.000 0.001
16.45 5.524 0.012 -0.012 -0.000 2.85 66.05 0.000 3.00 66.02 1.000 0.000
16.55 5.530 0.014 -0.014 -0.000 2.88 66.02 0.000 3.02 65.99 1.000 0.000
16.65 5.538 0.017 -0.017 -0.000 2.91 65.99 0.000 3.04 65.95 1.000 0.000
16.75 5.545 0.019 -0.019 -0.000 2.94 65.96 0.000 3.06 65.92 1.000 0.000
16.85 5.553 0.022 -0.022 -0.000 2.96 65.93 0.000 3.08 65.88 1.000 0.000
16.95 5.561 0.024 -0.024 -0.000 2.99 65.89 0.000 3.10 65.85 1.000 0.000
17.05 5.569 0.026 -0.026 -0.000 3.01 65.85 0.000 3.12 65.81 1.000 0.000
17.15 5.577 0.028 -0.028 -0.000 3.03 65.82 0.000 3.14 65.77 1.000 0.000
17.25 5.586 0.030 -0.030 -0.000 3.05 65.78 0.000 3.15 65.73 1.000 0.000
17.35 5.594 0.032 -0.032 -0.000 3.07 65.74 0.000 3.17 65.69 1.000 0.000
17.45 5.603 0.033 -0.033 -0.000 3.09 65.70 0.000 3.18 65.65 1.000 0.000
17.55 5.612 0.035 -0.035 -0.000 3.11 65.66 0.000 3.19 65.61 1.000 0.000
17.65 5.621 0.037 -0.037 -0.000 3.13 65.62 0.000 3.20 65.57 1.000 0.000
17.75 5.630 0.038 -0.038 -0.000 3.14 65.58 0.000 3.21 65.52 1.000 0.000
17.85 5.639 0.039 -0.039 -0.000 3.16 65.53 0.000 3.22 65.48 1.000 0.000
17.95 5.649 0.041 -0.041 -0.000 3.17 65.49 0.000 3.23 65.44 1.000 0.000
18.05 5.658 0.042 -0.042 -0.000 3.18 65.45 0.000 3.24 65.39 1.000 0.000
18.15 5.668 0.043 -0.043 -0.000 3.19 65.41 0.000 3.25 65.35 1.000 0.000
18.25 5.677 0.044 -0.044 -0.000 3.20 65.36 0.000 3.25 65.31 1.000 0.000
18.35 5.686 0.045 -0.045 -0.000 3.21 65.32 0.000 3.26 65.26 1.000 0.000
18.45 5.696 0.045 -0.045 -0.000 3.22 65.27 0.000 3.26 65.22 1.000 0.000
18.55 5.705 0.046 -0.046 -0.000 3.23 65.23 0.000 3.27 65.17 1.000 0.000
18.65 5.715 0.047 -0.047 -0.000 3.24 65.19 0.000 3.27 65.13 1.000 0.000
18.75 5.724 0.047 -0.047 -0.000 3.24 65.14 0.000 3.27 65.09 1.000 0.000
18.85 5.734 0.048 -0.048 -0.000 3.25 65.10 0.000 3.28 65.04 1.000 0.000
18.95 5.743 0.048 -0.048 -0.000 3.25 65.05 0.000 3.28 65.00 1.000 0.000
19.05 5.753 0.049 -0.049 -0.000 3.26 65.01 0.000 3.28 64.95 1.000 0.000
19.15 5.762 0.049 -0.049 -0.000 3.26 64.96 0.000 3.28 64.91 1.000 0.000
19.25 5.771 0.049 -0.049 -0.000 3.26 64.92 0.000 3.28 64.87 1.000 0.000
19.35 5.780 0.049 -0.049 -0.000 3.27 64.88 0.000 3.27 64.82 1.000 0.000
19.45 5.789 0.049 -0.049 -0.000 3.27 64.83 0.000 3.27 64.78 1.000 0.000
19.55 5.798 0.049 -0.049 -0.000 3.27 64.79 0.000 3.27 64.74 1.000 0.000
19.65 5.807 0.049 -0.049 -0.000 3.27 64.75 0.000 3.27 64.70 1.000 0.000
19.75 5.816 0.049 -0.049 -0.000 3.27 64.71 0.000 3.26 64.65 1.000 -0.000
19.85 5.825 0.049 -0.049 -0.000 3.27 64.67 0.000 3.26 64.61 1.000 -0.000
19.95 5.833 0.049 -0.049 -0.000 3.26 64.62 0.000 3.26 64.57 1.000 -0.000
