t V gam alpha th Tc Tr thsp Tcc Trc lf gd
0.05 6.000 0.000 -0.000 0.000 2.80 63.78 0.000 3.48 63.78 1.000 0.000
0.15 6.003 0.001 -0.001 0.000 3.13 63.78 0.000 4.98 63.78 1.000 0.000
0.25 6.011 0.003 -0.003 0.000 3.67 63.77 0.000 6.48 63.75 1.000 0.000
0.35 6.027 0.009 -0.009 0.000 4.39 63.73 0.000 7.98 63.66 1.001 0.001
0.45 6.053 0.019 -0.019 0.000 5.25 63.63 0.000 9.48 63.50 1.001 0.002
0.55 6.089 0.031 -0.031 0.000 6.22 63.48 0.000 10.98 63.27 1.001 0.002
0.65 6.138 0.044 -0.044 0.000 7.29 63.27 0.000 12.48 62.97 1.002 0.002
0.75 6.201 0.060 -0.060 0.000 8.44 62.98 0.000 13.98 62.61 1.002 0.003
0.85 6.277 0.077 -0.077 0.000 9.65 62.63 0.000 15.48 62.17 1.002 0.003
0.95 6.367 0.095 -0.095 0.000 10.91 62.21 0.000 16.98 61.64 1.002 0.003
1.05 6.473 0.116 -0.116 0.000 12.22 61.70 0.000 18.48 61.03 1.003 0.004
1.15 6.593 0.137 -0.137 0.000 13.56 61.10 0.000 19.98 60.32 1.003 0.004
1.25 6.729 0.160 -0.160 0.000 14.93 60.42 0.000 21.48 59.52 1.003 0.004
1.35 6.880 0.185 -0.185 0.000 16.33 59.63 0.000 22.98 58.61 1.003 0.004
1.45 7.046 0.210 -0.210 0.000 17.74 58.75 0.000 24.48 57.60 1.003 0.005
1.55 7.228 0.236 -0.236 0.000 19.17 57.76 0.000 25.98 56.48 1.004 0.005
1.65 7.425 0.264 -0.264 0.000 20.61 56.66 0.000 27.48 55.23 1.004 0.005
1.75 7.638 0.293 -0.293 0.000 22.06 55.44 0.000 28.98 53.87 1.004 0.005
1.85 7.865 0.322 -0.322 0.000 23.50 54.10 0.000 30.26 52.37 1.005 0.006
1.95 8.105 0.353 -0.353 0.000 24.73 52.64 0.000 30.26 50.74 1.005 0.006
2.05 8.355 0.383 -0.383 0.000 25.73 51.04 0.000 30.26 48.99 1.005 0.006
2.15 8.612 0.411 -0.411 0.000 26.55 49.33 0.000 30.26 47.13 1.004 0.005
2.25 8.874 0.436 -0.436 0.000 27.22 47.52 0.000 30.26 45.20 1.004 0.005
2.35 9.139 0.457 -0.457 0.000 27.77 45.62 0.000 30.26 43.20 1.004 0.004
2.45 9.406 0.475 -0.475 0.000 28.22 43.66 0.000 30.26 41.15 1.003 0.003
2.55 9.673 0.489 -0.489 0.000 28.59 41.63 0.000 30.26 39.04 1.003 0.003
2.65 9.938 0.501 -0.501 0.000 28.89 39.54 0.000 30.26 36.89 1.002 0.002
2.75 10.202 0.509 -0.509 0.000 29.14 37.41 0.000 30.26 34.70 1.002 0.002
2.85 10.464 0.515 -0.515 0.000 29.34 35.23 0.000 30.26 32.47 1.001 0.001
2.95 10.722 0.517 -0.517 0.000 29.51 33.02 0.000 30.26 30.22 1.001 0.001
3.05 10.977 0.517 -0.517 0.000 29.64 30.78 0.000 30.26 27.94 1.000 0.000
3.15 11.228 0.515 -0.515 0.000 29.75 28.52 0.000 30.26 25.65 1.000 -0.000
3.25 11.475 0.510 -0.510 0.000 29.85 26.23 0.000 30.26 23.34 0.999 -0.001
3.35 11.718 0.503 -0.503 0.000 29.92 23.93 0.000 30.26 21.03 0.999 -0.001
3.45 11.956 0.494 -0.494 0.000 29.98 21.63 0.000 30.26 18.71 0.998 -0.001
3.55 12.190 0.452 -0.833 -0.381 30.03 18.51 -4.000 30.26 13.55 0.972 -0.002
3.65 12.426 0.167 -1.414 -1.246 30.07 13.02 -5.157 30.26 5.55 0.905 -0.049
3.75 12.666 -0.397 -1.559 -1.955 30.11 7.00 -5.157 30.26 0.00 0.851 -0.099
3.85 12.909 -1.083 -1.453 -2.536 30.13 3.59 -5.157 30.26 0.00 0.843 -0.121
3.95 13.158 -1.728 -1.283 -3.011 30.15 1.84 -5.157 30.26 0.00 0.861 -0.113
4.05 13.409 -2.259 -1.141 -3.400 30.17 0.95 -5.157 30.26 0.00 0.889 -0.093
4.15 13.662 -2.652 -1.067 -3.718 30.19 0.49 -5.157 30.26 0.00 0.921 -0.069
4.25 13.914 -2.907 -1.072 -3.979 30.20 0.25 -5.157 30.26 0.00 0.953 -0.045
4.35 14.163 -3.039 -1.154 -4.192 30.21 0.13 -5.157 30.26 0.00 0.981 -0.023
4.45 14.408 -3.063 -1.304 -4.367 30.22 0.07 -5.157 30.26 0.00 1.006 -0.004
4.55 14.647 -2.998 -1.512 -4.510 30.23 0.03 -5.157 30.26 0.00 1.027 0.011
4.65 14.880 -2.861 -1.766 -4.627 30.23 0.02 -5.157 30.26 0.00 1.044 0.024
4.75 15.106 -2.669 -2.054 -4.723 30.24 0.01 -5.157 30.26 0.00 1.058 0.034
4.85 15.323 -2.435 -2.367 -4.802 30.03 0.00 -5.157 28.76 0.00 1.069 0.041
4.95 15.529 -2.171 -2.696 -4.866 29.59 0.00 -5.157 27.26 0.00 1.076 0.046
5.05 15.720 -1.889 -3.030 -4.919 28.96 0.00 -5.157 25.76 0.00 1.081 0.049
5.15 15.895 -1.598 -3.364 -4.962 28.17 0.00 -5.157 24.26 0.00 1.082 0.051
5.25 16.051 -1.308 -3.689 -4.997 27.26 0.00 -5.157 22.76 0.00 1.082 0.051
5.35 16.189 -1.026 -4.000 -5.026 26.23 0.00 -5.157 21.26 0.00 1.080 0.049
5.45 16.308 -0.756 -4.294 -5.050 25.12 0.00 -5.157 19.76 0.00 1.076 0.047
5.55 16.406 -0.504 -4.565 -5.069 23.94 0.00 -5.157 18.26 0.00 1.071 0.044
5.65 16.485 -0.273 -4.812 -5.085 22.71 0.00 -5.157 16.76 0.00 1.065 0.040
5.75 16.544 -0.065 -5.033 -5.098 21.42 0.00 -5.157 15.26 0.00 1.058 0.036
5.85 16.584 0.119 -5.227 -5.109 20.09 0.00 -5.157 13.76 0.00 1.050 0.032
5.95 16.604 0.276 -5.393 -5.117 18.74 0.00 -5.157 12.26 0.00 1.042 0.027
6.05 16.606 0.405 -5.530 -5.124 17.36 0.00 -5.157 10.76 0.00 1.034 0.023
6.15 16.589 0.508 -5.638 -5.130 15.95 0.00 -5.157 9.26 0.00 1.026 0.018
6.25 16.554 0.583 -5.718 -5.135 14.53 0.00 -5.157 7.76 0.00 1.018 0.013
6.35 16.502 0.630 -5.769 -5.139 13.10 0.00 -5.157 6.26 0.00 1.010 0.008
6.45 16.433 0.649 -5.791 -5.142 11.65 0.00 -5.157 4.76 0.00 1.001 0.003
6.55 16.349 0.640 -5.784 -5.145 10.19 0.00 -5.157 3.26 0.00 0.993 -0.002
6.65 16.248 0.603 -5.749 -5.147 8.73 0.00 -5.157 1.76 0.00 0.985 -0.006
6.75 16.133 0.537 -5.686 -5.149 7.26 0.00 -5.157 0.26 0.00 0.977 -0.011
6.85 16.004 0.443 -5.594 -5.150 5.94 0.00 -5.157 0.00 0.00 0.969 -0.016
6.95 15.865 0.321 -5.472 -5.151 4.86 0.00 -5.157 0.00 0.00 0.961 -0.021
7.05 15.719 0.170 -5.322 -5.152 3.98 0.00 -5.157 0.00 0.00 0.954 -0.026
7.15 15.568 -0.008 -5.145 -5.153 3.26 0.00 -5.157 0.00 0.00 0.947 -0.031
7.25 15.415 -0.210 -4.944 -5.154 2.67 0.00 -5.157 0.00 0.00 0.941 -0.035
7.35 15.262 -0.434 -4.720 -5.154 2.19 0.00 -5.157 0.00 0.00 0.936 -0.039
7.45 15.110 -0.678 -4.476 -5.155 1.79 0.00 -5.157 0.00 0.00 0.932 -0.043
7.55 14.959 -0.939 -4.216 -5.155 1.47 0.00 -5.157 0.00 0.00 0.928 -0.046
7.65 14.812 -1.215 -3.940 -5.155 1.23 0.00 -5.157 0.23 0.00 0.926 -0.048
7.75 14.669 -1.503 -3.653 -5.156 1.14 0.00 -5.157 0.91 0.00 0.923 -0.050
7.85 14.533 -1.800 -3.356 -5.156 1.24 0.00 -5.157 2.00 0.00 0.922 -0.052
7.95 14.407 -2.104 -3.052 -5.156 1.58 0.00 -5.157 3.45 0.00 0.922 -0.053
8.05 14.292 -2.409 -2.748 -5.156 2.12 0.00 -5.157 4.95 0.00 0.923 -0.053
8.15 14.191 -2.710 -2.446 -5.156 2.84 0.00 -5.157 6.45 0.00 0.925 -0.053
8.25 14.106 -3.003 -2.154 -5.156 3.71 0.00 -5.157 7.95 0.00 0.928 -0.051
8.35 14.037 -3.281 -1.876 -5.156 4.68 0.00 -5.157 9.45 0.00 0.933 -0.049
8.45 13.986 -3.539 -1.618 -5.156 5.75 0.00 -5.157 10.95 0.00 0.939 -0.045
8.55 13.953 -3.772 -1.385 -5.156 6.90 0.00 -5.157 12.45 0.00 0.946 -0.041
8.65 13.937 -3.975 -1.182 -5.156 8.12 0.00 -5.157 13.95 0.00 0.953 -0.036
8.75 13.939 -4.145 -1.012 -5.156 9.38 0.00 -5.157 15.45 0.00 0.962 -0.030
8.85 13.958 -4.278 -0.878 -5.157 10.69 0.00 -5.157 16.95 0.00 0.972 -0.023
8.95 13.995 -4.373 -0.784 -5.157 12.03 0.00 -5.157 18.45 0.00 0.981 -0.017
9.05 14.048 -4.427 -0.729 -5.157 13.40 0.00 -5.157 19.95 0.00 0.991 -0.009
9.15 14.117 -4.441 -0.716 -5.157 14.80 0.00 -5.157 21.45 0.00 1.002 -0.002
9.25 14.201 -4.413 -0.743 -5.157 16.21 0.00 -5.157 22.95 0.00 1.012 0.005
9.35 14.301 -4.345 -0.811 -5.157 17.64 0.00 -5.157 24.45 0.00 1.022 0.012
9.45 14.415 -4.239 -0.918 -5.157 19.08 0.00 -5.157 25.95 0.00 1.032 0.019
9.55 14.542 -4.095 -1.062 -5.157 20.54 0.00 -5.157 27.45 0.00 1.042 0.025
9.65 14.682 -3.916 -1.241 -5.157 21.97 0.00 -5.157 28.72 0.00 1.051 0.031
9.75 14.834 -3.704 -1.452 -5.157 23.32 0.00 -5.157 29.57 0.00 1.060 0.037
9.85 14.995 -3.464 -1.692 -5.157 24.51 0.00 -5.157 29.95 0.00 1.068 0.042
9.95 15.162 -3.199 -1.958 -5.157 25.42 0.00 -5.157 29.20 0.00 1.075 0.046
10.05 15.331 -2.914 -2.243 -5.157 25.90 0.00 -5.157 27.70 0.00 1.080 0.050
10.15 15.496 -2.615 -2.542 -5.157 26.02 0.00 -5.157 26.20 0.00 1.084 0.052
10.25 15.653 -2.309 -2.848 -5.157 25.85 0.00 -5.157 24.70 0.00 1.086 0.053
10.35 15.799 -2.002 -3.154 -5.157 25.43 0.00 -5.157 23.20 0.00 1.086 0.054
10.45 15.931 -1.702 -3.455 -5.157 24.82 0.00 -5.157 21.70 0.00 1.084 0.052
10.55 16.049 -1.413 -3.744 -5.157 24.05 0.00 -5.157 20.20 0.00 1.081 0.051
10.65 16.150 -1.139 -4.018 -5.157 23.14 0.00 -5.157 18.70 0.00 1.076 0.048
10.75 16.234 -0.885 -4.272 -5.157 22.13 0.00 -5.157 17.20 0.00 1.070 0.044
10.85 16.301 -0.652 -4.504 -5.157 21.03 0.00 -5.157 15.70 0.00 1.064 0.041
10.95 16.349 -0.444 -4.712 -5.157 19.86 0.00 -5.157 14.20 0.00 1.057 0.036
11.05 16.379 -0.262 -4.894 -5.157 18.63 0.00 -5.157 12.70 0.00 1.049 0.032
11.15 16.392 -0.107 -5.049 -5.157 17.34 0.00 -5.157 11.20 0.00 1.041 0.027
11.25 16.386 0.020 -5.177 -5.157 16.02 0.00 -5.157 9.70 0.00 1.033 0.022
11.35 16.363 0.119 -5.276 -5.157 14.67 0.00 -5.157 8.20 0.00 1.025 0.017
11.45 16.323 0.190 -5.347 -5.157 13.29 0.00 -5.157 6.70 0.00 1.016 0.012
11.55 16.266 0.232 -5.389 -5.157 11.89 0.00 -5.157 5.20 0.00 1.008 0.007
11.65 16.193 0.245 -5.402 -5.157 10.47 0.00 -5.157 3.70 0.00 1.000 0.002
11.75 16.105 0.230 -5.386 -5.157 9.04 0.00 -5.157 2.20 0.00 0.991 -0.003
11.85 16.001 0.185 -5.342 -5.157 7.59 0.00 -5.157 0.70 0.00 0.983 -0.008
11.95 15.883 0.111 -5.268 -5.157 6.21 0.00 -5.157 0.00 0.00 0.975 -0.013
12.05 15.753 0.007 -5.164 -5.157 5.09 0.00 -5.157 0.00 0.00 0.967 -0.018
12.15 15.616 -0.126 -5.031 -5.157 4.17 0.00 -5.157 0.00 0.00 0.959 -0.023
12.25 15.473 -0.287 -4.870 -5.157 3.41 0.00 -5.157 0.00 0.00 0.952 -0.028
12.35 15.327 -0.473 -4.683 -5.157 2.79 0.00 -5.157 0.00 0.00 0.946 -0.033
12.45 15.180 -0.683 -4.474 -5.157 2.29 0.00 -5.157 0.00 0.00 0.940 -0.037
12.55 15.033 -0.914 -4.243 -5.157 1.87 0.00 -5.157 0.00 0.00 0.936 -0.040
12.65 14.888 -1.163 -3.994 -5.157 1.54 0.00 -5.157 0.06 0.00 0.932 -0.043
12.75 14.746 -1.427 -3.730 -5.157 1.33 0.00 -5.157 0.50 0.00 0.929 -0.046
12.85 14.609 -1.704 -3.453 -5.157 1.29 0.00 -5.157 1.37 0.00 0.927 -0.048
12.95 14.479 -1.991 -3.166 -5.157 1.48 0.00 -5.157 2.64 0.00 0.925 -0.050
13.05 14.359 -2.284 -2.873 -5.157 1.90 0.00 -5.157 4.14 0.00 0.925 -0.051
13.15 14.252 -2.577 -2.580 -5.157 2.51 0.00 -5.157 5.64 0.00 0.926 -0.051
13.25 14.159 -2.866 -2.291 -5.157 3.29 0.00 -5.157 7.14 0.00 0.928 -0.050
13.35 14.082 -3.144 -2.012 -5.157 4.19 0.00 -5.157 8.64 0.00 0.932 -0.049
13.45 14.022 -3.407 -1.750 -5.157 5.21 0.00 -5.157 10.14 0.00 0.937 -0.046
13.55 13.979 -3.648 -1.508 -5.157 6.31 0.00 -5.157 11.64 0.00 0.943 -0.042
13.65 13.953 -3.863 -1.294 -5.157 7.48 0.00 -5.157 13.14 0.00 0.950 -0.038
13.75 13.946 -4.047 -1.109 -5.157 8.72 0.00 -5.157 14.64 0.00 0.958 -0.032
13.85 13.956 -4.198 -0.959 -5.157 10.00 0.00 -5.157 16.14 0.00 0.967 -0.026
13.95 13.983 -4.311 -0.846 -5.157 11.32 0.00 -5.157 17.64 0.00 0.977 -0.020
14.05 14.027 -4.385 -0.771 -5.157 12.67 0.00 -5.157 19.14 0.00 0.986 -0.013
14.15 14.087 -4.419 -0.737 -5.157 14.05 0.00 -5.157 20.64 0.00 0.996 -0.006
14.25 14.163 -4.413 -0.744 -5.157 15.45 0.00 -5.157 22.14 0.00 1.007 0.001
14.35 14.254 -4.366 -0.790 -5.157 16.87 0.00 -5.157 23.64 0.00 1.017 0.008
14.45 14.360 -4.280 -0.876 -5.157 18.31 0.00 -5.157 25.14 0.00 1.027 0.015
14.55 14.479 -4.156 -1.000 -5.157 19.75 0.00 -5.157 26.64 0.00 1.037 0.022
14.65 14.612 -3.996 -1.160 -5.157 21.20 0.00 -5.157 28.08 0.00 1.046 0.028
14.75 14.758 -3.803 -1.354 -5.157 22.60 0.00 -5.157 29.13 0.00 1.055 0.034
14.85 14.913 -3.579 -1.578 -5.157 23.87 0.00 -5.157 29.74 0.00 1.063 0.039
14.95 15.077 -3.327 -1.829 -5.157 24.96 0.00 -5.157 29.88 0.00 1.071 0.044
15.05 15.245 -3.053 -2.103 -5.157 25.65 0.00 -5.157 28.38 0.00 1.077 0.048
15.15 15.412 -2.762 -2.394 -5.157 25.93 0.00 -5.157 26.88 0.00 1.082 0.051
15.25 15.572 -2.461 -2.696 -5.157 25.90 0.00 -5.157 25.38 0.00 1.084 0.053
15.35 15.723 -2.155 -3.001 -5.157 25.60 0.00 -5.157 23.88 0.00 1.085 0.053
15.45 15.862 -1.853 -3.304 -5.157 25.08 0.00 -5.157 22.38 0.00 1.084 0.053
15.55 15.987 -1.559 -3.598 -5.157 24.38 0.00 -5.157 20.88 0.00 1.082 0.051
15.65 16.096 -1.278 -3.878 -5.157 23.54 0.00 -5.157 19.38 0.00 1.078 0.049
15.75 16.188 -1.015 -4.141 -5.157 22.58 0.00 -5.157 17.88 0.00 1.073 0.046
15.85 16.263 -0.773 -4.384 -5.157 21.52 0.00 -5.157 16.38 0.00 1.067 0.042
15.95 16.319 -0.554 -4.603 -5.157 20.38 0.00 -5.157 14.88 0.00 1.060 0.038
16.05 16.358 -0.360 -4.797 -5.157 19.18 0.00 -5.157 13.38 0.00 1.053 0.034
16.15 16.379 -0.192 -4.965 -5.157 17.92 0.00 -5.157 11.88 0.00 1.045 0.029
16.25 16.382 -0.052 -5.105 -5.157 16.62 0.00 -5.157 10.38 0.00 1.037 0.024
16.35 16.367 0.061 -5.217 -5.157 15.28 0.00 -5.157 8.88 0.00 1.029 0.020
16.45 16.335 0.145 -5.301 -5.157 13.91 0.00 -5.157 7.38 0.00 1.020 0.015
16.55 16.286 0.200 -5.357 -5.157 12.52 0.00 -5.157 5.88 0.00 1.012 0.010
16.65 16.221 0.227 -5.383 -5.157 11.11 0.00 -5.157 4.38 0.00 1.004 0.005
16.75 16.139 0.225 -5.381 -5.157 9.68 0.00 -5.157 2.88 0.00 0.995 -0.000
16.85 16.043 0.193 -5.350 -5.157 8.24 0.00 -5.157 1.38 0.00 0.987 -0.005
16.95 15.931 0.133 -5.290 -5.157 6.80 0.00 -5.157 0.00 0.00 0.979 -0.011
17.05 15.807 0.043 -5.200 -5.157 5.57 0.00 -5.157 0.00 0.00 0.971 -0.016
17.15 15.673 -0.076 -5.080 -5.157 4.56 0.00 -5.157 0.00 0.00 0.963 -0.021
17.25 15.532 -0.224 -4.932 -5.157 3.73 0.00 -5.157 0.00 0.00 0.955 -0.026
17.35 15.388 -0.399 -4.757 -5.157 3.06 0.00 -5.157 0.00 0.00 0.949 -0.031
17.45 15.241 -0.598 -4.558 -5.157 2.50 0.00 -5.157 0.00 0.00 0.943 -0.035
17.55 15.094 -0.820 -4.337 -5.157 2.05 0.00 -5.157 0.00 0.00 0.938 -0.039
17.65 14.949 -1.060 -4.096 -5.157 1.68 0.00 -5.157 0.00 0.00 0.934 -0.042
17.75 14.805 -1.318 -3.839 -5.157 1.41 0.00 -5.157 0.26 0.00 0.930 -0.045
17.85 14.666 -1.589 -3.568 -5.157 1.29 0.00 -5.157 0.95 0.00 0.928 -0.047
17.95 14.533 -1.872 -3.285 -5.157 1.38 0.00 -5.157 2.06 0.00 0.926 -0.049
18.05 14.408 -2.162 -2.995 -5.157 1.70 0.00 -5.157 3.51 0.00 0.925 -0.051
18.15 14.296 -2.455 -2.701 -5.157 2.23 0.00 -5.157 5.01 0.00 0.925 -0.051
18.25 14.196 -2.746 -2.410 -5.157 2.94 0.00 -5.157 6.51 0.00 0.927 -0.051
18.35 14.113 -3.029 -2.127 -5.157 3.80 0.00 -5.157 8.01 0.00 0.930 -0.049
18.45 14.045 -3.299 -1.858 -5.157 4.77 0.00 -5.157 9.51 0.00 0.935 -0.047
18.55 13.995 -3.550 -1.607 -5.157 5.83 0.00 -5.157 11.01 0.00 0.940 -0.044
18.65 13.962 -3.776 -1.381 -5.157 6.98 0.00 -5.157 12.51 0.00 0.947 -0.040
18.75 13.947 -3.974 -1.183 -5.157 8.19 0.00 -5.157 14.01 0.00 0.955 -0.035
18.85 13.950 -4.138 -1.018 -5.157 9.45 0.00 -5.157 15.51 0.00 0.963 -0.029
18.95 13.969 -4.267 -0.889 -5.157 10.76 0.00 -5.157 17.01 0.00 0.973 -0.023
19.05 14.006 -4.358 -0.798 -5.157 12.10 0.00 -5.157 18.51 0.00 0.982 -0.016
19.15 14.060 -4.410 -0.747 -5.157 13.47 0.00 -5.157 20.01 0.00 0.992 -0.009
19.25 14.129 -4.420 -0.736 -5.157 14.86 0.00 -5.157 21.51 0.00 1.002 -0.002
19.35 14.214 -4.391 -0.766 -5.157 16.27 0.00 -5.157 23.01 0.00 1.013 0.005
19.45 14.313 -4.321 -0.836 -5.157 17.70 0.00 -5.157 24.51 0.00 1.023 0.012
19.55 14.427 -4.213 -0.944 -5.157 19.14 0.00 -5.157 26.01 0.00 1.033 0.019
19.65 14.555 -4.068 -1.089 -5.157 20.59 0.00 -5.157 27.51 0.00 1.042 0.025
19.75 14.695 -3.888 -1.268 -5.157 22.02 0.00 -5.157 28.74 0.00 1.051 0.031
19.85 14.847 -3.677 -1.480 -5.157 23.35 0.00 -5.157 29.54 0.00 1.060 0.037
19.95 15.007 -3.436 -1.720 -5.157 24.53 0.00 -5.157 29.88 0.00 1.068 0.042
