t V gam alpha th Tc Tr thsp Tcc Trc lf gd
0.05 13.416 -2.222 -2.287 -4.509 14.63 1.13 -2.551 13.95 4.00 0.842 -0.150
0.15 13.478 -2.622 -1.047 -3.669 14.30 5.61 0.779 12.45 12.00 0.967 -0.072
0.25 13.530 -2.485 -0.213 -2.698 13.76 11.80 1.820 10.95 20.00 1.093 0.023
0.35 13.562 -1.882 -0.032 -1.915 13.04 18.04 1.498 9.45 25.09 1.186 0.107
0.45 13.573 -1.074 -0.325 -1.399 12.19 19.69 0.748 7.95 20.12 1.194 0.145
0.55 13.562 -0.370 -0.738 -1.107 11.21 17.44 0.055 6.45 13.83 1.143 0.125
0.65 13.532 0.093 -1.057 -0.965 10.14 14.12 -0.419 4.95 9.95 1.082 0.081
0.75 13.485 0.328 -1.231 -0.903 8.99 11.54 -0.676 3.45 8.66 1.035 0.041
0.85 13.423 0.411 -1.288 -0.878 7.78 10.25 -0.778 1.95 9.03 1.008 0.014
0.95 13.346 0.417 -1.278 -0.862 6.62 10.08 -0.790 1.33 10.14 0.996 0.000
1.05 13.258 0.395 -1.239 -0.844 5.68 10.60 -0.756 1.45 11.42 0.994 -0.004
1.15 13.162 0.370 -1.192 -0.821 4.94 11.46 -0.704 1.66 12.62 0.995 -0.004
1.25 13.061 0.352 -1.144 -0.792 4.37 12.44 -0.648 1.83 13.69 0.996 -0.003
1.35 12.956 0.339 -1.098 -0.758 3.93 13.43 -0.592 1.97 14.66 0.997 -0.002
1.45 12.849 0.330 -1.051 -0.721 3.59 14.38 -0.537 2.06 15.58 0.998 -0.002
1.55 12.740 0.323 -1.003 -0.680 3.32 15.31 -0.484 2.13 16.48 0.998 -0.001
1.65 12.631 0.316 -0.953 -0.637 3.11 16.23 -0.433 2.18 17.38 0.998 -0.001
1.75 12.522 0.308 -0.902 -0.594 2.95 17.13 -0.385 2.21 18.26 0.998 -0.001
1.85 12.413 0.300 -0.849 -0.549 2.82 18.02 -0.338 2.23 19.15 0.998 -0.002
1.95 12.305 0.292 -0.797 -0.505 2.71 18.90 -0.294 2.24 20.02 0.998 -0.002
2.05 12.199 0.284 -0.745 -0.461 2.63 19.78 -0.252 2.24 20.88 0.998 -0.002
2.15 12.093 0.276 -0.693 -0.417 2.56 20.64 -0.212 2.24 21.73 0.998 -0.002
2.25 11.989 0.268 -0.643 -0.375 2.50 21.49 -0.174 2.24 22.56 0.998 -0.001
2.35 11.887 0.260 -0.593 -0.333 2.45 22.33 -0.137 2.23 23.38 0.998 -0.001
2.45 11.785 0.253 -0.546 -0.293 2.41 23.15 -0.103 2.22 24.18 0.998 -0.001
2.55 11.686 0.245 -0.499 -0.254 2.37 23.96 -0.071 2.22 24.98 0.998 -0.001
2.65 11.587 0.238 -0.455 -0.217 2.34 24.75 -0.039 2.21 25.75 0.998 -0.001
2.75 11.491 0.231 -0.412 -0.180 2.32 25.54 -0.010 2.20 26.52 0.998 -0.001
2.85 11.396 0.224 -0.370 -0.146 2.30 26.30 0.018 2.19 27.27 0.999 -0.001
2.95 11.302 0.218 -0.330 -0.112 2.28 27.06 0.044 2.19 28.01 0.999 -0.001
3.05 11.210 0.211 -0.292 -0.080 2.26 27.80 0.069 2.18 28.73 0.999 -0.001
3.15 11.119 0.205 -0.255 -0.050 2.24 28.53 0.093 2.18 29.44 0.999 -0.001
3.25 11.030 0.199 -0.220 -0.021 2.23 29.24 0.115 2.17 30.14 0.999 -0.001
3.35 10.942 0.193 -0.186 0.007 2.22 29.94 0.137 2.17 30.83 0.999 -0.001
3.45 10.856 0.187 -0.154 0.033 2.21 30.63 0.157 2.16 31.50 0.999 -0.001
3.55 10.771 0.181 -0.123 0.058 2.20 31.31 0.176 2.16 32.16 0.999 -0.001
3.65 10.688 0.176 -0.094 0.082 2.19 31.97 0.194 2.16 32.81 0.999 -0.001
3.75 10.606 0.171 -0.066 0.104 2.19 32.62 0.210 2.16 33.44 0.999 -0.001
3.85 10.525 0.165 -0.040 0.126 2.18 33.26 0.226 2.15 34.07 0.999 -0.001
3.95 10.446 0.160 -0.014 0.146 2.18 33.89 0.241 2.15 34.68 0.999 -0.001
4.05 10.368 0.156 0.009 0.165 2.17 34.50 0.254 2.15 35.28 0.999 -0.001
4.15 10.291 0.151 0.032 0.183 2.17 35.11 0.267 2.15 35.86 0.999 -0.001
4.25 10.215 0.146 0.054 0.200 2.17 35.70 0.279 2.15 36.44 0.999 -0.001
4.35 10.141 0.142 0.074 0.216 2.16 36.28 0.290 2.15 37.01 0.999 -0.001
4.45 10.068 0.137 0.093 0.231 2.16 36.84 0.301 2.16 37.56 0.999 -0.001
4.55 9.996 0.133 0.112 0.245 2.16 37.40 0.310 2.16 38.10 0.999 -0.001
4.65 9.926 0.129 0.129 0.258 2.16 37.95 0.319 2.16 38.63 0.999 -0.001
4.75 9.856 0.125 0.145 0.270 2.16 38.48 0.327 2.16 39.16 0.999 -0.001
4.85 9.788 0.121 0.160 0.281 2.16 39.01 0.334 2.17 39.67 0.999 -0.001
4.95 9.721 0.118 0.174 0.292 2.16 39.52 0.341 2.17 40.17 0.999 -0.001
5.05 9.655 0.114 0.188 0.302 2.16 40.02 0.347 2.17 40.66 0.999 -0.001
5.15 9.590 0.111 0.200 0.311 2.17 40.52 0.353 2.18 41.14 0.999 -0.001
5.25 9.527 0.107 0.212 0.319 2.17 41.00 0.358 2.18 41.61 0.999 -0.001
5.35 9.464 0.104 0.223 0.327 2.17 41.47 0.362 2.18 42.07 0.999 -0.001
5.45 9.402 0.101 0.233 0.334 2.17 41.94 0.366 2.19 42.52 0.999 -0.001
5.55 9.342 0.098 0.242 0.340 2.18 42.39 0.370 2.19 42.96 0.999 -0.001
5.65 9.282 0.095 0.251 0.346 2.18 42.83 0.373 2.20 43.39 0.999 -0.001
5.75 9.224 0.092 0.259 0.351 2.18 43.27 0.375 2.20 43.82 0.999 -0.001
5.85 9.166 0.089 0.267 0.356 2.19 43.70 0.377 2.21 44.23 0.999 -0.001
5.95 9.110 0.086 0.273 0.360 2.19 44.11 0.379 2.21 44.64 0.999 -0.001
6.05 9.054 0.084 0.280 0.364 2.20 44.52 0.380 2.22 45.04 1.000 -0.001
6.15 8.999 0.081 0.285 0.367 2.20 44.92 0.381 2.22 45.42 1.000 -0.001
6.25 8.946 0.079 0.291 0.369 2.21 45.31 0.382 2.23 45.81 1.000 -0.000
6.35 8.893 0.076 0.295 0.372 2.21 45.70 0.382 2.23 46.18 1.000 -0.000
6.45 8.841 0.074 0.300 0.374 2.22 46.07 0.382 2.24 46.54 1.000 -0.000
6.55 8.790 0.072 0.303 0.375 2.22 46.44 0.382 2.24 46.90 1.000 -0.000
6.65 8.740 0.070 0.307 0.376 2.23 46.80 0.382 2.25 47.25 1.000 -0.000
6.75 8.691 0.068 0.310 0.377 2.23 47.15 0.381 2.25 47.59 1.000 -0.000
6.85 8.643 0.066 0.312 0.378 2.24 47.49 0.380 2.26 47.93 1.000 -0.000
6.95 8.595 0.064 0.314 0.378 2.24 47.83 0.379 2.27 48.26 1.000 -0.000
7.05 8.548 0.062 0.316 0.378 2.25 48.16 0.377 2.27 48.58 1.000 -0.000
7.15 8.503 0.060 0.317 0.378 2.25 48.48 0.376 2.28 48.89 1.000 -0.000
7.25 8.457 0.058 0.319 0.377 2.26 48.80 0.374 2.28 49.20 1.000 -0.000
7.35 8.413 0.057 0.319 0.376 2.26 49.11 0.372 2.29 49.50 1.000 -0.000
7.45 8.370 0.055 0.320 0.375 2.27 49.41 0.370 2.29 49.79 1.000 -0.000
7.55 8.327 0.053 0.320 0.374 2.27 49.71 0.367 2.30 50.08 1.000 -0.000
7.65 8.285 0.052 0.320 0.372 2.28 50.00 0.365 2.31 50.36 1.000 -0.000
7.75 8.244 0.050 0.320 0.371 2.28 50.28 0.362 2.31 50.64 1.000 -0.000
7.85 8.203 0.049 0.320 0.369 2.29 50.56 0.360 2.32 50.91 1.000 -0.000
7.95 8.163 0.047 0.319 0.367 2.30 50.83 0.357 2.32 51.17 1.000 -0.000
8.05 8.124 0.046 0.318 0.364 2.30 51.10 0.354 2.33 51.43 1.000 -0.000
8.15 8.086 0.045 0.317 0.362 2.31 51.36 0.351 2.33 51.68 1.000 -0.000
8.25 8.048 0.044 0.316 0.360 2.31 51.61 0.348 2.34 51.93 1.000 -0.000
8.35 8.011 0.042 0.315 0.357 2.32 51.86 0.345 2.34 52.17 1.000 -0.000
8.45 7.974 0.041 0.313 0.354 2.32 52.10 0.341 2.35 52.41 1.000 -0.000
8.55 7.939 0.040 0.312 0.352 2.33 52.34 0.338 2.36 52.64 1.000 -0.000
8.65 7.904 0.039 0.310 0.349 2.33 52.58 0.335 2.36 52.87 1.000 -0.000
8.75 7.869 0.038 0.308 0.346 2.34 52.81 0.331 2.37 53.09 1.000 -0.000
8.85 7.835 0.037 0.306 0.343 2.35 53.03 0.328 2.37 53.31 1.000 -0.000
8.95 7.802 0.036 0.304 0.339 2.35 53.25 0.324 2.38 53.52 1.000 -0.000
9.05 7.769 0.035 0.302 0.336 2.36 53.46 0.321 2.38 53.73 1.000 -0.000
9.15 7.737 0.034 0.299 0.333 2.36 53.67 0.317 2.39 53.93 1.000 -0.000
9.25 7.705 0.033 0.297 0.330 2.37 53.88 0.314 2.39 54.13 1.000 -0.000
9.35 7.674 0.032 0.294 0.326 2.37 54.08 0.310 2.40 54.33 1.000 -0.000
9.45 7.644 0.031 0.292 0.323 2.38 54.27 0.306 2.40 54.52 1.000 -0.000
9.55 7.614 0.030 0.289 0.319 2.38 54.47 0.303 2.41 54.71 1.000 -0.000
9.65 7.585 0.029 0.286 0.316 2.39 54.65 0.299 2.41 54.89 1.000 -0.000
9.75 7.556 0.029 0.284 0.312 2.39 54.84 0.295 2.42 55.07 1.000 -0.000
9.85 7.527 0.028 0.281 0.309 2.40 55.02 0.292 2.42 55.25 1.000 -0.000
9.95 7.500 0.027 0.278 0.305 2.40 55.19 0.288 2.43 55.42 1.000 -0.000
10.05 7.472 0.026 0.275 0.301 2.41 55.37 0.284 2.43 55.58 1.000 -0.000
10.15 7.445 0.026 0.272 0.298 2.41 55.54 0.281 2.44 55.75 1.000 -0.000
10.25 7.419 0.025 0.269 0.294 2.42 55.70 0.277 2.44 55.91 1.000 -0.000
10.35 7.393 0.024 0.266 0.290 2.42 55.86 0.273 2.44 56.07 1.000 -0.000
10.45 7.368 0.024 0.263 0.287 2.43 56.02 0.270 2.45 56.22 1.000 -0.000
10.55 7.343 0.023 0.260 0.283 2.43 56.18 0.266 2.45 56.37 1.000 -0.000
10.65 7.318 0.022 0.257 0.280 2.44 56.33 0.262 2.46 56.52 1.000 -0.000
10.75 7.294 0.022 0.254 0.276 2.44 56.48 0.259 2.46 56.67 1.000 -0.000
10.85 7.271 0.021 0.251 0.272 2.44 56.62 0.255 2.47 56.81 1.000 -0.000
10.95 7.248 0.021 0.248 0.269 2.45 56.77 0.251 2.47 56.95 1.000 -0.000
11.05 7.225 0.020 0.245 0.265 2.45 56.91 0.248 2.47 57.08 1.000 -0.000
11.15 7.202 0.020 0.242 0.261 2.46 57.04 0.244 2.48 57.21 1.000 -0.000
11.25 7.180 0.019 0.239 0.258 2.46 57.18 0.241 2.48 57.35 1.000 -0.000
11.35 7.159 0.019 0.235 0.254 2.47 57.31 0.237 2.49 57.47 1.000 -0.000
11.45 7.138 0.018 0.232 0.251 2.47 57.44 0.234 2.49 57.60 1.000 -0.000
11.55 7.117 0.018 0.229 0.247 2.47 57.56 0.230 2.49 57.72 1.000 -0.000
11.65 7.097 0.017 0.226 0.244 2.48 57.69 0.227 2.50 57.84 1.000 -0.000
11.75 7.076 0.017 0.223 0.240 2.48 57.81 0.224 2.50 57.96 1.000 -0.000
11.85 7.057 0.017 0.220 0.237 2.49 57.92 0.220 2.51 58.07 1.000 -0.000
11.95 7.037 0.016 0.217 0.233 2.49 58.04 0.217 2.51 58.18 1.000 -0.000
12.05 7.018 0.016 0.214 0.230 2.49 58.15 0.214 2.51 58.29 1.000 -0.000
12.15 7.000 0.015 0.211 0.226 2.50 58.26 0.210 2.52 58.40 1.000 -0.000
12.25 6.982 0.015 0.208 0.223 2.50 58.37 0.207 2.52 58.51 1.000 -0.000
12.35 6.964 0.015 0.205 0.220 2.51 58.48 0.204 2.52 58.61 1.000 -0.000
12.45 6.946 0.014 0.202 0.217 2.51 58.58 0.201 2.53 58.71 1.000 -0.000
12.55 6.929 0.014 0.199 0.213 2.51 58.68 0.198 2.53 58.81 1.000 -0.000
12.65 6.912 0.014 0.196 0.210 2.52 58.78 0.195 2.53 58.91 1.000 -0.000
12.75 6.895 0.013 0.194 0.207 2.52 58.88 0.192 2.54 59.00 1.000 -0.000
12.85 6.879 0.013 0.191 0.204 2.52 58.98 0.189 2.54 59.10 1.000 -0.000
12.95 6.862 0.013 0.188 0.201 2.53 59.07 0.186 2.54 59.19 1.000 -0.000
13.05 6.847 0.012 0.185 0.197 2.53 59.16 0.183 2.55 59.28 1.000 -0.000
13.15 6.831 0.012 0.182 0.194 2.53 59.25 0.180 2.55 59.37 1.000 -0.000
13.25 6.816 0.012 0.180 0.191 2.54 59.34 0.177 2.55 59.45 1.000 -0.000
13.35 6.801 0.011 0.177 0.188 2.54 59.43 0.174 2.56 59.54 1.000 -0.000
13.45 6.786 0.011 0.174 0.185 2.54 59.51 0.171 2.56 59.62 1.000 -0.000
13.55 6.772 0.011 0.171 0.182 2.55 59.60 0.169 2.56 59.70 1.000 -0.000
13.65 6.758 0.011 0.169 0.180 2.55 59.68 0.166 2.56 59.78 1.000 -0.000
13.75 6.744 0.010 0.166 0.177 2.55 59.76 0.163 2.57 59.86 1.000 -0.000
13.85 6.730 0.010 0.164 0.174 2.56 59.83 0.160 2.57 59.93 1.000 -0.000
13.95 6.717 0.010 0.161 0.171 2.56 59.91 0.158 2.57 60.01 1.000 -0.000
14.05 6.704 0.010 0.159 0.168 2.56 59.99 0.155 2.57 60.08 1.000 -0.000
14.15 6.691 0.010 0.156 0.166 2.56 60.06 0.153 2.58 60.15 1.000 -0.000
14.25 6.678 0.009 0.154 0.163 2.57 60.13 0.150 2.58 60.22 1.000 -0.000
14.35 6.666 0.009 0.151 0.160 2.57 60.20 0.148 2.58 60.29 1.000 -0.000
14.45 6.654 0.009 0.149 0.158 2.57 60.27 0.145 2.59 60.36 1.000 -0.000
14.55 6.642 0.009 0.146 0.155 2.57 60.34 0.143 2.59 60.42 1.000 -0.000
14.65 6.630 0.009 0.144 0.153 2.58 60.41 0.140 2.59 60.49 1.000 -0.000
14.75 6.618 0.008 0.142 0.150 2.58 60.47 0.138 2.59 60.55 1.000 -0.000
14.85 6.607 0.008 0.139 0.148 2.58 60.53 0.136 2.59 60.61 1.000 -0.000
14.95 6.596 0.008 0.137 0.145 2.59 60.60 0.134 2.60 60.68 1.000 -0.000
15.05 6.585 0.008 0.135 0.143 2.59 60.66 0.131 2.60 60.73 1.000 -0.000
15.15 6.574 0.008 0.133 0.140 2.59 60.72 0.129 2.60 60.79 1.000 -0.000
15.25 6.564 0.007 0.131 0.138 2.59 60.78 0.127 2.60 60.85 1.000 -0.000
15.35 6.553 0.007 0.128 0.136 2.59 60.83 0.125 2.61 60.91 1.000 -0.000
15.45 6.543 0.007 0.126 0.133 2.60 60.89 0.123 2.61 60.96 1.000 -0.000
15.55 6.533 0.007 0.124 0.131 2.60 60.95 0.121 2.61 61.02 1.000 -0.000
15.65 6.523 0.007 0.122 0.129 2.60 61.00 0.119 2.61 61.07 1.000 -0.000
15.75 6.514 0.007 0.120 0.127 2.60 61.05 0.117 2.61 61.12 1.000 -0.000
15.85 6.504 0.007 0.118 0.125 2.61 61.11 0.115 2.62 61.17 1.000 -0.000
15.95 6.495 0.006 0.116 0.123 2.61 61.16 0.113 2.62 61.22 1.000 -0.000
16.05 6.486 0.006 0.114 0.121 2.61 61.21 0.111 2.62 61.27 1.000 -0.000
16.15 6.477 0.006 0.112 0.118 2.61 61.26 0.109 2.62 61.32 1.000 -0.000
16.25 6.468 0.006 0.110 0.116 2.61 61.30 0.107 2.62 61.36 1.000 -0.000
16.35 6.460 0.006 0.109 0.114 2.62 61.35 0.105 2.63 61.41 1.000 -0.000
16.45 6.451 0.006 0.107 0.113 2.62 61.40 0.103 2.63 61.46 1.000 -0.000
16.55 6.443 0.006 0.105 0.111 2.62 61.44 0.101 2.63 61.50 1.000 -0.000
16.65 6.435 0.005 0.103 0.109 2.62 61.49 0.100 2.63 61.54 1.000 -0.000
16.75 6.427 0.005 0.101 0.107 2.62 61.53 0.098 2.63 61.59 1.000 -0.000
16.85 6.419 0.005 0.100 0.105 2.63 61.57 0.096 2.63 61.63 1.000 -0.000
16.95 6.411 0.005 0.098 0.103 2.63 61.62 0.095 2.64 61.67 1.000 -0.000
17.05 6.404 0.005 0.096 0.101 2.63 61.66 0.093 2.64 61.71 1.000 -0.000
17.15 6.396 0.005 0.095 0.100 2.63 61.70 0.091 2.64 61.75 1.000 -0.000
17.25 6.389 0.005 0.093 0.098 2.63 61.74 0.090 2.64 61.79 1.000 -0.000
17.35 6.382 0.005 0.092 0.096 2.63 61.78 0.088 2.64 61.82 1.000 -0.000
17.45 6.375 0.005 0.090 0.095 2.64 61.81 0.087 2.64 61.86 1.000 -0.000
17.55 6.368 0.005 0.088 0.093 2.64 61.85 0.085 2.65 61.90 1.000 -0.000
17.65 6.361 0.004 0.087 0.091 2.64 61.89 0.084 2.65 61.93 1.000 -0.000
17.75 6.355 0.004 0.085 0.090 2.64 61.92 0.082 2.65 61.97 1.000 -0.000
17.85 6.348 0.004 0.084 0.088 2.64 61.96 0.081 2.65 62.00 1.000 -0.000
17.95 6.342 0.004 0.082 0.087 2.64 61.99 0.079 2.65 62.04 1.000 -0.000
18.05 6.335 0.004 0.081 0.085 2.65 62.03 0.078 2.65 62.07 1.000 -0.000
18.15 6.329 0.004 0.080 0.084 2.65 62.06 0.077 2.65 62.10 1.000 -0.000
18.25 6.323 0.004 0.078 0.082 2.65 62.09 0.075 2.65 62.13 1.000 -0.000
18.35 6.317 0.004 0.077 0.081 2.65 62.12 0.074 2.66 62.16 1.000 -0.000
18.45 6.311 0.004 0.076 0.079 2.65 62.16 0.073 2.66 62.20 1.000 -0.000
18.55 6.306 0.004 0.074 0.078 2.65 62.19 0.071 2.66 62.23 1.000 -0.000
18.65 6.300 0.004 0.073 0.077 2.65 62.22 0.070 2.66 62.25 1.000 -0.000
18.75 6.295 0.004 0.072 0.075 2.65 62.25 0.069 2.66 62.28 1.000 -0.000
18.85 6.289 0.003 0.070 0.074 2.66 62.28 0.068 2.66 62.31 1.000 -0.000
18.95 6.284 0.003 0.069 0.073 2.66 62.30 0.066 2.66 62.34 1.000 -0.000
19.05 6.279 0.003 0.068 0.071 2.66 62.33 0.065 2.66 62.37 1.000 -0.000
19.15 6.274 0.003 0.067 0.070 2.66 62.36 0.064 2.67 62.39 1.000 -0.000
19.25 6.269 0.003 0.066 0.069 2.66 62.39 0.063 2.67 62.42 1.000 -0.000
19.35 6.264 0.003 0.065 0.068 2.66 62.41 0.062 2.67 62.44 1.000 -0.000
19.45 6.259 0.003 0.063 0.066 2.66 62.44 0.061 2.67 62.47 1.000 -0.000
19.55 6.254 0.003 0.062 0.065 2.66 62.46 0.060 2.67 62.49 1.000 -0.000
19.65 6.249 0.003 0.061 0.064 2.67 62.49 0.059 2.67 62.52 1.000 -0.000
19.75 6.245 0.003 0.060 0.063 2.67 62.51 0.058 2.67 62.54 1.000 -0.000
19.85 6.240 0.003 0.059 0.062 2.67 62.54 0.057 2.67 62.57 1.000 -0.000
19.95 6.236 0.003 0.058 0.061 2.67 62.56 0.056 2.67 62.59 1.000 -0.000
