t V gam alpha th Tc Tr thsp Tcc Trc lf gd
0.05 13.415 -2.229 -2.111 -4.341 14.63 0.00 -0.782 13.96 0.00 0.836 -0.150
0.15 13.474 -2.681 0.056 -2.625 14.31 0.39 6.926 12.48 1.38 0.953 -0.082
0.25 13.515 -2.576 2.365 -0.211 13.77 2.01 11.324 10.99 4.15 1.091 0.018
0.35 13.526 -2.003 3.857 1.854 13.06 2.79 11.094 9.50 3.21 1.174 0.102
0.45 13.506 -1.213 4.707 3.494 12.21 1.84 10.607 8.02 0.21 1.198 0.140
0.55 13.460 -0.403 4.905 4.503 11.25 0.94 8.538 6.54 0.00 1.187 0.143
0.65 13.389 0.349 4.721 5.071 10.19 1.49 7.256 5.08 2.86 1.172 0.131
0.75 13.296 1.057 4.268 5.324 9.06 3.77 6.287 3.65 7.09 1.164 0.123
0.85 13.181 1.745 3.719 5.464 7.89 6.95 6.142 2.26 11.05 1.160 0.119
0.95 13.045 2.425 3.233 5.658 6.68 10.16 6.685 0.90 14.19 1.157 0.118
1.05 12.888 3.114 2.831 5.944 5.50 13.68 7.493 0.00 18.07 1.160 0.120
1.15 12.712 3.801 2.656 6.458 4.53 15.48 9.155 0.31 16.81 1.149 0.121
1.25 12.519 4.392 2.679 7.071 3.86 14.99 10.057 0.99 14.03 1.116 0.104
1.35 12.314 4.854 2.922 7.776 3.39 14.65 11.314 1.34 14.47 1.091 0.080
1.45 12.100 5.244 3.396 8.640 2.99 14.71 12.943 1.10 14.74 1.079 0.068
1.55 11.875 5.573 3.932 9.505 2.56 14.39 13.481 0.42 13.90 1.061 0.058
1.65 11.641 5.813 4.383 10.196 2.10 14.15 13.261 0.00 14.00 1.040 0.042
1.75 11.402 5.966 4.733 10.699 1.72 14.83 12.873 0.00 16.05 1.025 0.026
1.85 11.158 6.072 4.967 11.038 1.41 16.52 12.484 0.00 18.92 1.018 0.018
1.95 10.912 6.161 5.101 11.262 1.16 18.87 12.215 0.00 22.01 1.017 0.015
2.05 10.663 6.248 5.130 11.378 0.95 21.44 11.756 0.00 24.67 1.016 0.015
2.15 10.415 6.318 5.008 11.326 0.77 23.91 10.908 0.00 27.00 1.010 0.012
2.25 10.169 6.352 4.809 11.161 0.63 26.30 10.243 0.00 29.32 1.002 0.006
2.35 9.926 6.344 4.525 10.869 0.52 28.71 9.311 0.00 31.75 0.994 -0.002
2.45 9.689 6.292 4.166 10.458 0.44 31.06 8.384 0.12 34.02 0.987 -0.009
2.55 9.460 6.194 3.740 9.934 0.44 33.40 7.251 0.53 36.35 0.979 -0.017
2.65 9.241 6.054 3.278 9.331 0.52 35.70 6.435 0.98 38.61 0.974 -0.025
2.75 9.034 5.886 2.784 8.670 0.66 38.10 5.452 1.44 41.15 0.971 -0.030
2.85 8.839 5.684 2.366 8.050 0.84 39.69 5.174 1.69 41.35 0.963 -0.035
2.95 8.658 5.413 2.022 7.434 1.00 40.86 4.500 1.68 42.36 0.953 -0.048
3.05 8.490 5.084 1.734 6.817 1.10 42.15 3.895 1.53 43.83 0.947 -0.058
3.15 8.334 4.726 1.580 6.306 1.13 43.38 3.860 1.18 44.80 0.945 -0.062
3.25 8.188 4.335 1.492 5.827 1.09 44.24 3.688 0.81 45.29 0.940 -0.069
3.35 8.049 3.925 1.546 5.471 0.99 45.37 3.921 0.48 47.00 0.942 -0.073
3.45 7.917 3.561 1.698 5.259 0.86 47.09 4.413 0.21 49.39 0.954 -0.064
3.55 7.787 3.289 1.847 5.135 0.71 48.94 4.625 0.00 51.24 0.968 -0.048
3.65 7.659 3.108 1.987 5.095 0.58 50.68 4.997 0.00 52.87 0.981 -0.032
3.75 7.532 3.016 2.086 5.103 0.48 52.38 5.163 0.00 54.49 0.993 -0.016
3.85 7.404 3.000 2.126 5.127 0.39 53.87 5.256 0.00 55.66 1.002 -0.003
3.95 7.277 3.022 2.055 5.077 0.32 54.83 4.672 0.00 55.80 1.002 0.004
4.05 7.153 3.016 1.902 4.919 0.26 55.30 4.076 0.00 55.81 0.996 -0.001
4.15 7.032 2.937 1.744 4.681 0.21 55.20 3.472 0.00 54.81 0.983 -0.013
4.25 6.916 2.718 1.702 4.421 0.18 54.38 3.197 0.00 53.19 0.963 -0.038
4.35 6.807 2.340 1.821 4.161 0.14 53.69 2.891 0.00 53.06 0.947 -0.067
4.45 6.703 1.874 2.025 3.899 0.12 53.86 2.691 0.00 54.33 0.943 -0.082
4.55 6.606 1.407 2.256 3.663 0.10 54.61 2.534 0.00 55.66 0.947 -0.082
4.65 6.514 0.981 2.433 3.414 0.08 55.51 2.251 0.00 56.65 0.953 -0.075
4.75 6.428 0.603 2.559 3.162 0.06 56.43 1.924 0.00 57.61 0.960 -0.066
4.85 6.347 0.275 2.619 2.894 0.05 57.32 1.605 0.00 58.42 0.965 -0.057
4.95 6.271 -0.012 2.597 2.585 0.04 58.13 1.059 0.00 59.14 0.970 -0.050
5.05 6.201 -0.266 2.516 2.251 0.04 58.88 0.646 0.00 59.82 0.974 -0.044
5.15 6.136 -0.491 2.383 1.892 0.03 59.57 0.154 0.00 60.40 0.977 -0.039
5.25 6.079 -0.696 2.216 1.521 0.02 60.17 -0.250 0.00 60.91 0.979 -0.036
5.35 6.027 -0.884 2.036 1.153 0.02 60.71 -0.548 0.00 61.36 0.981 -0.033
5.45 5.981 -1.059 1.891 0.832 0.02 61.16 -0.665 0.00 61.72 0.982 -0.031
5.55 5.941 -1.219 1.755 0.537 0.01 61.64 -0.814 0.00 62.26 0.984 -0.028
5.65 5.905 -1.353 1.627 0.274 0.01 62.15 -0.965 0.00 62.79 0.987 -0.024
5.75 5.873 -1.462 1.496 0.034 0.01 62.56 -1.057 0.00 63.04 0.989 -0.019
5.85 5.845 -1.557 1.377 -0.181 0.01 62.87 -1.189 0.00 63.24 0.991 -0.017
5.95 5.821 -1.642 1.270 -0.372 0.01 63.15 -1.245 0.00 63.51 0.992 -0.015
6.05 5.799 -1.714 1.173 -0.542 0.00 63.42 -1.319 0.00 63.74 0.993 -0.013
6.15 5.780 -1.775 1.087 -0.688 0.00 63.67 -1.365 0.00 63.99 0.994 -0.011
6.25 5.764 -1.821 0.999 -0.822 0.00 63.93 -1.441 0.00 64.26 0.996 -0.008
6.35 5.750 -1.852 0.911 -0.941 0.00 64.16 -1.492 0.00 64.43 0.997 -0.005
6.45 5.737 -1.873 0.825 -1.048 0.00 64.34 -1.539 0.00 64.57 0.998 -0.004
6.55 5.726 -1.885 0.745 -1.140 0.00 64.52 -1.565 0.00 64.75 0.999 -0.002
6.65 5.717 -1.888 0.665 -1.224 0.00 64.67 -1.611 0.00 64.85 1.000 -0.001
6.75 5.709 -1.886 0.588 -1.299 0.00 64.80 -1.647 0.00 64.96 1.000 0.000
6.85 5.702 -1.879 0.511 -1.368 0.00 64.93 -1.689 0.00 65.09 1.001 0.001
6.95 5.696 -1.865 0.433 -1.432 0.00 65.05 -1.735 0.00 65.20 1.002 0.002
7.05 5.691 -1.847 0.354 -1.493 0.00 65.15 -1.779 0.00 65.26 1.002 0.003
7.15 5.687 -1.828 0.278 -1.550 0.00 65.22 -1.815 0.00 65.30 1.002 0.003
7.25 5.684 -1.809 0.206 -1.603 0.00 65.27 -1.849 0.00 65.33 1.002 0.003
7.35 5.682 -1.791 0.139 -1.652 0.00 65.31 -1.880 0.00 65.36 1.002 0.003
7.45 5.680 -1.775 0.078 -1.697 0.00 65.35 -1.906 0.00 65.39 1.002 0.003
7.55 5.679 -1.760 0.022 -1.738 0.00 65.38 -1.927 0.00 65.42 1.001 0.003
7.65 5.678 -1.746 -0.028 -1.773 0.00 65.41 -1.937 0.00 65.45 1.001 0.003
7.75 5.678 -1.731 -0.074 -1.805 0.00 65.44 -1.950 0.00 65.48 1.001 0.002
7.85 5.679 -1.717 -0.116 -1.832 0.00 65.47 -1.958 0.00 65.50 1.001 0.003
7.95 5.680 -1.702 -0.155 -1.857 0.00 65.49 -1.969 0.00 65.52 1.001 0.003
8.05 5.681 -1.687 -0.192 -1.879 0.00 65.52 -1.983 0.00 65.55 1.002 0.003
8.15 5.682 -1.671 -0.229 -1.900 0.00 65.54 -1.997 0.00 65.58 1.002 0.003
8.25 5.684 -1.654 -0.266 -1.920 0.00 65.57 -2.014 0.00 65.60 1.002 0.003
8.35 5.686 -1.635 -0.305 -1.941 0.00 65.59 -2.043 0.00 65.62 1.002 0.003
8.45 5.688 -1.616 -0.346 -1.963 0.00 65.62 -2.070 0.00 65.65 1.002 0.003
8.55 5.691 -1.596 -0.391 -1.987 0.00 65.64 -2.102 0.00 65.68 1.002 0.004
8.65 5.693 -1.575 -0.437 -2.012 0.00 65.67 -2.131 0.00 65.70 1.002 0.004
8.75 5.697 -1.553 -0.485 -2.037 0.00 65.69 -2.161 0.00 65.72 1.002 0.004
8.85 5.700 -1.529 -0.535 -2.064 0.00 65.72 -2.191 0.00 65.75 1.002 0.004
8.95 5.704 -1.505 -0.586 -2.092 0.00 65.74 -2.224 0.00 65.78 1.003 0.004
9.05 5.708 -1.480 -0.640 -2.120 0.00 65.77 -2.257 0.00 65.81 1.003 0.004
9.15 5.713 -1.453 -0.697 -2.150 0.00 65.81 -2.293 0.00 65.85 1.003 0.005
9.25 5.718 -1.424 -0.757 -2.181 0.00 65.84 -2.330 0.00 65.88 1.003 0.005
9.35 5.723 -1.393 -0.821 -2.213 0.00 65.87 -2.369 0.00 65.92 1.003 0.005
9.45 5.729 -1.360 -0.888 -2.247 0.00 65.91 -2.410 0.00 65.95 1.003 0.006
9.55 5.735 -1.325 -0.958 -2.283 0.00 65.95 -2.454 0.00 65.99 1.004 0.006
9.65 5.741 -1.288 -1.032 -2.320 0.00 65.98 -2.499 0.00 66.03 1.004 0.006
9.75 5.748 -1.249 -1.110 -2.359 0.00 66.02 -2.546 0.00 66.07 1.004 0.007
9.85 5.756 -1.208 -1.192 -2.400 0.00 66.06 -2.595 0.00 66.11 1.004 0.007
9.95 5.764 -1.164 -1.278 -2.442 0.00 66.10 -2.646 0.00 66.16 1.005 0.008
10.05 5.772 -1.119 -1.368 -2.486 0.00 66.15 -2.700 0.00 66.20 1.005 0.008
10.15 5.782 -1.071 -1.462 -2.533 0.00 66.19 -2.756 0.00 66.25 1.005 0.008
10.25 5.791 -1.021 -1.561 -2.581 0.00 66.24 -2.814 0.00 66.30 1.005 0.009
10.35 5.801 -0.968 -1.663 -2.630 0.00 66.29 -2.860 0.00 66.35 1.006 0.009
10.45 5.812 -0.912 -1.765 -2.677 0.00 66.33 -2.898 0.00 66.39 1.006 0.010
10.55 5.824 -0.856 -1.866 -2.722 0.00 66.35 -2.929 0.00 66.35 1.006 0.010
10.65 5.835 -0.802 -1.959 -2.761 0.00 66.33 -2.941 0.00 66.30 1.005 0.009
10.75 5.847 -0.753 -2.042 -2.794 0.00 66.31 -2.944 0.00 66.27 1.005 0.009
10.85 5.860 -0.707 -2.114 -2.821 0.00 66.28 -2.939 0.00 66.25 1.005 0.008
10.95 5.872 -0.664 -2.177 -2.841 0.00 66.25 -2.927 0.00 66.21 1.004 0.008
11.05 5.885 -0.623 -2.231 -2.853 0.00 66.22 -2.906 0.00 66.18 1.004 0.007
11.15 5.897 -0.584 -2.274 -2.858 0.00 66.19 -2.869 0.00 66.15 1.004 0.007
11.25 5.910 -0.546 -2.308 -2.854 0.00 66.15 -2.824 0.00 66.11 1.004 0.007
11.35 5.922 -0.510 -2.333 -2.843 0.00 66.11 -2.781 0.00 66.05 1.004 0.006
11.45 5.933 -0.475 -2.350 -2.825 0.00 66.06 -2.733 0.00 65.99 1.004 0.006
11.55 5.944 -0.442 -2.360 -2.802 0.00 66.00 -2.688 0.00 65.92 1.003 0.006
11.65 5.955 -0.412 -2.363 -2.775 0.00 65.93 -2.640 0.00 65.85 1.003 0.005
11.75 5.964 -0.384 -2.359 -2.744 0.00 65.86 -2.592 0.00 65.77 1.003 0.005
11.85 5.973 -0.361 -2.349 -2.709 0.00 65.79 -2.543 0.00 65.69 1.002 0.004
11.95 5.982 -0.340 -2.333 -2.673 0.00 65.71 -2.495 0.00 65.61 1.002 0.004
12.05 5.989 -0.323 -2.311 -2.634 0.00 65.64 -2.446 0.00 65.54 1.002 0.003
12.15 5.996 -0.309 -2.284 -2.593 0.00 65.56 -2.397 0.00 65.47 1.001 0.002
12.25 6.002 -0.298 -2.253 -2.551 0.00 65.48 -2.349 0.00 65.39 1.001 0.002
12.35 6.008 -0.291 -2.217 -2.507 0.00 65.39 -2.298 0.00 65.26 1.000 0.001
12.45 6.012 -0.290 -2.171 -2.461 0.00 65.28 -2.239 0.00 65.13 1.000 0.000
12.55 6.016 -0.297 -2.115 -2.412 0.00 65.15 -2.172 0.00 65.00 0.999 -0.001
12.65 6.019 -0.311 -2.048 -2.358 0.00 65.04 -2.100 0.00 64.89 0.998 -0.002
12.75 6.021 -0.331 -1.970 -2.301 0.00 64.92 -2.024 0.00 64.78 0.998 -0.003
12.85 6.022 -0.356 -1.884 -2.240 0.00 64.81 -1.944 0.00 64.67 0.997 -0.004
12.95 6.022 -0.386 -1.789 -2.175 0.00 64.70 -1.864 0.00 64.57 0.997 -0.005
13.05 6.021 -0.420 -1.688 -2.108 0.00 64.60 -1.786 0.00 64.47 0.996 -0.006
13.15 6.019 -0.457 -1.582 -2.039 0.00 64.50 -1.710 0.00 64.37 0.996 -0.007
13.25 6.016 -0.498 -1.471 -1.969 0.00 64.40 -1.636 0.00 64.27 0.995 -0.007
13.35 6.013 -0.543 -1.356 -1.899 0.00 64.30 -1.565 0.00 64.17 0.995 -0.008
13.45 6.008 -0.592 -1.239 -1.831 0.00 64.20 -1.521 0.00 64.08 0.995 -0.009
13.55 6.002 -0.645 -1.127 -1.772 0.00 64.12 -1.492 0.00 64.03 0.994 -0.009
13.65 5.996 -0.699 -1.017 -1.717 0.00 64.07 -1.465 0.00 64.00 0.994 -0.009
13.75 5.989 -0.754 -0.914 -1.668 0.00 64.02 -1.443 0.00 63.97 0.994 -0.010
13.85 5.981 -0.809 -0.817 -1.625 0.00 63.99 -1.429 0.00 63.96 0.994 -0.010
13.95 5.974 -0.862 -0.726 -1.588 0.00 63.98 -1.417 0.00 63.97 0.994 -0.009
14.05 5.965 -0.913 -0.642 -1.555 0.00 63.98 -1.404 0.00 64.00 0.995 -0.009
14.15 5.957 -0.960 -0.567 -1.527 0.00 64.00 -1.399 0.00 64.03 0.995 -0.008
14.25 5.948 -1.003 -0.501 -1.504 0.00 64.03 -1.401 0.00 64.06 0.996 -0.008
14.35 5.939 -1.043 -0.443 -1.486 0.00 64.06 -1.407 0.00 64.10 0.996 -0.007
14.45 5.931 -1.079 -0.394 -1.473 0.00 64.09 -1.418 0.00 64.13 0.996 -0.006
14.55 5.922 -1.113 -0.352 -1.465 0.00 64.12 -1.431 0.00 64.16 0.997 -0.006
14.65 5.913 -1.144 -0.317 -1.461 0.00 64.16 -1.448 0.00 64.20 0.997 -0.006
14.75 5.904 -1.174 -0.287 -1.461 0.00 64.19 -1.465 0.00 64.23 0.997 -0.005
14.85 5.896 -1.202 -0.262 -1.464 0.00 64.23 -1.484 0.00 64.28 0.997 -0.005
14.95 5.888 -1.228 -0.242 -1.470 0.00 64.27 -1.502 0.00 64.32 0.997 -0.005
15.05 5.880 -1.252 -0.227 -1.479 0.00 64.31 -1.523 0.00 64.37 0.998 -0.004
15.15 5.872 -1.274 -0.216 -1.490 0.00 64.36 -1.544 0.00 64.42 0.998 -0.004
15.25 5.865 -1.293 -0.210 -1.503 0.00 64.41 -1.567 0.00 64.48 0.998 -0.003
15.35 5.858 -1.310 -0.208 -1.518 0.00 64.46 -1.591 0.00 64.53 0.998 -0.003
15.45 5.851 -1.325 -0.210 -1.535 0.00 64.52 -1.616 0.00 64.58 0.999 -0.003
15.55 5.844 -1.337 -0.216 -1.553 0.00 64.57 -1.642 0.00 64.63 0.999 -0.002
15.65 5.838 -1.347 -0.226 -1.573 0.00 64.62 -1.668 0.00 64.68 0.999 -0.002
15.75 5.833 -1.355 -0.239 -1.594 0.00 64.67 -1.694 0.00 64.73 0.999 -0.001
15.85 5.828 -1.361 -0.254 -1.615 0.00 64.72 -1.719 0.00 64.78 0.999 -0.001
15.95 5.823 -1.365 -0.272 -1.638 0.00 64.77 -1.744 0.00 64.83 1.000 -0.001
16.05 5.819 -1.368 -0.292 -1.660 0.00 64.81 -1.769 0.00 64.87 1.000 -0.001
16.15 5.815 -1.370 -0.314 -1.683 0.00 64.86 -1.793 0.00 64.91 1.000 -0.000
16.25 5.811 -1.370 -0.337 -1.706 0.00 64.90 -1.816 0.00 64.96 1.000 -0.000
16.35 5.808 -1.368 -0.361 -1.729 0.00 64.94 -1.839 0.00 65.00 1.000 0.000
16.45 5.805 -1.366 -0.387 -1.752 0.00 64.98 -1.860 0.00 65.03 1.000 0.000
16.55 5.803 -1.362 -0.413 -1.775 0.00 65.02 -1.881 0.00 65.07 1.000 0.001
16.65 5.801 -1.357 -0.440 -1.797 0.00 65.06 -1.901 0.00 65.10 1.001 0.001
16.75 5.799 -1.351 -0.467 -1.818 0.00 65.09 -1.920 0.00 65.13 1.001 0.001
16.85 5.797 -1.345 -0.494 -1.839 0.00 65.12 -1.940 0.00 65.16 1.001 0.001
16.95 5.796 -1.337 -0.524 -1.861 0.00 65.15 -1.967 0.00 65.19 1.001 0.001
17.05 5.796 -1.329 -0.555 -1.884 0.00 65.19 -1.993 0.00 65.23 1.001 0.001
17.15 5.795 -1.319 -0.589 -1.908 0.00 65.22 -2.023 0.00 65.27 1.001 0.002
17.25 5.795 -1.308 -0.625 -1.933 0.00 65.26 -2.052 0.00 65.31 1.001 0.002
17.35 5.796 -1.295 -0.664 -1.959 0.00 65.30 -2.083 0.00 65.35 1.001 0.002
17.45 5.796 -1.280 -0.706 -1.986 0.00 65.34 -2.116 0.00 65.39 1.002 0.003
17.55 5.798 -1.264 -0.750 -2.014 0.00 65.38 -2.150 0.00 65.43 1.002 0.003
17.65 5.799 -1.245 -0.797 -2.043 0.00 65.42 -2.180 0.00 65.47 1.002 0.003
17.75 5.801 -1.225 -0.847 -2.072 0.00 65.46 -2.213 0.00 65.51 1.002 0.003
17.85 5.803 -1.204 -0.899 -2.102 0.00 65.49 -2.245 0.00 65.54 1.002 0.004
17.95 5.806 -1.180 -0.952 -2.132 0.00 65.53 -2.277 0.00 65.58 1.002 0.004
18.05 5.809 -1.155 -1.007 -2.163 0.00 65.57 -2.308 0.00 65.61 1.003 0.004
18.15 5.813 -1.129 -1.064 -2.193 0.00 65.60 -2.338 0.00 65.64 1.003 0.005
18.25 5.817 -1.102 -1.122 -2.224 0.00 65.63 -2.367 0.00 65.67 1.003 0.005
18.35 5.821 -1.074 -1.180 -2.254 0.00 65.66 -2.395 0.00 65.70 1.003 0.005
18.45 5.826 -1.045 -1.238 -2.283 0.00 65.69 -2.422 0.00 65.72 1.003 0.005
18.55 5.831 -1.015 -1.297 -2.312 0.00 65.71 -2.447 0.00 65.74 1.003 0.005
18.65 5.836 -0.984 -1.355 -2.339 0.00 65.73 -2.469 0.00 65.76 1.003 0.005
18.75 5.842 -0.953 -1.413 -2.366 0.00 65.75 -2.490 0.00 65.78 1.003 0.005
18.85 5.848 -0.921 -1.469 -2.391 0.00 65.77 -2.509 0.00 65.79 1.003 0.005
18.95 5.854 -0.890 -1.525 -2.415 0.00 65.78 -2.525 0.00 65.80 1.003 0.006
19.05 5.861 -0.858 -1.578 -2.437 0.00 65.79 -2.539 0.00 65.80 1.003 0.006
19.15 5.867 -0.827 -1.630 -2.457 0.00 65.80 -2.550 0.00 65.80 1.003 0.005
19.25 5.874 -0.795 -1.679 -2.475 0.00 65.80 -2.559 0.00 65.80 1.003 0.005
19.35 5.881 -0.765 -1.726 -2.491 0.00 65.80 -2.564 0.00 65.79 1.003 0.005
19.45 5.888 -0.735 -1.769 -2.504 0.00 65.79 -2.566 0.00 65.78 1.003 0.005
19.55 5.895 -0.706 -1.809 -2.516 0.00 65.78 -2.565 0.00 65.77 1.003 0.005
19.65 5.902 -0.678 -1.846 -2.524 0.00 65.77 -2.561 0.00 65.75 1.003 0.005
19.75 5.910 -0.652 -1.877 -2.529 0.00 65.75 -2.546 0.00 65.73 1.003 0.005
19.85 5.917 -0.626 -1.904 -2.530 0.00 65.73 -2.530 0.00 65.70 1.003 0.004
19.95 5.924 -0.602 -1.926 -2.527 0.00 65.70 -2.511 0.00 65.67 1.003 0.004
