t V gam alpha th Tc Tr thsp Tcc Trc lf gd
0.05 6.001 0.002 -0.150 -0.148 2.79 63.96 -1.557 3.44 64.39 1.001 0.000
0.15 6.010 0.020 -0.848 -0.828 3.11 64.60 -4.620 4.86 65.51 1.003 0.003
0.25 6.039 0.047 -1.964 -1.917 3.62 65.33 -7.509 6.26 66.21 1.002 0.005
0.35 6.093 0.045 -3.330 -3.285 4.29 65.84 -10.034 7.63 66.41 0.997 0.000
0.45 6.179 -0.026 -4.772 -4.798 5.08 66.10 -12.092 8.93 66.36 0.987 -0.012
0.55 6.297 -0.191 -6.158 -6.349 5.94 66.19 -13.718 10.13 66.27 0.976 -0.029
0.65 6.449 -0.452 -7.407 -7.859 6.85 66.21 -14.948 11.19 66.23 0.965 -0.045
0.75 6.634 -0.791 -8.474 -9.265 7.76 66.21 -15.792 12.05 66.19 0.956 -0.059
0.85 6.848 -1.186 -9.335 -10.521 8.63 66.16 -16.296 12.68 66.08 0.949 -0.069
0.95 7.088 -1.614 -9.991 -11.605 9.42 66.05 -16.547 13.08 65.88 0.945 -0.075
1.05 7.351 -2.051 -10.463 -12.514 10.12 65.85 -16.635 13.33 65.57 0.943 -0.076
1.15 7.631 -2.481 -10.780 -13.261 10.72 65.56 -16.625 13.46 65.18 0.943 -0.075
1.25 7.925 -2.886 -10.975 -13.861 11.23 65.20 -16.555 13.53 64.72 0.945 -0.071
1.35 8.230 -3.256 -11.079 -14.335 11.65 64.77 -16.446 13.54 64.21 0.949 -0.065
1.45 8.541 -3.582 -11.117 -14.699 11.99 64.29 -16.311 13.52 63.66 0.954 -0.057
1.55 8.857 -3.857 -11.113 -14.970 12.26 63.75 -16.157 13.48 63.06 0.961 -0.048
1.65 9.175 -4.079 -11.083 -15.162 12.47 63.18 -15.991 13.41 62.43 0.968 -0.039
1.75 9.492 -4.249 -11.040 -15.289 12.63 62.56 -15.817 13.33 61.77 0.976 -0.029
1.85 9.807 -4.366 -10.995 -15.360 12.75 61.92 -15.641 13.26 61.10 0.984 -0.020
1.95 10.119 -4.433 -10.954 -15.387 12.83 61.26 -15.465 13.18 60.42 0.992 -0.012
2.05 10.426 -4.453 -10.924 -15.377 12.88 60.59 -15.289 13.11 59.74 1.001 -0.003
2.15 10.727 -4.429 -10.907 -15.336 12.91 59.91 -15.112 13.04 59.06 1.008 0.004
2.25 11.022 -4.367 -10.904 -15.271 12.93 59.24 -14.933 12.97 58.39 1.016 0.011
2.35 11.310 -4.270 -10.915 -15.185 12.93 58.56 -14.753 12.91 57.71 1.023 0.017
2.45 11.590 -4.141 -10.940 -15.081 12.92 57.89 -14.570 12.86 57.04 1.029 0.022
2.55 11.861 -3.987 -10.977 -14.963 12.90 57.22 -14.385 12.80 56.37 1.035 0.027
2.65 12.125 -3.810 -11.023 -14.832 12.87 56.55 -14.197 12.75 55.70 1.040 0.031
2.75 12.380 -3.614 -11.077 -14.691 12.84 55.88 -14.005 12.70 55.04 1.045 0.034
2.85 12.625 -3.403 -11.136 -14.540 12.81 55.21 -13.811 12.65 54.37 1.049 0.037
2.95 12.862 -3.181 -11.199 -14.380 12.77 54.54 -13.613 12.59 53.70 1.052 0.039
3.05 13.090 -2.949 -11.264 -14.213 12.73 53.88 -13.413 12.54 53.03 1.055 0.041
3.15 13.309 -2.711 -11.329 -14.040 12.69 53.21 -13.210 12.49 52.36 1.057 0.042
3.25 13.518 -2.468 -11.393 -13.861 12.65 52.54 -13.004 12.44 51.69 1.059 0.042
3.35 13.718 -2.223 -11.454 -13.677 12.61 51.87 -12.796 12.39 51.02 1.060 0.043
3.45 13.909 -1.976 -11.512 -13.488 12.56 51.20 -12.586 12.34 50.36 1.061 0.043
3.55 14.091 -1.729 -11.566 -13.296 12.51 50.53 -12.374 12.29 49.69 1.062 0.043
3.65 14.264 -1.484 -11.616 -13.099 12.47 49.87 -12.161 12.24 49.03 1.062 0.043
3.75 14.427 -1.240 -11.659 -12.899 12.42 49.20 -11.947 12.19 48.36 1.062 0.043
3.85 14.582 -0.999 -11.698 -12.697 12.37 48.54 -11.731 12.14 47.71 1.062 0.042
3.95 14.728 -0.761 -11.731 -12.492 12.32 47.88 -11.514 12.09 47.05 1.062 0.042
4.05 14.865 -0.527 -11.758 -12.285 12.27 47.23 -11.297 12.04 46.40 1.062 0.041
4.15 14.994 -0.296 -11.780 -12.076 12.23 46.58 -11.080 11.99 45.76 1.061 0.040
4.25 15.114 -0.070 -11.795 -11.865 12.18 45.93 -10.863 11.94 45.12 1.060 0.040
4.35 15.227 0.152 -11.806 -11.653 12.13 45.29 -10.645 11.89 44.49 1.060 0.039
4.45 15.331 0.370 -11.810 -11.441 12.08 44.66 -10.428 11.84 43.87 1.059 0.038
4.55 15.427 0.583 -11.810 -11.227 12.03 44.04 -10.212 11.80 43.25 1.058 0.037
4.65 15.515 0.791 -11.804 -11.013 11.98 43.42 -9.996 11.75 42.64 1.057 0.036
4.75 15.596 0.995 -11.794 -10.799 11.93 42.81 -9.782 11.70 42.05 1.056 0.036
4.85 15.669 1.194 -11.779 -10.585 11.88 42.21 -9.568 11.66 41.46 1.055 0.035
4.95 15.736 1.388 -11.759 -10.372 11.84 41.62 -9.357 11.61 40.88 1.054 0.034
5.05 15.795 1.577 -11.736 -10.159 11.79 41.05 -9.147 11.57 40.32 1.053 0.033
5.15 15.848 1.762 -11.708 -9.947 11.74 40.48 -8.939 11.53 39.77 1.051 0.032
5.25 15.894 1.941 -11.677 -9.736 11.70 39.93 -8.734 11.49 39.23 1.050 0.031
5.35 15.934 2.116 -11.642 -9.526 11.66 39.38 -8.532 11.45 38.70 1.049 0.031
5.45 15.969 2.286 -11.604 -9.318 11.61 38.86 -8.333 11.41 38.19 1.048 0.030
5.55 15.997 2.451 -11.563 -9.113 11.57 38.34 -8.137 11.38 37.70 1.046 0.029
5.65 16.019 2.611 -11.520 -8.909 11.53 37.84 -7.945 11.35 37.21 1.045 0.028
5.75 16.037 2.765 -11.474 -8.708 11.49 37.36 -7.757 11.32 36.75 1.044 0.027
5.85 16.049 2.915 -11.425 -8.510 11.46 36.89 -7.573 11.29 36.30 1.042 0.026
5.95 16.056 3.060 -11.375 -8.316 11.42 36.43 -7.394 11.26 35.87 1.041 0.025
6.05 16.059 3.199 -11.323 -8.124 11.39 36.00 -7.220 11.24 35.45 1.039 0.024
6.15 16.057 3.333 -11.270 -7.937 11.36 35.58 -7.052 11.22 35.05 1.038 0.023
6.25 16.052 3.462 -11.216 -7.754 11.33 35.18 -6.889 11.20 34.68 1.036 0.022
6.35 16.042 3.585 -11.161 -7.576 11.31 34.79 -6.733 11.19 34.32 1.034 0.022
6.45 16.029 3.703 -11.105 -7.402 11.29 34.43 -6.583 11.18 33.98 1.033 0.021
6.55 16.012 3.815 -11.049 -7.234 11.27 34.09 -6.440 11.17 33.66 1.031 0.020
6.65 15.992 3.921 -10.992 -7.071 11.25 33.76 -6.303 11.17 33.36 1.030 0.019
6.75 15.970 4.022 -10.936 -6.914 11.23 33.45 -6.174 11.17 33.07 1.028 0.018
6.85 15.945 4.117 -10.880 -6.763 11.22 33.17 -6.053 11.18 32.81 1.026 0.017
6.95 15.917 4.206 -10.825 -6.618 11.22 32.90 -5.939 11.19 32.57 1.025 0.016
7.05 15.887 4.290 -10.770 -6.481 11.21 32.66 -5.833 11.20 32.35 1.023 0.015
7.15 15.856 4.367 -10.717 -6.350 11.21 32.43 -5.735 11.21 32.15 1.021 0.014
7.25 15.823 4.439 -10.664 -6.226 11.21 32.23 -5.645 11.23 31.97 1.019 0.013
7.35 15.788 4.504 -10.613 -6.109 11.22 32.04 -5.563 11.26 31.81 1.018 0.011
7.45 15.752 4.564 -10.564 -6.000 11.23 31.88 -5.489 11.28 31.67 1.016 0.010
7.55 15.716 4.618 -10.516 -5.898 11.25 31.73 -5.423 11.31 31.55 1.014 0.009
7.65 15.679 4.667 -10.470 -5.804 11.26 31.60 -5.366 11.35 31.44 1.013 0.008
7.75 15.641 4.709 -10.426 -5.717 11.28 31.49 -5.315 11.39 31.36 1.011 0.007
7.85 15.603 4.746 -10.385 -5.639 11.31 31.40 -5.273 11.43 31.28 1.009 0.006
7.95 15.565 4.777 -10.345 -5.567 11.34 31.32 -5.238 11.47 31.23 1.008 0.005
8.05 15.527 4.803 -10.307 -5.504 11.37 31.26 -5.210 11.52 31.19 1.006 0.005
8.15 15.489 4.824 -10.271 -5.447 11.40 31.22 -5.189 11.57 31.16 1.005 0.004
8.25 15.452 4.839 -10.238 -5.399 11.44 31.18 -5.174 11.62 31.15 1.004 0.003
8.35 15.415 4.850 -10.207 -5.357 11.48 31.17 -5.166 11.68 31.15 1.002 0.002
8.45 15.380 4.856 -10.178 -5.322 11.52 31.16 -5.164 11.74 31.15 1.001 0.001
8.55 15.345 4.857 -10.151 -5.294 11.57 31.16 -5.167 11.79 31.17 1.000 0.000
8.65 15.311 4.854 -10.126 -5.272 11.62 31.18 -5.176 11.86 31.20 0.999 -0.001
8.75 15.279 4.847 -10.103 -5.256 11.67 31.20 -5.189 11.92 31.23 0.997 -0.001
8.85 15.248 4.835 -10.082 -5.247 11.73 31.23 -5.207 11.98 31.27 0.996 -0.002
8.95 15.218 4.821 -10.063 -5.242 11.78 31.27 -5.229 12.05 31.32 0.995 -0.003
9.05 15.190 4.802 -10.046 -5.244 11.84 31.31 -5.255 12.12 31.37 0.995 -0.003
9.15 15.163 4.781 -10.030 -5.250 11.90 31.36 -5.284 12.19 31.42 0.994 -0.004
9.25 15.138 4.756 -10.016 -5.260 11.96 31.41 -5.315 12.26 31.48 0.993 -0.004
9.35 15.115 4.729 -10.004 -5.275 12.03 31.46 -5.350 12.33 31.53 0.992 -0.005
9.45 15.093 4.700 -9.993 -5.294 12.09 31.52 -5.386 12.40 31.59 0.992 -0.005
9.55 15.073 4.668 -9.983 -5.316 12.16 31.57 -5.425 12.47 31.64 0.991 -0.006
9.65 15.055 4.634 -9.975 -5.341 12.22 31.63 -5.465 12.55 31.70 0.991 -0.006
9.75 15.039 4.599 -9.968 -5.369 12.29 31.68 -5.506 12.62 31.75 0.990 -0.006
9.85 15.025 4.562 -9.961 -5.400 12.36 31.73 -5.548 12.70 31.80 0.990 -0.006
9.95 15.012 4.523 -9.956 -5.432 12.43 31.78 -5.590 12.77 31.84 0.990 -0.007
10.05 15.002 4.484 -9.951 -5.467 12.50 31.83 -5.633 12.84 31.88 0.989 -0.007
10.15 14.993 4.444 -9.947 -5.503 12.58 31.87 -5.675 12.92 31.92 0.989 -0.007
10.25 14.986 4.404 -9.943 -5.540 12.65 31.90 -5.717 12.99 31.95 0.989 -0.007
10.35 14.980 4.363 -9.940 -5.578 12.72 31.93 -5.759 13.06 31.97 0.989 -0.007
10.45 14.977 4.321 -9.937 -5.616 12.79 31.96 -5.799 13.14 31.99 0.989 -0.007
10.55 14.975 4.280 -9.935 -5.655 12.87 31.98 -5.839 13.21 32.00 0.989 -0.007
10.65 14.974 4.239 -9.932 -5.694 12.94 31.99 -5.877 13.28 32.01 0.989 -0.007
10.75 14.976 4.198 -9.930 -5.732 13.01 32.00 -5.914 13.35 32.00 0.989 -0.007
10.85 14.978 4.158 -9.928 -5.770 13.08 32.00 -5.949 13.42 31.99 0.989 -0.007
10.95 14.982 4.118 -9.925 -5.807 13.15 31.99 -5.982 13.49 31.98 0.990 -0.007
11.05 14.988 4.079 -9.922 -5.843 13.22 31.97 -6.013 13.56 31.95 0.990 -0.007
11.15 14.995 4.042 -9.919 -5.878 13.29 31.95 -6.042 13.62 31.92 0.990 -0.007
11.25 15.003 4.005 -9.916 -5.911 13.36 31.92 -6.068 13.69 31.88 0.990 -0.006
11.35 15.012 3.969 -9.912 -5.943 13.43 31.88 -6.093 13.75 31.83 0.991 -0.006
11.45 15.023 3.935 -9.908 -5.973 13.49 31.83 -6.114 13.81 31.77 0.991 -0.006
11.55 15.034 3.901 -9.903 -6.001 13.56 31.78 -6.134 13.87 31.71 0.991 -0.006
11.65 15.047 3.870 -9.898 -6.028 13.62 31.72 -6.150 13.92 31.64 0.992 -0.006
11.75 15.060 3.840 -9.892 -6.052 13.68 31.65 -6.164 13.98 31.56 0.992 -0.005
11.85 15.074 3.811 -9.885 -6.074 13.75 31.57 -6.175 14.03 31.47 0.993 -0.005
11.95 15.088 3.784 -9.878 -6.093 13.80 31.49 -6.183 14.08 31.38 0.993 -0.005
12.05 15.103 3.759 -9.870 -6.110 13.86 31.40 -6.189 14.13 31.28 0.993 -0.004
12.15 15.119 3.736 -9.861 -6.125 13.92 31.30 -6.192 14.18 31.18 0.994 -0.004
12.25 15.135 3.714 -9.852 -6.137 13.97 31.20 -6.192 14.22 31.07 0.994 -0.004
12.35 15.151 3.694 -9.841 -6.147 14.02 31.09 -6.190 14.26 30.95 0.995 -0.003
12.45 15.168 3.676 -9.831 -6.154 14.07 30.98 -6.185 14.30 30.83 0.995 -0.003
12.55 15.185 3.660 -9.819 -6.159 14.12 30.85 -6.177 14.34 30.70 0.996 -0.003
12.65 15.202 3.646 -9.807 -6.161 14.16 30.73 -6.167 14.37 30.57 0.996 -0.002
12.75 15.219 3.633 -9.793 -6.160 14.21 30.60 -6.154 14.41 30.43 0.997 -0.002
12.85 15.235 3.623 -9.780 -6.157 14.25 30.46 -6.139 14.44 30.29 0.997 -0.002
12.95 15.252 3.614 -9.765 -6.151 14.28 30.32 -6.121 14.46 30.15 0.998 -0.002
13.05 15.269 3.607 -9.750 -6.143 14.32 30.18 -6.101 14.49 30.00 0.998 -0.001
13.15 15.285 3.601 -9.734 -6.132 14.35 30.04 -6.079 14.51 29.85 0.999 -0.001
13.25 15.301 3.598 -9.717 -6.119 14.39 29.89 -6.054 14.53 29.70 0.999 -0.001
13.35 15.316 3.596 -9.700 -6.104 14.42 29.74 -6.028 14.55 29.55 1.000 -0.000
13.45 15.331 3.595 -9.682 -6.086 14.44 29.58 -6.000 14.57 29.39 1.000 -0.000
13.55 15.346 3.596 -9.663 -6.066 14.47 29.43 -5.970 14.58 29.23 1.001 0.000
13.65 15.360 3.599 -9.644 -6.044 14.49 29.27 -5.938 14.59 29.08 1.001 0.000
13.75 15.373 3.603 -9.624 -6.020 14.51 29.12 -5.904 14.60 28.92 1.001 0.001
13.85 15.386 3.609 -9.603 -5.995 14.53 28.96 -5.869 14.61 28.76 1.002 0.001
13.95 15.398 3.616 -9.583 -5.967 14.54 28.80 -5.832 14.62 28.60 1.002 0.001
14.05 15.409 3.624 -9.561 -5.937 14.56 28.65 -5.794 14.62 28.45 1.002 0.001
14.15 15.419 3.633 -9.539 -5.906 14.57 28.49 -5.755 14.62 28.29 1.003 0.002
14.25 15.429 3.644 -9.517 -5.873 14.58 28.34 -5.715 14.62 28.14 1.003 0.002
14.35 15.438 3.656 -9.494 -5.839 14.58 28.18 -5.674 14.61 27.99 1.003 0.002
14.45 15.446 3.668 -9.471 -5.803 14.59 28.03 -5.632 14.61 27.84 1.004 0.002
14.55 15.453 3.682 -9.448 -5.766 14.59 27.88 -5.589 14.60 27.70 1.004 0.002
14.65 15.459 3.696 -9.424 -5.728 14.59 27.74 -5.546 14.59 27.55 1.004 0.003
14.75 15.464 3.711 -9.400 -5.689 14.59 27.59 -5.502 14.58 27.42 1.004 0.003
14.85 15.469 3.727 -9.376 -5.649 14.58 27.46 -5.458 14.56 27.28 1.004 0.003
14.95 15.472 3.744 -9.352 -5.608 14.58 27.32 -5.413 14.55 27.15 1.005 0.003
15.05 15.475 3.761 -9.328 -5.567 14.57 27.19 -5.369 14.53 27.02 1.005 0.003
15.15 15.476 3.779 -9.304 -5.525 14.56 27.06 -5.325 14.51 26.90 1.005 0.003
15.25 15.477 3.797 -9.279 -5.482 14.55 26.94 -5.280 14.49 26.78 1.005 0.003
15.35 15.476 3.815 -9.255 -5.440 14.54 26.82 -5.236 14.47 26.67 1.005 0.003
15.45 15.475 3.834 -9.231 -5.397 14.52 26.71 -5.193 14.45 26.57 1.005 0.003
15.55 15.473 3.853 -9.207 -5.354 14.50 26.60 -5.150 14.42 26.47 1.005 0.003
15.65 15.470 3.872 -9.183 -5.311 14.49 26.50 -5.108 14.40 26.37 1.005 0.003
15.75 15.465 3.891 -9.159 -5.268 14.47 26.40 -5.066 14.37 26.29 1.005 0.003
15.85 15.460 3.910 -9.136 -5.226 14.45 26.32 -5.026 14.34 26.20 1.005 0.003
15.95 15.455 3.928 -9.113 -5.184 14.42 26.23 -4.986 14.31 26.13 1.005 0.003
16.05 15.448 3.947 -9.090 -5.143 14.40 26.16 -4.948 14.28 26.06 1.005 0.003
16.15 15.440 3.965 -9.068 -5.103 14.37 26.09 -4.911 14.25 26.00 1.005 0.003
16.25 15.432 3.983 -9.046 -5.063 14.35 26.02 -4.876 14.22 25.95 1.005 0.003
16.35 15.423 4.001 -9.025 -5.024 14.32 25.97 -4.842 14.19 25.90 1.005 0.003
16.45 15.413 4.018 -9.005 -4.987 14.29 25.92 -4.810 14.16 25.86 1.005 0.003
16.55 15.403 4.035 -8.985 -4.951 14.26 25.88 -4.780 14.12 25.83 1.004 0.003
16.65 15.391 4.051 -8.966 -4.916 14.23 25.84 -4.751 14.09 25.80 1.004 0.003
16.75 15.380 4.066 -8.948 -4.882 14.20 25.82 -4.725 14.06 25.79 1.004 0.003
16.85 15.367 4.080 -8.931 -4.850 14.17 25.80 -4.701 14.02 25.77 1.004 0.003
16.95 15.354 4.094 -8.914 -4.820 14.14 25.78 -4.679 13.99 25.77 1.004 0.002
17.05 15.341 4.107 -8.899 -4.792 14.11 25.78 -4.660 13.96 25.77 1.003 0.002
17.15 15.327 4.119 -8.884 -4.766 14.08 25.78 -4.643 13.93 25.78 1.003 0.002
17.25 15.313 4.130 -8.871 -4.741 14.05 25.79 -4.628 13.90 25.80 1.003 0.002
17.35 15.298 4.139 -8.858 -4.719 14.01 25.80 -4.616 13.87 25.83 1.002 0.002
17.45 15.283 4.148 -8.847 -4.699 13.98 25.83 -4.607 13.84 25.86 1.002 0.001
17.55 15.268 4.155 -8.837 -4.682 13.95 25.86 -4.601 13.81 25.89 1.002 0.001
17.65 15.252 4.161 -8.828 -4.666 13.92 25.89 -4.597 13.78 25.94 1.002 0.001
17.75 15.237 4.166 -8.820 -4.654 13.89 25.93 -4.596 13.76 25.99 1.001 0.001
17.85 15.221 4.170 -8.813 -4.643 13.86 25.98 -4.598 13.73 26.04 1.001 0.001
17.95 15.206 4.172 -8.808 -4.636 13.84 26.03 -4.603 13.71 26.10 1.000 0.000
18.05 15.190 4.173 -8.804 -4.631 13.81 26.09 -4.610 13.69 26.17 1.000 0.000
18.15 15.175 4.173 -8.801 -4.628 13.79 26.16 -4.621 13.67 26.24 1.000 -0.000
18.25 15.160 4.171 -8.799 -4.629 13.76 26.23 -4.634 13.66 26.32 0.999 -0.000
18.35 15.145 4.167 -8.799 -4.632 13.74 26.30 -4.650 13.64 26.40 0.999 -0.001
18.45 15.130 4.162 -8.800 -4.638 13.72 26.38 -4.669 13.63 26.48 0.998 -0.001
18.55 15.115 4.156 -8.802 -4.646 13.70 26.46 -4.691 13.62 26.57 0.998 -0.001
18.65 15.101 4.148 -8.806 -4.658 13.69 26.55 -4.715 13.62 26.66 0.998 -0.001
18.75 15.088 4.139 -8.811 -4.672 13.68 26.64 -4.742 13.61 26.75 0.997 -0.002
18.85 15.075 4.128 -8.817 -4.688 13.66 26.73 -4.771 13.61 26.85 0.997 -0.002
18.95 15.062 4.116 -8.824 -4.708 13.65 26.82 -4.802 13.61 26.94 0.997 -0.002
19.05 15.051 4.103 -8.832 -4.729 13.65 26.92 -4.836 13.62 27.04 0.996 -0.002
19.15 15.039 4.088 -8.842 -4.754 13.64 27.02 -4.871 13.63 27.14 0.996 -0.003
19.25 15.029 4.072 -8.852 -4.780 13.64 27.12 -4.908 13.64 27.24 0.996 -0.003
19.35 15.020 4.055 -8.864 -4.809 13.64 27.22 -4.948 13.65 27.35 0.995 -0.003
19.45 15.011 4.037 -8.876 -4.839 13.65 27.32 -4.988 13.67 27.45 0.995 -0.003
19.55 15.003 4.017 -8.889 -4.872 13.65 27.42 -5.030 13.68 27.55 0.995 -0.003
19.65 14.996 3.997 -8.904 -4.907 13.66 27.52 -5.073 13.70 27.64 0.994 -0.004
19.75 14.990 3.976 -8.918 -4.943 13.67 27.62 -5.116 13.73 27.74 0.994 -0.004
19.85 14.985 3.953 -8.934 -4.980 13.69 27.71 -5.161 13.75 27.83 0.994 -0.004
19.95 14.981 3.931 -8.950 -5.019 13.70 27.81 -5.205 13.78 27.93 0.994 -0.004
