t V gam alpha th Tc Tr thsp Tcc Trc lf gd
0.05 5.487 4.854 -1.437 3.418 28.44 72.22 0.000 29.12 69.35 1.061 0.141
0.15 5.759 5.182 -2.384 2.798 28.73 67.74 0.000 30.26 61.35 1.004 0.061
0.25 6.039 5.034 -2.743 2.291 29.01 64.43 0.000 30.26 61.12 0.971 -0.029
0.35 6.325 4.721 -2.846 1.876 29.23 62.68 0.000 30.26 60.70 0.962 -0.055
0.45 6.616 4.385 -2.849 1.536 29.42 61.29 0.000 30.26 59.57 0.961 -0.059
0.55 6.910 4.062 -2.804 1.257 29.57 59.92 0.000 30.26 58.18 0.962 -0.056
0.65 7.206 3.761 -2.732 1.029 29.67 58.48 0.000 30.00 56.63 0.963 -0.052
0.75 7.502 3.486 -2.643 0.843 29.65 56.95 0.000 29.43 54.99 0.965 -0.048
0.85 7.795 3.234 -2.544 0.690 29.54 55.33 0.000 28.88 53.27 0.967 -0.044
0.95 8.085 3.004 -2.439 0.565 29.35 53.64 0.000 28.35 51.48 0.969 -0.040
1.05 8.368 2.794 -2.332 0.463 29.09 51.89 0.000 27.85 49.66 0.970 -0.036
1.15 8.646 2.603 -2.224 0.379 28.80 50.09 0.000 27.36 47.81 0.972 -0.033
1.25 8.916 2.427 -2.117 0.310 28.48 48.26 0.000 26.90 45.93 0.974 -0.030
1.35 9.179 2.266 -2.012 0.254 28.13 46.40 0.000 26.46 44.05 0.975 -0.028
1.45 9.433 2.119 -1.911 0.208 27.77 44.53 0.000 26.04 42.16 0.977 -0.025
1.55 9.679 1.983 -1.813 0.170 27.40 42.65 0.000 25.65 40.28 0.978 -0.023
1.65 9.917 1.858 -1.719 0.139 27.03 40.78 0.000 25.28 38.42 0.979 -0.021
1.75 10.146 1.743 -1.629 0.114 26.66 38.92 0.000 24.93 36.57 0.980 -0.020
1.85 10.367 1.637 -1.543 0.093 26.30 37.07 0.000 24.60 34.75 0.981 -0.018
1.95 10.580 1.538 -1.462 0.076 25.95 35.25 0.000 24.29 32.95 0.983 -0.017
2.05 10.784 1.447 -1.385 0.063 25.61 33.45 0.000 24.00 31.19 0.983 -0.016
2.15 10.981 1.363 -1.312 0.051 25.28 31.68 0.000 23.72 29.46 0.984 -0.014
2.25 11.169 1.285 -1.243 0.042 24.96 29.95 0.000 23.47 27.76 0.985 -0.013
2.35 11.351 1.212 -1.177 0.034 24.66 28.25 0.000 23.22 26.11 0.986 -0.012
2.45 11.525 1.144 -1.116 0.028 24.36 26.58 0.000 23.00 24.49 0.987 -0.012
2.55 11.692 1.081 -1.058 0.023 24.09 24.96 0.000 22.78 22.92 0.988 -0.011
2.65 11.852 1.022 -1.003 0.019 23.82 23.37 0.000 22.58 21.38 0.988 -0.010
2.75 12.006 0.967 -0.951 0.015 23.57 21.83 0.000 22.39 19.89 0.989 -0.009
2.85 12.153 0.915 -0.903 0.013 23.33 20.32 0.000 22.21 18.43 0.990 -0.009
2.95 12.295 0.867 -0.857 0.010 23.11 18.86 0.000 22.05 17.02 0.990 -0.008
3.05 12.430 0.822 -0.814 0.008 22.89 17.44 0.000 21.89 15.65 0.991 -0.008
3.15 12.561 0.780 -0.773 0.007 22.69 16.06 0.000 21.74 14.32 0.991 -0.007
3.25 12.686 0.740 -0.735 0.006 22.50 14.71 0.000 21.60 13.03 0.992 -0.007
3.35 12.806 0.703 -0.699 0.005 22.32 13.41 0.000 21.47 11.78 0.992 -0.006
3.45 12.921 0.668 -0.665 0.004 22.15 12.15 0.000 21.34 10.57 0.992 -0.006
3.55 13.031 0.636 -0.640 -0.004 21.98 11.00 -0.073 21.18 9.66 0.993 -0.006
3.65 13.137 0.615 -0.676 -0.061 21.79 10.34 -0.396 20.87 9.62 0.997 -0.004
3.75 13.239 0.611 -0.775 -0.164 21.58 9.96 -0.698 20.57 9.54 1.001 -0.001
3.85 13.336 0.622 -0.922 -0.300 21.36 9.72 -0.981 20.29 9.46 1.004 0.002
3.95 13.429 0.642 -1.102 -0.460 21.13 9.57 -1.247 20.02 9.40 1.005 0.004
4.05 13.518 0.666 -1.303 -0.638 20.89 9.47 -1.496 19.77 9.36 1.006 0.004
4.15 13.603 0.690 -1.516 -0.826 20.66 9.41 -1.730 19.53 9.34 1.006 0.004
4.25 13.685 0.713 -1.733 -1.020 20.42 9.37 -1.950 19.31 9.33 1.005 0.004
4.35 13.763 0.731 -1.949 -1.217 20.19 9.35 -2.157 19.09 9.33 1.004 0.003
4.45 13.837 0.745 -2.160 -1.415 19.96 9.35 -2.351 18.89 9.35 1.003 0.002
4.55 13.908 0.753 -2.363 -1.610 19.74 9.36 -2.534 18.70 9.37 1.001 0.002
4.65 13.977 0.757 -2.558 -1.801 19.53 9.37 -2.707 18.52 9.39 1.000 0.001
4.75 14.042 0.755 -2.743 -1.988 19.32 9.39 -2.871 18.35 9.41 0.999 -0.000
4.85 14.105 0.749 -2.919 -2.170 19.12 9.41 -3.025 18.18 9.44 0.998 -0.001
4.95 14.166 0.740 -3.085 -2.345 18.93 9.43 -3.172 18.02 9.46 0.997 -0.002
5.05 14.224 0.727 -3.241 -2.514 18.74 9.46 -3.311 17.87 9.49 0.996 -0.002
5.15 14.279 0.711 -3.388 -2.677 18.57 9.48 -3.443 17.73 9.52 0.996 -0.003
5.25 14.333 0.693 -3.527 -2.833 18.40 9.51 -3.569 17.59 9.54 0.995 -0.003
5.35 14.385 0.674 -3.657 -2.983 18.23 9.53 -3.689 17.46 9.56 0.995 -0.003
5.45 14.435 0.653 -3.780 -3.127 18.08 9.56 -3.803 17.34 9.59 0.995 -0.004
5.55 14.483 0.632 -3.896 -3.265 17.93 9.58 -3.912 17.22 9.61 0.994 -0.004
5.65 14.529 0.610 -4.006 -3.396 17.78 9.60 -4.016 17.10 9.63 0.994 -0.004
5.75 14.574 0.587 -4.110 -3.522 17.64 9.62 -4.115 16.99 9.65 0.994 -0.004
5.85 14.617 0.565 -4.208 -3.643 17.51 9.64 -4.210 16.89 9.66 0.994 -0.004
5.95 14.658 0.543 -4.301 -3.758 17.38 9.66 -4.301 16.79 9.68 0.994 -0.004
6.05 14.698 0.521 -4.390 -3.869 17.26 9.68 -4.388 16.69 9.70 0.994 -0.004
6.15 14.737 0.500 -4.474 -3.974 17.14 9.69 -4.471 16.59 9.71 0.994 -0.004
6.25 14.774 0.479 -4.554 -4.075 17.03 9.71 -4.551 16.50 9.72 0.995 -0.004
6.35 14.810 0.459 -4.631 -4.172 16.92 9.72 -4.627 16.42 9.74 0.995 -0.004
6.45 14.845 0.439 -4.704 -4.265 16.82 9.73 -4.700 16.33 9.75 0.995 -0.003
6.55 14.879 0.420 -4.774 -4.353 16.72 9.75 -4.770 16.25 9.76 0.995 -0.003
6.65 14.911 0.402 -4.840 -4.438 16.63 9.76 -4.838 16.18 9.77 0.995 -0.003
6.75 14.943 0.385 -4.904 -4.520 16.53 9.77 -4.902 16.10 9.78 0.995 -0.003
6.85 14.973 0.368 -4.966 -4.598 16.45 9.78 -4.964 16.03 9.79 0.996 -0.003
6.95 15.002 0.352 -5.025 -4.672 16.36 9.79 -5.024 15.96 9.80 0.996 -0.003
7.05 15.030 0.337 -5.081 -4.744 16.28 9.80 -5.081 15.90 9.81 0.996 -0.003
7.15 15.058 0.322 -5.135 -4.813 16.20 9.81 -5.136 15.83 9.82 0.996 -0.003
7.25 15.084 0.308 -5.187 -4.879 16.12 9.81 -5.189 15.76 9.82 0.996 -0.002
7.35 15.109 0.295 -5.237 -4.942 16.05 9.82 -5.239 15.70 9.83 0.997 -0.002
7.45 15.134 0.283 -5.285 -5.003 15.98 9.83 -5.288 15.63 9.84 0.997 -0.002
7.55 15.157 0.270 -5.331 -5.061 15.91 9.84 -5.334 15.57 9.85 0.997 -0.002
7.65 15.180 0.259 -5.375 -5.117 15.84 9.84 -5.379 15.50 9.85 0.997 -0.002
7.75 15.202 0.248 -5.418 -5.170 15.77 9.85 -5.422 15.44 9.86 0.997 -0.002
7.85 15.222 0.237 -5.459 -5.221 15.70 9.86 -5.463 15.37 9.86 0.997 -0.002
7.95 15.243 0.227 -5.498 -5.270 15.63 9.86 -5.502 15.31 9.87 0.997 -0.002
8.05 15.262 0.217 -5.535 -5.318 15.56 9.87 -5.539 15.24 9.88 0.997 -0.002
8.15 15.280 0.208 -5.571 -5.363 15.50 9.87 -5.575 15.18 9.88 0.998 -0.002
8.25 15.298 0.199 -5.605 -5.406 15.43 9.88 -5.608 15.12 9.89 0.998 -0.002
8.35 15.314 0.191 -5.638 -5.447 15.36 9.89 -5.641 15.06 9.89 0.998 -0.002
8.45 15.330 0.182 -5.669 -5.486 15.30 9.89 -5.671 14.99 9.90 0.998 -0.001
8.55 15.345 0.174 -5.698 -5.524 15.24 9.90 -5.700 14.93 9.90 0.998 -0.001
8.65 15.360 0.166 -5.726 -5.560 15.17 9.90 -5.728 14.87 9.91 0.998 -0.001
8.75 15.373 0.159 -5.753 -5.594 15.11 9.91 -5.754 14.81 9.91 0.998 -0.001
8.85 15.386 0.152 -5.778 -5.626 15.05 9.91 -5.778 14.75 9.92 0.998 -0.001
8.95 15.398 0.145 -5.801 -5.657 14.99 9.91 -5.801 14.69 9.92 0.998 -0.001
9.05 15.409 0.138 -5.824 -5.686 14.93 9.92 -5.823 14.64 9.93 0.998 -0.001
9.15 15.420 0.131 -5.845 -5.714 14.87 9.92 -5.843 14.58 9.93 0.998 -0.001
9.25 15.430 0.125 -5.864 -5.740 14.81 9.93 -5.862 14.52 9.93 0.998 -0.001
9.35 15.439 0.118 -5.882 -5.764 14.75 9.93 -5.879 14.47 9.94 0.998 -0.001
9.45 15.447 0.112 -5.899 -5.787 14.69 9.94 -5.895 14.41 9.94 0.998 -0.001
9.55 15.455 0.106 -5.915 -5.809 14.63 9.94 -5.910 14.36 9.95 0.998 -0.001
9.65 15.462 0.100 -5.929 -5.829 14.57 9.94 -5.923 14.31 9.95 0.998 -0.001
9.75 15.469 0.095 -5.942 -5.848 14.52 9.95 -5.936 14.25 9.95 0.998 -0.001
9.85 15.475 0.089 -5.954 -5.865 14.46 9.95 -5.947 14.20 9.96 0.998 -0.001
9.95 15.480 0.084 -5.965 -5.882 14.41 9.96 -5.957 14.15 9.96 0.999 -0.001
10.05 15.484 0.078 -5.975 -5.896 14.36 9.96 -5.966 14.10 9.96 0.999 -0.001
10.15 15.488 0.073 -5.983 -5.910 14.30 9.96 -5.974 14.06 9.97 0.999 -0.001
10.25 15.492 0.068 -5.991 -5.923 14.25 9.97 -5.980 14.01 9.97 0.999 -0.001
10.35 15.495 0.063 -5.997 -5.934 14.20 9.97 -5.986 13.96 9.97 0.999 -0.001
10.45 15.497 0.059 -6.003 -5.944 14.15 9.97 -5.991 13.92 9.98 0.999 -0.001
10.55 15.499 0.054 -6.007 -5.953 14.10 9.98 -5.994 13.87 9.98 0.999 -0.001
10.65 15.500 0.050 -6.010 -5.961 14.06 9.98 -5.997 13.83 9.98 0.999 -0.001
10.75 15.501 0.045 -6.013 -5.968 14.01 9.98 -5.999 13.79 9.99 0.999 -0.001
10.85 15.501 0.041 -6.014 -5.973 13.96 9.99 -6.000 13.75 9.99 0.999 -0.001
10.95 15.501 0.037 -6.015 -5.978 13.92 9.99 -5.999 13.71 9.99 0.999 -0.001
11.05 15.500 0.033 -6.014 -5.982 13.88 9.99 -5.999 13.67 9.99 0.999 -0.001
11.15 15.499 0.029 -6.013 -5.985 13.83 9.99 -5.997 13.63 10.00 0.999 -0.001
11.25 15.497 0.025 -6.011 -5.987 13.79 10.00 -5.994 13.59 10.00 0.999 -0.001
11.35 15.495 0.021 -6.009 -5.988 13.75 10.00 -5.991 13.56 10.00 0.999 -0.001
11.45 15.493 0.017 -6.005 -5.988 13.71 10.00 -5.987 13.52 10.00 0.999 -0.001
11.55 15.490 0.014 -6.001 -5.987 13.67 10.00 -5.982 13.49 10.01 0.999 -0.001
11.65 15.487 0.010 -5.996 -5.985 13.63 10.01 -5.977 13.46 10.01 0.999 -0.001
11.75 15.483 0.007 -5.990 -5.983 13.60 10.01 -5.971 13.43 10.01 0.999 -0.001
11.85 15.479 0.004 -5.984 -5.980 13.56 10.01 -5.964 13.40 10.01 0.999 -0.001
11.95 15.475 0.001 -5.977 -5.976 13.53 10.01 -5.957 13.37 10.01 0.999 -0.001
12.05 15.470 -0.002 -5.969 -5.971 13.49 10.01 -5.949 13.34 10.02 0.999 -0.001
12.15 15.466 -0.005 -5.961 -5.966 13.46 10.02 -5.940 13.31 10.02 0.999 -0.001
12.25 15.460 -0.008 -5.952 -5.960 13.43 10.02 -5.931 13.28 10.02 0.999 -0.001
12.35 15.455 -0.011 -5.943 -5.953 13.40 10.02 -5.921 13.26 10.02 0.999 -0.000
12.45 15.449 -0.014 -5.933 -5.946 13.37 10.02 -5.911 13.23 10.02 0.999 -0.000
12.55 15.443 -0.016 -5.922 -5.938 13.34 10.02 -5.901 13.21 10.03 0.999 -0.000
12.65 15.437 -0.019 -5.911 -5.930 13.32 10.02 -5.890 13.19 10.03 0.999 -0.000
12.75 15.431 -0.021 -5.900 -5.921 13.29 10.03 -5.878 13.17 10.03 0.999 -0.000
12.85 15.424 -0.023 -5.888 -5.912 13.27 10.03 -5.866 13.15 10.03 0.999 -0.000
12.95 15.418 -0.026 -5.876 -5.902 13.24 10.03 -5.854 13.13 10.03 0.999 -0.000
13.05 15.411 -0.028 -5.864 -5.891 13.22 10.03 -5.842 13.11 10.03 0.999 -0.000
13.15 15.404 -0.030 -5.851 -5.881 13.20 10.03 -5.829 13.09 10.03 0.999 -0.000
13.25 15.396 -0.032 -5.838 -5.869 13.18 10.03 -5.815 13.08 10.03 0.999 -0.000
13.35 15.389 -0.034 -5.824 -5.858 13.16 10.03 -5.802 13.06 10.04 0.999 -0.000
13.45 15.381 -0.036 -5.810 -5.846 13.14 10.04 -5.788 13.05 10.04 1.000 -0.000
13.55 15.374 -0.037 -5.796 -5.833 13.12 10.04 -5.774 13.03 10.04 1.000 -0.000
13.65 15.366 -0.039 -5.782 -5.820 13.10 10.04 -5.759 13.02 10.04 1.000 -0.000
13.75 15.358 -0.040 -5.767 -5.807 13.08 10.04 -5.745 13.01 10.04 1.000 -0.000
13.85 15.350 -0.042 -5.752 -5.794 13.07 10.04 -5.730 13.00 10.04 1.000 -0.000
13.95 15.342 -0.043 -5.737 -5.780 13.06 10.04 -5.715 12.99 10.04 1.000 -0.000
14.05 15.334 -0.045 -5.722 -5.766 13.04 10.04 -5.700 12.98 10.04 1.000 -0.000
14.15 15.326 -0.046 -5.706 -5.752 13.03 10.04 -5.685 12.97 10.04 1.000 -0.000
14.25 15.317 -0.047 -5.691 -5.738 13.02 10.04 -5.669 12.96 10.04 1.000 -0.000
14.35 15.309 -0.048 -5.675 -5.723 13.01 10.04 -5.654 12.96 10.04 1.000 -0.000
14.45 15.301 -0.049 -5.659 -5.709 13.00 10.04 -5.638 12.95 10.04 1.000 -0.000
14.55 15.292 -0.050 -5.643 -5.694 12.99 10.04 -5.623 12.94 10.04 1.000 -0.000
14.65 15.284 -0.051 -5.628 -5.679 12.98 10.04 -5.607 12.94 10.04 1.000 -0.000
14.75 15.276 -0.052 -5.612 -5.663 12.97 10.04 -5.591 12.94 10.04 1.000 -0.000
14.85 15.267 -0.053 -5.595 -5.648 12.96 10.04 -5.575 12.93 10.05 1.000 -0.000
14.95 15.259 -0.053 -5.579 -5.633 12.96 10.04 -5.559 12.93 10.05 1.000 -0.000
15.05 15.250 -0.054 -5.563 -5.617 12.95 10.05 -5.544 12.93 10.05 1.000 -0.000
15.15 15.242 -0.055 -5.547 -5.602 12.95 10.05 -5.528 12.93 10.05 1.000 -0.000
15.25 15.234 -0.055 -5.531 -5.586 12.94 10.05 -5.512 12.93 10.05 1.000 -0.000
15.35 15.226 -0.055 -5.515 -5.571 12.94 10.05 -5.496 12.93 10.05 1.000 -0.000
15.45 15.217 -0.056 -5.499 -5.555 12.94 10.05 -5.481 12.93 10.05 1.000 -0.000
15.55 15.209 -0.056 -5.483 -5.539 12.94 10.05 -5.465 12.93 10.05 1.000 -0.000
15.65 15.201 -0.056 -5.467 -5.524 12.94 10.05 -5.449 12.93 10.05 1.000 -0.000
15.75 15.193 -0.057 -5.452 -5.508 12.93 10.05 -5.434 12.93 10.05 1.000 -0.000
15.85 15.185 -0.057 -5.436 -5.493 12.93 10.05 -5.419 12.93 10.05 1.000 -0.000
15.95 15.177 -0.057 -5.420 -5.477 12.93 10.05 -5.403 12.94 10.05 1.000 -0.000
16.05 15.170 -0.057 -5.405 -5.462 12.94 10.05 -5.388 12.94 10.04 1.000 -0.000
16.15 15.162 -0.057 -5.389 -5.446 12.94 10.04 -5.373 12.95 10.04 1.000 0.000
16.25 15.154 -0.057 -5.374 -5.431 12.94 10.04 -5.359 12.95 10.04 1.000 0.000
16.35 15.147 -0.057 -5.359 -5.416 12.94 10.04 -5.344 12.96 10.04 1.000 0.000
16.45 15.139 -0.056 -5.344 -5.401 12.95 10.04 -5.329 12.96 10.04 1.000 0.000
16.55 15.132 -0.056 -5.330 -5.386 12.95 10.04 -5.315 12.97 10.04 1.000 0.000
16.65 15.125 -0.056 -5.315 -5.371 12.95 10.04 -5.301 12.97 10.04 1.000 0.000
16.75 15.118 -0.056 -5.301 -5.356 12.96 10.04 -5.287 12.98 10.04 1.000 0.000
16.85 15.111 -0.055 -5.287 -5.342 12.96 10.04 -5.273 12.99 10.04 1.000 0.000
16.95 15.104 -0.055 -5.273 -5.328 12.97 10.04 -5.260 12.99 10.04 1.000 0.000
17.05 15.097 -0.055 -5.259 -5.313 12.97 10.04 -5.246 13.00 10.04 1.000 0.000
17.15 15.090 -0.054 -5.245 -5.299 12.98 10.04 -5.233 13.01 10.04 1.000 0.000
17.25 15.084 -0.054 -5.232 -5.286 12.99 10.04 -5.220 13.02 10.04 1.000 0.000
17.35 15.077 -0.053 -5.219 -5.272 12.99 10.04 -5.208 13.02 10.04 1.000 0.000
17.45 15.071 -0.053 -5.206 -5.259 13.00 10.04 -5.195 13.03 10.04 1.000 0.000
17.55 15.065 -0.052 -5.194 -5.245 13.01 10.04 -5.183 13.04 10.04 1.000 0.000
17.65 15.059 -0.051 -5.181 -5.232 13.01 10.04 -5.171 13.05 10.04 1.000 0.000
17.75 15.053 -0.051 -5.169 -5.220 13.02 10.04 -5.159 13.06 10.04 1.000 0.000
17.85 15.047 -0.050 -5.157 -5.207 13.03 10.04 -5.148 13.07 10.04 1.000 0.000
17.95 15.041 -0.049 -5.146 -5.195 13.04 10.04 -5.136 13.08 10.04 1.000 0.000
18.05 15.036 -0.048 -5.134 -5.183 13.05 10.04 -5.125 13.09 10.03 1.000 0.000
18.15 15.031 -0.048 -5.123 -5.171 13.06 10.03 -5.115 13.10 10.03 1.000 0.000
18.25 15.025 -0.047 -5.112 -5.159 13.06 10.03 -5.104 13.11 10.03 1.000 0.000
18.35 15.020 -0.046 -5.102 -5.148 13.07 10.03 -5.094 13.12 10.03 1.000 0.000
18.45 15.015 -0.045 -5.091 -5.137 13.08 10.03 -5.084 13.13 10.03 1.000 0.000
18.55 15.011 -0.044 -5.081 -5.126 13.09 10.03 -5.075 13.14 10.03 1.000 0.000
18.65 15.006 -0.044 -5.072 -5.115 13.10 10.03 -5.065 13.15 10.03 1.000 0.000
18.75 15.001 -0.043 -5.062 -5.105 13.11 10.03 -5.056 13.16 10.03 1.000 0.000
18.85 14.997 -0.042 -5.053 -5.095 13.12 10.03 -5.047 13.17 10.03 1.000 0.000
18.95 14.993 -0.041 -5.044 -5.085 13.13 10.03 -5.039 13.18 10.03 1.000 0.000
19.05 14.989 -0.040 -5.035 -5.075 13.14 10.03 -5.030 13.19 10.03 1.000 0.000
19.15 14.985 -0.039 -5.027 -5.066 13.15 10.03 -5.022 13.20 10.03 1.000 0.000
19.25 14.981 -0.038 -5.019 -5.057 13.16 10.03 -5.014 13.21 10.03 1.000 0.000
19.35 14.977 -0.037 -5.011 -5.048 13.17 10.03 -5.007 13.22 10.02 1.000 0.000
19.45 14.974 -0.036 -5.004 -5.040 13.18 10.02 -5.000 13.23 10.02 1.000 0.000
19.55 14.970 -0.035 -4.996 -5.032 13.19 10.02 -4.993 13.24 10.02 1.000 0.000
19.65 14.967 -0.034 -4.989 -5.024 13.20 10.02 -4.986 13.25 10.02 1.000 0.000
19.75 14.964 -0.033 -4.983 -5.016 13.21 10.02 -4.980 13.26 10.02 1.000 0.000
19.85 14.961 -0.032 -4.976 -5.008 13.22 10.02 -4.973 13.27 10.02 1.000 0.000
19.95 14.958 -0.031 -4.970 -5.001 13.23 10.02 -4.967 13.28 10.02 1.000 0.000
