t V gam alpha th Tc Tr thsp Tcc Trc lf gd
0.05 5.485 4.904 -1.131 3.773 28.36 73.30 3.730 28.32 73.17 1.079 0.141
0.15 5.745 5.694 -1.941 3.753 28.34 73.08 3.643 28.24 72.77 1.080 0.138
0.25 6.002 6.447 -2.725 3.722 28.31 72.76 3.565 28.16 72.31 1.079 0.132
0.35 6.256 7.154 -3.470 3.684 28.27 72.34 3.493 28.08 71.80 1.077 0.124
0.45 6.507 7.809 -4.169 3.640 28.23 71.87 3.427 28.00 71.25 1.074 0.115
0.55 6.754 8.410 -4.818 3.593 28.17 71.34 3.366 27.92 70.66 1.070 0.105
0.65 6.998 8.958 -5.348 3.610 28.10 70.68 4.003 27.67 69.72 1.066 0.096
0.75 7.231 9.455 -5.414 4.041 27.87 69.26 6.254 26.52 67.26 1.061 0.087
0.85 7.449 9.886 -5.387 4.499 27.49 67.49 6.651 25.55 65.19 1.053 0.076
0.95 7.649 10.242 -5.311 4.931 27.00 65.61 6.948 24.58 63.24 1.044 0.062
1.05 7.832 10.531 -5.212 5.319 26.47 63.90 7.128 23.87 61.76 1.037 0.051
1.15 7.997 10.768 -5.099 5.669 25.91 62.33 7.264 23.24 60.44 1.032 0.041
1.25 8.147 10.967 -4.987 5.980 25.34 60.92 7.421 22.61 59.18 1.027 0.035
1.35 8.282 11.135 -4.884 6.251 24.78 59.67 7.496 22.15 58.14 1.024 0.030
1.45 8.402 11.280 -4.795 6.484 24.24 58.56 7.538 21.77 57.21 1.021 0.025
1.55 8.511 11.404 -4.719 6.685 23.74 57.55 7.592 21.38 56.31 1.018 0.022
1.65 8.608 11.511 -4.670 6.841 23.29 56.68 7.553 21.16 55.60 1.016 0.019
1.75 8.696 11.602 -4.640 6.962 22.87 55.90 7.517 20.94 54.92 1.013 0.016
1.85 8.775 11.677 -4.632 7.045 22.50 55.20 7.387 20.80 54.35 1.011 0.013
1.95 8.847 11.735 -4.648 7.087 22.18 54.58 7.245 20.66 53.82 1.008 0.010
2.05 8.913 11.776 -4.682 7.095 21.88 54.02 7.090 20.52 53.32 1.005 0.007
2.15 8.974 11.799 -4.728 7.071 21.62 53.50 6.923 20.38 52.87 1.002 0.004
2.25 9.031 11.802 -4.783 7.019 21.37 53.04 6.743 20.24 52.46 0.999 0.001
2.35 9.084 11.788 -4.845 6.943 21.15 52.61 6.552 20.10 52.09 0.996 -0.002
2.45 9.135 11.755 -4.911 6.845 20.94 52.23 6.354 19.95 51.75 0.993 -0.006
2.55 9.184 11.707 -4.979 6.728 20.74 51.88 6.151 19.80 51.45 0.991 -0.008
2.65 9.232 11.644 -5.049 6.595 20.55 51.57 5.946 19.65 51.19 0.988 -0.011
2.75 9.278 11.567 -5.118 6.449 20.36 51.29 5.740 19.49 50.94 0.986 -0.013
2.85 9.323 11.478 -5.186 6.292 20.18 51.03 5.535 19.32 50.72 0.984 -0.015
2.95 9.367 11.380 -5.253 6.127 20.00 50.80 5.332 19.14 50.52 0.983 -0.017
3.05 9.411 11.272 -5.317 5.955 19.82 50.59 5.132 18.96 50.32 0.981 -0.019
3.15 9.454 11.158 -5.379 5.778 19.64 50.39 4.935 18.78 50.14 0.980 -0.020
3.25 9.497 11.037 -5.438 5.599 19.46 50.20 4.743 18.58 49.97 0.979 -0.021
3.35 9.539 10.910 -5.492 5.418 19.27 50.02 4.555 18.38 49.80 0.978 -0.022
3.45 9.581 10.780 -5.544 5.236 19.08 49.85 4.373 18.18 49.63 0.977 -0.023
3.55 9.623 10.646 -5.591 5.055 18.89 49.67 4.195 17.96 49.46 0.976 -0.023
3.65 9.665 10.509 -5.633 4.875 18.69 49.50 4.023 17.75 49.28 0.976 -0.024
3.75 9.705 10.369 -5.671 4.698 18.49 49.33 3.857 17.53 49.11 0.975 -0.024
3.85 9.746 10.228 -5.705 4.523 18.28 49.15 3.696 17.30 48.92 0.975 -0.025
3.95 9.786 10.085 -5.733 4.352 18.07 48.97 3.541 17.07 48.73 0.975 -0.025
4.05 9.824 9.940 -5.756 4.184 17.86 48.78 3.391 16.83 48.53 0.974 -0.025
4.15 9.863 9.794 -5.774 4.020 17.64 48.58 3.246 16.59 48.33 0.974 -0.025
4.25 9.900 9.647 -5.786 3.860 17.42 48.37 3.107 16.35 48.11 0.974 -0.026
4.35 9.936 9.498 -5.793 3.705 17.19 48.16 2.973 16.10 47.89 0.973 -0.026
4.45 9.971 9.348 -5.793 3.555 16.96 47.94 2.844 15.85 47.66 0.973 -0.026
4.55 10.005 9.197 -5.788 3.409 16.72 47.71 2.720 15.59 47.42 0.973 -0.026
4.65 10.038 9.044 -5.777 3.268 16.48 47.47 2.601 15.33 47.17 0.972 -0.027
4.75 10.069 8.890 -5.760 3.131 16.24 47.23 2.486 15.07 46.92 0.972 -0.027
4.85 10.099 8.735 -5.736 2.999 15.99 46.98 2.375 14.81 46.66 0.972 -0.027
4.95 10.127 8.578 -5.707 2.871 15.74 46.72 2.268 14.54 46.39 0.971 -0.027
5.05 10.153 8.420 -5.672 2.747 15.48 46.46 2.165 14.27 46.12 0.971 -0.028
5.15 10.178 8.260 -5.632 2.628 15.22 46.19 2.064 13.99 45.85 0.971 -0.028
5.25 10.201 8.099 -5.587 2.512 14.96 45.92 1.967 13.71 45.58 0.970 -0.028
5.35 10.222 7.936 -5.536 2.400 14.70 45.65 1.872 13.43 45.31 0.970 -0.028
5.45 10.242 7.772 -5.481 2.291 14.43 45.38 1.779 13.15 45.04 0.970 -0.029
5.55 10.259 7.607 -5.422 2.186 14.16 45.11 1.687 12.87 44.78 0.970 -0.029
5.65 10.275 7.441 -5.358 2.083 13.88 44.85 1.597 12.58 44.52 0.969 -0.029
5.75 10.289 7.274 -5.291 1.982 13.61 44.59 1.507 12.29 44.26 0.969 -0.029
5.85 10.300 7.106 -5.222 1.884 13.33 44.34 1.418 12.00 44.02 0.969 -0.029
5.95 10.310 6.936 -5.149 1.787 13.05 44.09 1.329 11.70 43.79 0.969 -0.029
6.05 10.318 6.767 -5.075 1.692 12.76 43.86 1.240 11.41 43.57 0.969 -0.030
6.15 10.324 6.597 -4.999 1.597 12.48 43.64 1.149 11.11 43.36 0.969 -0.030
6.25 10.328 6.426 -4.923 1.503 12.19 43.43 1.057 10.81 43.17 0.969 -0.030
6.35 10.330 6.256 -4.846 1.410 11.90 43.23 0.963 10.51 42.99 0.969 -0.030
6.45 10.331 6.085 -4.770 1.315 11.60 43.05 0.867 10.21 42.83 0.969 -0.030
6.55 10.329 5.915 -4.695 1.221 11.31 42.89 0.769 9.92 42.70 0.969 -0.030
6.65 10.326 5.746 -4.621 1.125 11.02 42.75 0.667 9.62 42.58 0.969 -0.030
6.75 10.321 5.577 -4.550 1.027 10.72 42.63 0.561 9.32 42.48 0.969 -0.029
6.85 10.314 5.409 -4.481 0.927 10.43 42.53 0.451 9.02 42.41 0.969 -0.029
6.95 10.306 5.242 -4.417 0.825 10.13 42.45 0.336 8.73 42.37 0.969 -0.029
7.05 10.296 5.077 -4.357 0.720 9.84 42.40 0.216 8.44 42.34 0.970 -0.029
7.15 10.285 4.913 -4.302 0.611 9.54 42.37 0.090 8.15 42.35 0.970 -0.029
7.25 10.273 4.751 -4.252 0.498 9.25 42.37 -0.043 7.87 42.38 0.970 -0.028
7.35 10.259 4.591 -4.210 0.381 8.96 42.39 -0.182 7.59 42.43 0.971 -0.028
7.45 10.244 4.433 -4.174 0.259 8.68 42.44 -0.329 7.33 42.51 0.971 -0.028
7.55 10.229 4.277 -4.146 0.131 8.40 42.51 -0.483 7.07 42.62 0.972 -0.027
7.65 10.212 4.123 -4.126 -0.003 8.12 42.61 -0.646 6.82 42.75 0.972 -0.027
7.75 10.195 3.972 -4.116 -0.143 7.85 42.74 -0.818 6.58 42.90 0.973 -0.026
7.85 10.178 3.824 -4.114 -0.290 7.59 42.89 -0.998 6.36 43.08 0.973 -0.026
7.95 10.160 3.678 -4.123 -0.445 7.34 43.06 -1.187 6.15 43.28 0.974 -0.025
8.05 10.143 3.535 -4.141 -0.606 7.10 43.25 -1.385 5.96 43.50 0.974 -0.025
8.15 10.126 3.394 -4.170 -0.776 6.87 43.46 -1.591 5.78 43.74 0.975 -0.025
8.25 10.109 3.256 -4.209 -0.953 6.65 43.70 -1.806 5.63 44.00 0.975 -0.024
8.35 10.093 3.120 -4.259 -1.138 6.44 43.95 -2.027 5.49 44.27 0.976 -0.024
8.45 10.078 2.988 -4.319 -1.331 6.25 44.22 -2.256 5.37 44.56 0.976 -0.023
8.55 10.064 2.858 -4.389 -1.531 6.08 44.50 -2.489 5.27 44.86 0.977 -0.023
8.65 10.051 2.732 -4.469 -1.737 5.92 44.80 -2.726 5.19 45.17 0.978 -0.022
8.75 10.041 2.609 -4.559 -1.950 5.78 45.10 -2.966 5.13 45.50 0.978 -0.021
8.85 10.032 2.490 -4.658 -2.167 5.66 45.42 -3.207 5.09 45.82 0.979 -0.021
8.95 10.026 2.375 -4.764 -2.389 5.55 45.74 -3.448 5.06 46.16 0.980 -0.020
9.05 10.023 2.264 -4.878 -2.614 5.46 46.07 -3.685 5.05 46.49 0.981 -0.019
9.15 10.022 2.158 -4.999 -2.840 5.39 46.40 -3.919 5.05 46.82 0.981 -0.019
9.25 10.023 2.057 -5.125 -3.067 5.33 46.73 -4.146 5.07 47.15 0.982 -0.018
9.35 10.028 1.962 -5.255 -3.294 5.28 47.06 -4.366 5.10 47.47 0.983 -0.017
9.45 10.036 1.872 -5.389 -3.517 5.26 47.38 -4.578 5.13 47.78 0.984 -0.016
9.55 10.047 1.788 -5.525 -3.737 5.24 47.69 -4.779 5.18 48.08 0.985 -0.015
9.65 10.062 1.710 -5.663 -3.953 5.23 47.99 -4.970 5.22 48.36 0.987 -0.014
9.75 10.079 1.638 -5.800 -4.162 5.24 48.27 -5.148 5.28 48.62 0.988 -0.013
9.85 10.099 1.573 -5.936 -4.364 5.25 48.53 -5.315 5.33 48.86 0.989 -0.011
9.95 10.123 1.513 -6.071 -4.558 5.27 48.78 -5.470 5.39 49.08 0.990 -0.010
10.05 10.149 1.459 -6.203 -4.743 5.30 49.00 -5.613 5.44 49.27 0.991 -0.009
10.15 10.179 1.412 -6.331 -4.919 5.34 49.20 -5.745 5.50 49.44 0.992 -0.008
10.25 10.210 1.370 -6.455 -5.086 5.37 49.37 -5.865 5.56 49.58 0.993 -0.007
10.35 10.245 1.333 -6.575 -5.242 5.41 49.52 -5.974 5.61 49.70 0.994 -0.006
10.45 10.281 1.301 -6.690 -5.388 5.46 49.65 -6.073 5.67 49.80 0.995 -0.006
10.55 10.320 1.275 -6.800 -5.525 5.50 49.75 -6.163 5.72 49.88 0.996 -0.005
10.65 10.360 1.253 -6.905 -5.652 5.55 49.83 -6.244 5.78 49.93 0.996 -0.004
10.75 10.403 1.235 -7.005 -5.770 5.60 49.89 -6.317 5.83 49.96 0.997 -0.003
10.85 10.447 1.222 -7.100 -5.878 5.65 49.93 -6.384 5.88 49.98 0.998 -0.002
10.95 10.492 1.213 -7.191 -5.978 5.70 49.96 -6.443 5.93 49.98 0.999 -0.002
11.05 10.538 1.208 -7.278 -6.070 5.75 49.96 -6.497 5.98 49.96 0.999 -0.001
11.15 10.586 1.206 -7.360 -6.154 5.80 49.95 -6.546 6.03 49.93 1.000 -0.000
11.25 10.634 1.208 -7.439 -6.231 5.85 49.92 -6.591 6.08 49.89 1.001 0.000
11.35 10.683 1.213 -7.515 -6.302 5.90 49.88 -6.631 6.13 49.83 1.001 0.001
11.45 10.733 1.220 -7.587 -6.367 5.95 49.83 -6.668 6.18 49.77 1.002 0.001
11.55 10.783 1.231 -7.657 -6.426 6.00 49.77 -6.701 6.23 49.69 1.002 0.002
11.65 10.834 1.244 -7.725 -6.480 6.05 49.70 -6.732 6.28 49.61 1.003 0.002
11.75 10.885 1.260 -7.790 -6.530 6.10 49.63 -6.760 6.33 49.53 1.003 0.003
11.85 10.936 1.278 -7.853 -6.575 6.15 49.54 -6.787 6.38 49.43 1.004 0.003
11.95 10.987 1.298 -7.915 -6.617 6.20 49.45 -6.811 6.44 49.33 1.004 0.003
12.05 11.038 1.320 -7.975 -6.655 6.25 49.35 -6.834 6.49 49.23 1.004 0.004
12.15 11.090 1.343 -8.034 -6.691 6.30 49.25 -6.856 6.54 49.12 1.005 0.004
12.25 11.141 1.368 -8.092 -6.724 6.35 49.14 -6.877 6.60 49.01 1.005 0.004
12.35 11.192 1.394 -8.148 -6.754 6.40 49.03 -6.896 6.65 48.90 1.005 0.005
12.45 11.243 1.421 -8.204 -6.783 6.45 48.92 -6.915 6.71 48.78 1.006 0.005
12.55 11.294 1.449 -8.259 -6.809 6.51 48.81 -6.933 6.76 48.66 1.006 0.005
12.65 11.345 1.478 -8.312 -6.834 6.56 48.69 -6.951 6.82 48.54 1.006 0.005
12.75 11.396 1.508 -8.365 -6.858 6.62 48.57 -6.968 6.88 48.42 1.006 0.005
12.85 11.446 1.538 -8.418 -6.880 6.67 48.45 -6.984 6.94 48.29 1.006 0.005
12.95 11.497 1.568 -8.469 -6.901 6.73 48.32 -7.000 7.00 48.17 1.006 0.005
13.05 11.547 1.599 -8.520 -6.921 6.79 48.20 -7.016 7.06 48.04 1.006 0.005
13.15 11.596 1.630 -8.570 -6.941 6.85 48.07 -7.032 7.13 47.91 1.006 0.005
13.25 11.646 1.661 -8.620 -6.959 6.91 47.95 -7.047 7.19 47.79 1.006 0.005
13.35 11.695 1.692 -8.669 -6.977 6.97 47.82 -7.062 7.26 47.66 1.006 0.005
13.45 11.745 1.722 -8.717 -6.995 7.03 47.69 -7.077 7.32 47.53 1.006 0.005
13.55 11.793 1.753 -8.764 -7.012 7.09 47.56 -7.092 7.39 47.40 1.006 0.005
13.65 11.842 1.783 -8.811 -7.028 7.16 47.43 -7.107 7.46 47.27 1.006 0.005
13.75 11.891 1.813 -8.857 -7.045 7.22 47.30 -7.121 7.53 47.14 1.006 0.005
13.85 11.939 1.842 -8.903 -7.061 7.29 47.17 -7.136 7.60 47.00 1.006 0.005
13.95 11.987 1.871 -8.947 -7.076 7.35 47.04 -7.150 7.67 46.87 1.006 0.005
14.05 12.035 1.900 -8.991 -7.092 7.42 46.91 -7.164 7.74 46.74 1.006 0.005
14.15 12.083 1.928 -9.035 -7.107 7.49 46.77 -7.178 7.81 46.60 1.006 0.005
14.25 12.131 1.956 -9.077 -7.121 7.56 46.64 -7.192 7.89 46.47 1.006 0.005
14.35 12.178 1.983 -9.119 -7.136 7.63 46.51 -7.206 7.96 46.34 1.006 0.005
14.45 12.225 2.010 -9.160 -7.151 7.70 46.37 -7.219 8.04 46.20 1.006 0.005
14.55 12.273 2.036 -9.201 -7.165 7.77 46.24 -7.232 8.11 46.06 1.006 0.005
14.65 12.320 2.061 -9.240 -7.179 7.84 46.10 -7.245 8.19 45.93 1.006 0.004
14.75 12.367 2.086 -9.279 -7.193 7.92 45.96 -7.258 8.27 45.79 1.005 0.004
14.85 12.413 2.111 -9.317 -7.206 7.99 45.82 -7.270 8.34 45.65 1.005 0.004
14.95 12.460 2.135 -9.354 -7.219 8.06 45.69 -7.282 8.42 45.51 1.005 0.004
15.05 12.506 2.158 -9.391 -7.232 8.14 45.55 -7.294 8.50 45.37 1.005 0.004
15.15 12.553 2.181 -9.426 -7.245 8.22 45.41 -7.306 8.58 45.23 1.005 0.004
15.25 12.599 2.204 -9.461 -7.258 8.29 45.26 -7.317 8.66 45.08 1.005 0.004
15.35 12.645 2.226 -9.496 -7.270 8.37 45.12 -7.328 8.74 44.94 1.005 0.004
15.45 12.691 2.247 -9.529 -7.282 8.45 44.98 -7.338 8.82 44.79 1.005 0.004
15.55 12.737 2.268 -9.562 -7.293 8.53 44.83 -7.348 8.90 44.65 1.005 0.004
15.65 12.783 2.289 -9.593 -7.305 8.61 44.69 -7.358 8.98 44.50 1.005 0.004
15.75 12.829 2.309 -9.624 -7.316 8.69 44.54 -7.367 9.06 44.35 1.005 0.004
15.85 12.875 2.328 -9.654 -7.326 8.77 44.39 -7.375 9.15 44.20 1.004 0.003
15.95 12.920 2.348 -9.684 -7.336 8.85 44.24 -7.384 9.23 44.05 1.004 0.003
16.05 12.966 2.367 -9.712 -7.346 8.93 44.09 -7.391 9.31 43.90 1.004 0.003
16.15 13.011 2.385 -9.740 -7.355 9.01 43.93 -7.398 9.39 43.74 1.004 0.003
16.25 13.056 2.403 -9.767 -7.364 9.09 43.78 -7.405 9.48 43.58 1.004 0.003
16.35 13.101 2.421 -9.793 -7.372 9.17 43.62 -7.411 9.56 43.43 1.004 0.003
16.45 13.146 2.439 -9.819 -7.380 9.25 43.47 -7.416 9.64 43.27 1.004 0.003
16.55 13.191 2.456 -9.843 -7.387 9.33 43.31 -7.421 9.72 43.11 1.004 0.003
16.65 13.235 2.473 -9.867 -7.394 9.42 43.15 -7.426 9.81 42.94 1.004 0.003
16.75 13.280 2.489 -9.890 -7.400 9.50 42.98 -7.429 9.89 42.78 1.004 0.003
16.85 13.324 2.506 -9.912 -7.406 9.58 42.82 -7.433 9.97 42.61 1.004 0.003
16.95 13.368 2.522 -9.933 -7.411 9.66 42.65 -7.435 10.06 42.45 1.004 0.003
17.05 13.412 2.538 -9.954 -7.416 9.75 42.49 -7.437 10.14 42.28 1.004 0.003
17.15 13.456 2.553 -9.973 -7.420 9.83 42.32 -7.438 10.22 42.11 1.004 0.003
17.25 13.499 2.569 -9.992 -7.423 9.91 42.15 -7.439 10.30 41.93 1.004 0.003
17.35 13.543 2.584 -10.010 -7.426 9.99 41.98 -7.439 10.39 41.76 1.004 0.003
17.45 13.586 2.599 -10.028 -7.428 10.08 41.80 -7.438 10.47 41.58 1.004 0.003
17.55 13.629 2.614 -10.044 -7.430 10.16 41.63 -7.437 10.55 41.41 1.004 0.003
17.65 13.671 2.629 -10.060 -7.431 10.24 41.45 -7.435 10.63 41.23 1.004 0.003
17.75 13.714 2.644 -10.075 -7.431 10.32 41.27 -7.432 10.71 41.05 1.004 0.003
17.85 13.756 2.658 -10.089 -7.431 10.41 41.09 -7.428 10.80 40.86 1.004 0.003
17.95 13.798 2.672 -10.102 -7.430 10.49 40.91 -7.424 10.88 40.68 1.004 0.003
18.05 13.839 2.686 -10.115 -7.428 10.57 40.73 -7.419 10.96 40.50 1.004 0.003
18.15 13.881 2.701 -10.126 -7.426 10.65 40.54 -7.414 11.04 40.31 1.004 0.002
18.25 13.922 2.715 -10.137 -7.423 10.73 40.36 -7.407 11.12 40.12 1.003 0.002
18.35 13.962 2.729 -10.147 -7.419 10.81 40.17 -7.400 11.20 39.93 1.003 0.002
18.45 14.003 2.742 -10.157 -7.415 10.89 39.98 -7.393 11.28 39.74 1.003 0.002
18.55 14.043 2.756 -10.166 -7.409 10.97 39.79 -7.384 11.35 39.55 1.003 0.002
18.65 14.082 2.770 -10.173 -7.404 11.05 39.60 -7.375 11.43 39.36 1.003 0.002
18.75 14.122 2.784 -10.181 -7.397 11.13 39.41 -7.365 11.51 39.16 1.003 0.002
18.85 14.160 2.797 -10.187 -7.390 11.21 39.21 -7.354 11.59 38.97 1.003 0.002
18.95 14.199 2.811 -10.192 -7.382 11.29 39.02 -7.343 11.66 38.77 1.003 0.002
19.05 14.237 2.824 -10.197 -7.373 11.37 38.82 -7.331 11.74 38.57 1.003 0.002
19.15 14.275 2.838 -10.201 -7.364 11.44 38.62 -7.318 11.81 38.37 1.003 0.002
19.25 14.312 2.851 -10.205 -7.353 11.52 38.42 -7.304 11.89 38.17 1.003 0.002
19.35 14.349 2.865 -10.207 -7.342 11.60 38.22 -7.289 11.96 37.97 1.004 0.002
19.45 14.386 2.879 -10.209 -7.331 11.67 38.02 -7.274 12.03 37.77 1.004 0.002
19.55 14.422 2.892 -10.210 -7.318 11.75 37.82 -7.258 12.10 37.57 1.004 0.002
19.65 14.457 2.906 -10.211 -7.305 11.82 37.62 -7.241 12.18 37.36 1.004 0.002
19.75 14.492 2.920 -10.211 -7.291 11.90 37.42 -7.223 12.25 37.16 1.004 0.002
19.85 14.527 2.933 -10.209 -7.276 11.97 37.21 -7.205 12.32 36.95 1.004 0.002
19.95 14.561 2.947 -10.208 -7.261 12.04 37.01 -7.186 12.38 36.75 1.004 0.002
