t V gam alpha th Tc Tr thsp Tcc Trc lf gd
0.05 13.415 -2.224 -2.110 -4.334 14.63 0.39 -0.715 13.95 1.38 0.841 -0.150
0.15 13.474 -2.628 0.056 -2.572 14.31 1.55 7.285 12.56 3.02 0.968 -0.073
0.25 13.512 -2.450 2.693 0.243 13.81 2.64 14.471 11.16 3.96 1.115 0.030
0.35 13.515 -1.727 4.888 3.161 13.12 2.83 16.547 9.66 2.64 1.223 0.128
0.45 13.481 -0.712 5.933 5.221 12.28 2.01 13.559 8.16 0.88 1.255 0.180
0.55 13.416 0.308 5.586 5.894 11.33 2.25 7.365 6.66 3.30 1.229 0.180
0.65 13.332 1.178 4.194 5.373 10.27 5.19 1.828 5.16 9.77 1.185 0.152
0.75 13.233 1.878 2.325 4.203 9.14 10.01 -1.846 3.66 16.36 1.145 0.122
0.85 13.127 2.411 0.449 2.860 7.94 14.73 -3.429 2.16 20.45 1.105 0.092
0.95 13.014 2.799 -0.890 1.909 6.68 18.37 -1.795 0.66 22.54 1.078 0.067
1.05 12.892 3.107 -1.373 1.734 5.47 20.20 1.804 0.00 21.78 1.065 0.053
1.15 12.756 3.347 -1.328 2.019 4.48 19.54 3.517 0.00 17.95 1.042 0.043
1.25 12.608 3.432 -1.339 2.093 3.67 17.28 1.849 0.00 14.23 0.995 0.016
1.35 12.456 3.291 -1.674 1.618 3.00 15.97 -1.226 0.00 15.09 0.946 -0.025
1.45 12.307 3.012 -2.062 0.951 2.46 17.74 -2.052 0.00 21.00 0.936 -0.051
1.55 12.163 2.788 -2.077 0.711 2.01 21.56 0.339 0.00 26.58 0.968 -0.041
1.65 12.018 2.727 -1.678 1.048 1.65 24.30 3.143 0.00 26.98 1.001 -0.010
1.75 11.870 2.742 -1.267 1.475 1.35 24.39 3.229 0.00 23.74 1.000 0.005
1.85 11.719 2.672 -1.190 1.482 1.10 23.18 0.863 0.00 21.65 0.970 -0.011
1.95 11.571 2.462 -1.429 1.033 0.90 23.35 -1.427 0.00 24.39 0.947 -0.038
2.05 11.431 2.228 -1.577 0.651 0.74 26.06 -0.692 0.00 30.11 0.961 -0.043
2.15 11.295 2.118 -1.334 0.784 0.61 29.12 2.044 0.00 32.59 0.993 -0.020
2.25 11.158 2.122 -0.910 1.211 0.50 30.14 3.277 0.00 30.67 1.004 0.002
2.35 11.019 2.102 -0.645 1.457 0.41 29.27 2.211 0.00 27.81 0.986 -0.002
2.45 10.881 1.958 -0.617 1.340 0.33 28.37 0.402 0.00 27.58 0.960 -0.025
2.55 10.749 1.727 -0.643 1.084 0.27 29.19 -0.046 0.00 30.85 0.955 -0.042
2.65 10.622 1.536 -0.466 1.070 0.22 31.34 1.422 0.00 34.19 0.973 -0.034
2.75 10.497 1.447 -0.116 1.331 0.18 32.97 2.758 0.00 34.62 0.990 -0.015
2.85 10.371 1.397 0.202 1.599 0.15 33.23 2.724 0.00 33.18 0.989 -0.008
2.95 10.246 1.299 0.391 1.690 0.12 32.86 1.889 0.00 32.40 0.975 -0.017
3.05 10.123 1.136 0.512 1.649 0.10 33.06 1.394 0.00 33.61 0.967 -0.029
3.15 10.004 0.967 0.689 1.656 0.08 34.16 1.846 0.00 35.78 0.973 -0.030
3.25 9.887 0.848 0.951 1.799 0.07 35.48 2.614 0.00 37.07 0.984 -0.021
3.35 9.770 0.771 1.224 1.995 0.05 36.30 2.920 0.00 37.13 0.988 -0.013
3.45 9.654 0.695 1.446 2.141 0.05 36.63 2.742 0.00 36.96 0.985 -0.013
3.55 9.539 0.594 1.623 2.217 0.04 36.95 2.514 0.00 37.44 0.981 -0.018
3.65 9.426 0.478 1.798 2.277 0.03 37.61 2.585 0.00 38.54 0.981 -0.021
3.75 9.314 0.375 1.998 2.373 0.02 38.50 2.883 0.00 39.66 0.985 -0.018
3.85 9.203 0.294 2.206 2.499 0.02 39.36 3.114 0.00 40.40 0.988 -0.014
3.95 9.093 0.225 2.392 2.617 0.02 40.06 3.149 0.00 40.90 0.989 -0.012
4.05 8.984 0.157 2.547 2.704 0.01 40.68 3.079 0.00 41.46 0.989 -0.012
4.15 8.875 0.086 2.681 2.767 0.01 41.35 3.049 0.00 42.23 0.989 -0.013
4.25 8.768 0.017 2.808 2.825 0.01 42.12 3.100 0.00 43.11 0.990 -0.012
4.35 8.662 -0.045 2.929 2.884 0.01 42.93 3.165 0.00 43.95 0.991 -0.011
4.45 8.557 -0.098 3.035 2.937 0.01 43.72 3.176 0.00 44.71 0.992 -0.009
4.55 8.453 -0.145 3.119 2.974 0.00 44.49 3.128 0.00 45.45 0.993 -0.008
4.65 8.350 -0.189 3.181 2.993 0.00 45.25 3.058 0.00 46.22 0.993 -0.008
4.75 8.249 -0.230 3.226 2.996 0.00 46.04 2.995 0.00 47.03 0.994 -0.007
4.85 8.149 -0.267 3.254 2.987 0.00 46.84 2.936 0.00 47.86 0.995 -0.007
4.95 8.050 -0.298 3.266 2.968 0.00 47.64 2.860 0.00 48.66 0.996 -0.006
5.05 7.953 -0.324 3.259 2.935 0.00 48.44 2.759 0.00 49.44 0.996 -0.005
5.15 7.858 -0.347 3.233 2.886 0.00 49.22 2.638 0.00 50.20 0.997 -0.004
5.25 7.765 -0.367 3.190 2.823 0.00 49.99 2.507 0.00 50.96 0.997 -0.004
5.35 7.673 -0.384 3.132 2.747 0.00 50.75 2.373 0.00 51.70 0.998 -0.003
5.45 7.584 -0.399 3.059 2.660 0.00 51.49 2.232 0.00 52.43 0.998 -0.003
5.55 7.496 -0.412 2.974 2.562 0.00 52.22 2.082 0.00 53.13 0.998 -0.002
5.65 7.412 -0.423 2.876 2.453 0.00 52.92 1.925 0.00 53.80 0.998 -0.002
5.75 7.329 -0.433 2.769 2.335 0.00 53.60 1.764 0.00 54.45 0.999 -0.002
5.85 7.249 -0.443 2.653 2.209 0.00 54.26 1.603 0.00 55.08 0.999 -0.002
5.95 7.172 -0.453 2.530 2.077 0.00 54.89 1.442 0.00 55.68 0.999 -0.002
6.05 7.098 -0.463 2.402 1.940 0.00 55.50 1.281 0.00 56.26 0.999 -0.002
6.15 7.026 -0.472 2.270 1.798 0.00 56.09 1.121 0.00 56.82 0.999 -0.002
6.25 6.957 -0.482 2.135 1.653 0.00 56.65 0.962 0.00 57.35 0.999 -0.002
6.35 6.891 -0.491 1.997 1.506 0.00 57.19 0.805 0.00 57.86 0.999 -0.002
6.45 6.827 -0.499 1.857 1.358 0.00 57.71 0.652 0.00 58.36 0.999 -0.002
6.55 6.767 -0.507 1.716 1.209 0.00 58.20 0.502 0.00 58.83 0.999 -0.001
6.65 6.709 -0.514 1.575 1.061 0.00 58.68 0.354 0.00 59.28 0.999 -0.001
6.75 6.654 -0.519 1.432 0.913 0.00 59.14 0.211 0.00 59.70 0.999 -0.001
6.85 6.602 -0.524 1.290 0.766 0.00 59.57 0.071 0.00 60.11 1.000 -0.001
6.95 6.552 -0.526 1.147 0.621 0.00 59.99 -0.064 0.00 60.50 1.000 -0.001
7.05 6.505 -0.527 1.006 0.479 0.00 60.38 -0.195 0.00 60.87 1.000 -0.000
7.15 6.460 -0.526 0.866 0.340 0.00 60.75 -0.320 0.00 61.22 1.000 0.000
7.25 6.418 -0.524 0.727 0.203 0.00 61.11 -0.440 0.00 61.55 1.000 0.000
7.35 6.379 -0.519 0.590 0.071 0.00 61.44 -0.554 0.00 61.86 1.001 0.001
7.45 6.342 -0.513 0.456 -0.058 0.00 61.76 -0.663 0.00 62.15 1.001 0.001
7.55 6.307 -0.506 0.325 -0.182 0.00 62.06 -0.766 0.00 62.43 1.001 0.001
7.65 6.274 -0.498 0.197 -0.301 0.00 62.33 -0.862 0.00 62.68 1.001 0.001
7.75 6.243 -0.488 0.073 -0.415 0.00 62.59 -0.952 0.00 62.92 1.001 0.002
7.85 6.215 -0.478 -0.046 -0.524 0.00 62.84 -1.036 0.00 63.14 1.001 0.002
7.95 6.188 -0.467 -0.161 -0.628 0.00 63.06 -1.114 0.00 63.34 1.001 0.002
8.05 6.163 -0.456 -0.270 -0.726 0.00 63.27 -1.186 0.00 63.53 1.001 0.002
8.15 6.140 -0.444 -0.374 -0.818 0.00 63.46 -1.251 0.00 63.70 1.001 0.002
8.25 6.118 -0.433 -0.472 -0.905 0.00 63.64 -1.311 0.00 63.86 1.001 0.002
8.35 6.098 -0.422 -0.564 -0.986 0.00 63.80 -1.365 0.00 64.01 1.001 0.002
8.45 6.079 -0.411 -0.651 -1.062 0.00 63.95 -1.415 0.00 64.14 1.001 0.002
8.55 6.062 -0.401 -0.731 -1.132 0.00 64.09 -1.459 0.00 64.26 1.001 0.002
8.65 6.045 -0.391 -0.806 -1.197 0.00 64.22 -1.500 0.00 64.38 1.001 0.002
8.75 6.030 -0.382 -0.875 -1.257 0.00 64.34 -1.536 0.00 64.48 1.001 0.002
8.85 6.016 -0.373 -0.939 -1.312 0.00 64.44 -1.569 0.00 64.58 1.001 0.001
8.95 6.003 -0.365 -0.998 -1.363 0.00 64.54 -1.598 0.00 64.66 1.001 0.001
9.05 5.991 -0.358 -1.052 -1.409 0.00 64.63 -1.625 0.00 64.74 1.001 0.001
9.15 5.980 -0.351 -1.101 -1.452 0.00 64.72 -1.649 0.00 64.82 1.001 0.001
9.25 5.969 -0.344 -1.146 -1.491 0.00 64.79 -1.671 0.00 64.89 1.001 0.001
9.35 5.959 -0.339 -1.188 -1.526 0.00 64.86 -1.691 0.00 64.95 1.001 0.001
9.45 5.950 -0.333 -1.225 -1.559 0.00 64.93 -1.710 0.00 65.01 1.001 0.001
9.55 5.941 -0.328 -1.260 -1.588 0.00 64.99 -1.727 0.00 65.07 1.000 0.001
9.65 5.933 -0.324 -1.292 -1.616 0.00 65.05 -1.742 0.00 65.12 1.000 0.001
9.75 5.925 -0.320 -1.321 -1.640 0.00 65.10 -1.756 0.00 65.17 1.000 0.001
9.85 5.918 -0.316 -1.347 -1.663 0.00 65.15 -1.769 0.00 65.21 1.000 0.001
9.95 5.911 -0.313 -1.372 -1.684 0.00 65.20 -1.782 0.00 65.25 1.000 0.001
10.05 5.904 -0.309 -1.394 -1.703 0.00 65.24 -1.793 0.00 65.29 1.000 0.001
10.15 5.898 -0.306 -1.415 -1.721 0.00 65.28 -1.804 0.00 65.33 1.000 0.001
10.25 5.892 -0.304 -1.434 -1.738 0.00 65.32 -1.814 0.00 65.37 1.000 0.000
10.35 5.887 -0.301 -1.452 -1.753 0.00 65.35 -1.823 0.00 65.40 1.000 0.000
10.45 5.882 -0.298 -1.468 -1.767 0.00 65.39 -1.832 0.00 65.43 1.000 0.000
10.55 5.877 -0.296 -1.484 -1.780 0.00 65.42 -1.841 0.00 65.46 1.000 0.000
10.65 5.872 -0.294 -1.498 -1.792 0.00 65.45 -1.849 0.00 65.49 1.000 0.000
10.75 5.868 -0.292 -1.511 -1.803 0.00 65.48 -1.856 0.00 65.51 1.000 0.000
10.85 5.863 -0.290 -1.524 -1.814 0.00 65.50 -1.863 0.00 65.54 1.000 0.000
10.95 5.859 -0.288 -1.536 -1.824 0.00 65.53 -1.870 0.00 65.56 1.000 0.000
11.05 5.856 -0.287 -1.547 -1.833 0.00 65.55 -1.877 0.00 65.58 1.000 0.000
11.15 5.852 -0.285 -1.557 -1.842 0.00 65.58 -1.883 0.00 65.60 1.000 0.000
11.25 5.848 -0.283 -1.567 -1.850 0.00 65.60 -1.889 0.00 65.62 1.000 0.000
11.35 5.845 -0.282 -1.576 -1.858 0.00 65.62 -1.894 0.00 65.64 1.000 0.000
11.45 5.842 -0.280 -1.585 -1.865 0.00 65.64 -1.900 0.00 65.66 1.000 0.000
11.55 5.839 -0.279 -1.593 -1.872 0.00 65.66 -1.905 0.00 65.68 1.000 0.000
11.65 5.836 -0.278 -1.601 -1.879 0.00 65.67 -1.910 0.00 65.70 1.000 0.000
11.75 5.833 -0.277 -1.609 -1.885 0.00 65.69 -1.914 0.00 65.71 1.000 0.000
11.85 5.831 -0.275 -1.616 -1.891 0.00 65.71 -1.919 0.00 65.73 1.000 0.000
11.95 5.828 -0.274 -1.622 -1.897 0.00 65.72 -1.923 0.00 65.74 1.000 0.000
12.05 5.826 -0.273 -1.629 -1.902 0.00 65.74 -1.927 0.00 65.75 1.000 0.000
12.15 5.824 -0.272 -1.635 -1.907 0.00 65.75 -1.931 0.00 65.77 1.000 0.000
12.25 5.821 -0.271 -1.641 -1.912 0.00 65.76 -1.935 0.00 65.78 1.000 0.000
12.35 5.819 -0.270 -1.646 -1.917 0.00 65.78 -1.938 0.00 65.79 1.000 0.000
12.45 5.817 -0.269 -1.652 -1.921 0.00 65.79 -1.942 0.00 65.80 1.000 0.000
12.55 5.816 -0.269 -1.657 -1.925 0.00 65.80 -1.945 0.00 65.81 1.000 0.000
12.65 5.814 -0.268 -1.661 -1.929 0.00 65.81 -1.948 0.00 65.82 1.000 0.000
12.75 5.812 -0.267 -1.666 -1.933 0.00 65.82 -1.951 0.00 65.83 1.000 0.000
12.85 5.810 -0.266 -1.670 -1.937 0.00 65.83 -1.953 0.00 65.84 1.000 0.000
12.95 5.809 -0.266 -1.674 -1.940 0.00 65.84 -1.956 0.00 65.85 1.000 0.000
13.05 5.807 -0.265 -1.678 -1.943 0.00 65.85 -1.959 0.00 65.86 1.000 0.000
13.15 5.806 -0.264 -1.682 -1.946 0.00 65.86 -1.961 0.00 65.87 1.000 0.000
13.25 5.805 -0.264 -1.686 -1.949 0.00 65.87 -1.963 0.00 65.88 1.000 0.000
13.35 5.803 -0.263 -1.689 -1.952 0.00 65.87 -1.966 0.00 65.88 1.000 0.000
13.45 5.802 -0.263 -1.692 -1.955 0.00 65.88 -1.968 0.00 65.89 1.000 0.000
13.55 5.801 -0.262 -1.696 -1.958 0.00 65.89 -1.970 0.00 65.90 1.000 0.000
13.65 5.800 -0.261 -1.699 -1.960 0.00 65.90 -1.972 0.00 65.90 1.000 0.000
13.75 5.799 -0.261 -1.701 -1.962 0.00 65.90 -1.973 0.00 65.91 1.000 0.000
13.85 5.797 -0.261 -1.704 -1.965 0.00 65.91 -1.975 0.00 65.92 1.000 0.000
13.95 5.796 -0.260 -1.707 -1.967 0.00 65.91 -1.977 0.00 65.92 1.000 0.000
14.05 5.796 -0.260 -1.709 -1.969 0.00 65.92 -1.978 0.01 65.93 1.000 0.000
14.15 5.795 -0.259 -1.711 -1.971 0.00 65.92 -1.979 0.01 65.93 1.000 0.000
14.25 5.794 -0.259 -1.713 -1.972 0.00 65.93 -1.980 0.01 65.94 1.000 0.000
14.35 5.793 -0.259 -1.715 -1.974 0.01 65.93 -1.981 0.01 65.94 1.000 0.000
14.45 5.792 -0.258 -1.717 -1.975 0.01 65.94 -1.982 0.02 65.94 1.000 0.000
14.55 5.792 -0.258 -1.719 -1.977 0.01 65.94 -1.983 0.02 65.95 1.000 0.000
14.65 5.791 -0.258 -1.720 -1.978 0.01 65.95 -1.983 0.02 65.95 1.000 0.000
14.75 5.790 -0.257 -1.722 -1.979 0.02 65.95 -1.984 0.03 65.95 1.000 0.000
14.85 5.790 -0.257 -1.723 -1.980 0.02 65.95 -1.984 0.03 65.96 1.000 0.000
14.95 5.790 -0.257 -1.724 -1.981 0.02 65.95 -1.984 0.04 65.96 1.000 0.000
15.05 5.789 -0.257 -1.725 -1.981 0.02 65.96 -1.984 0.04 65.96 1.000 0.000
15.15 5.789 -0.256 -1.725 -1.982 0.03 65.96 -1.984 0.04 65.96 1.000 0.000
15.25 5.788 -0.256 -1.726 -1.982 0.03 65.96 -1.984 0.05 65.96 1.000 0.000
15.35 5.788 -0.256 -1.726 -1.982 0.03 65.96 -1.983 0.05 65.96 1.000 0.000
15.45 5.788 -0.256 -1.726 -1.982 0.04 65.96 -1.983 0.05 65.96 1.000 0.000
15.55 5.788 -0.256 -1.726 -1.982 0.04 65.96 -1.982 0.06 65.96 1.000 -0.000
15.65 5.788 -0.256 -1.726 -1.982 0.04 65.96 -1.982 0.06 65.96 1.000 -0.000
15.75 5.788 -0.256 -1.726 -1.982 0.05 65.96 -1.981 0.06 65.96 1.000 -0.000
15.85 5.788 -0.257 -1.725 -1.982 0.05 65.96 -1.980 0.06 65.96 1.000 -0.000
15.95 5.788 -0.257 -1.724 -1.981 0.05 65.96 -1.979 0.06 65.96 1.000 -0.000
16.05 5.788 -0.257 -1.724 -1.981 0.05 65.96 -1.978 0.07 65.96 1.000 -0.000
16.15 5.788 -0.257 -1.723 -1.980 0.06 65.96 -1.977 0.07 65.96 1.000 -0.000
16.25 5.788 -0.258 -1.722 -1.980 0.06 65.96 -1.977 0.07 65.96 1.000 -0.000
16.35 5.788 -0.258 -1.721 -1.979 0.06 65.96 -1.976 0.07 65.96 1.000 -0.000
16.45 5.788 -0.258 -1.720 -1.978 0.06 65.96 -1.975 0.07 65.96 1.000 -0.000
16.55 5.788 -0.258 -1.719 -1.977 0.06 65.96 -1.974 0.07 65.95 1.000 -0.000
16.65 5.788 -0.259 -1.718 -1.977 0.06 65.95 -1.973 0.07 65.95 1.000 -0.000
16.75 5.788 -0.259 -1.717 -1.976 0.07 65.95 -1.973 0.07 65.95 1.000 -0.000
16.85 5.788 -0.259 -1.716 -1.975 0.07 65.95 -1.972 0.07 65.95 1.000 -0.000
16.95 5.788 -0.260 -1.715 -1.975 0.07 65.95 -1.971 0.07 65.95 1.000 -0.000
17.05 5.788 -0.260 -1.714 -1.974 0.07 65.95 -1.971 0.07 65.95 1.000 -0.000
17.15 5.788 -0.260 -1.713 -1.973 0.07 65.95 -1.970 0.07 65.95 1.000 -0.000
17.25 5.788 -0.260 -1.712 -1.973 0.07 65.95 -1.970 0.07 65.95 1.000 -0.000
17.35 5.789 -0.261 -1.712 -1.972 0.07 65.95 -1.970 0.07 65.95 1.000 -0.000
17.45 5.789 -0.261 -1.711 -1.972 0.07 65.95 -1.970 0.07 65.95 1.000 -0.000
17.55 5.789 -0.261 -1.710 -1.971 0.07 65.95 -1.969 0.06 65.95 1.000 -0.000
17.65 5.789 -0.261 -1.710 -1.971 0.07 65.95 -1.969 0.06 65.95 1.000 -0.000
17.75 5.789 -0.261 -1.709 -1.971 0.07 65.95 -1.969 0.06 65.95 1.000 -0.000
17.85 5.789 -0.261 -1.709 -1.970 0.07 65.95 -1.969 0.06 65.95 1.000 -0.000
17.95 5.789 -0.261 -1.709 -1.970 0.06 65.95 -1.969 0.06 65.95 1.000 -0.000
18.05 5.789 -0.262 -1.709 -1.970 0.06 65.95 -1.969 0.06 65.95 1.000 -0.000
18.15 5.789 -0.262 -1.708 -1.970 0.06 65.95 -1.970 0.06 65.95 1.000 -0.000
18.25 5.788 -0.262 -1.708 -1.970 0.06 65.95 -1.970 0.06 65.95 1.000 -0.000
18.35 5.788 -0.262 -1.708 -1.970 0.06 65.95 -1.970 0.06 65.95 1.000 -0.000
18.45 5.788 -0.262 -1.708 -1.970 0.06 65.95 -1.970 0.06 65.95 1.000 0.000
18.55 5.788 -0.262 -1.709 -1.970 0.06 65.95 -1.971 0.06 65.95 1.000 0.000
18.65 5.788 -0.261 -1.709 -1.970 0.06 65.95 -1.971 0.06 65.95 1.000 0.000
18.75 5.788 -0.261 -1.709 -1.970 0.06 65.95 -1.971 0.06 65.95 1.000 0.000
18.85 5.788 -0.261 -1.709 -1.971 0.06 65.95 -1.971 0.06 65.95 1.000 0.000
18.95 5.788 -0.261 -1.709 -1.971 0.06 65.95 -1.972 0.06 65.95 1.000 0.000
19.05 5.788 -0.261 -1.710 -1.971 0.06 65.95 -1.972 0.06 65.95 1.000 0.000
19.15 5.788 -0.261 -1.710 -1.971 0.06 65.95 -1.972 0.06 65.95 1.000 0.000
19.25 5.788 -0.261 -1.710 -1.971 0.06 65.95 -1.973 0.06 65.95 1.000 0.000
19.35 5.788 -0.261 -1.711 -1.972 0.06 65.95 -1.973 0.06 65.95 1.000 0.000
19.45 5.788 -0.261 -1.711 -1.972 0.06 65.95 -1.973 0.06 65.95 1.000 0.000
19.55 5.788 -0.261 -1.711 -1.972 0.06 65.95 -1.973 0.06 65.96 1.000 0.000
19.65 5.788 -0.261 -1.712 -1.972 0.06 65.96 -1.973 0.06 65.96 1.000 0.000
19.75 5.787 -0.261 -1.712 -1.973 0.06 65.96 -1.974 0.06 65.96 1.000 0.000
19.85 5.787 -0.261 -1.712 -1.973 0.06 65.96 -1.974 0.06 65.96 1.000 0.000
19.95 5.787 -0.260 -1.712 -1.973 0.06 65.96 -1.974 0.06 65.96 1.000 0.000
