t V gam alpha th Tc Tr thsp Tcc Trc lf gd
0.05 6.002 -0.043 -0.320 -0.363 2.80 62.65 -3.812 3.45 59.79 0.983 0.000
0.15 6.018 -0.488 -0.931 -1.419 3.12 58.26 -6.489 4.93 52.08 0.922 -0.074
0.25 6.056 -1.310 -1.342 -2.652 3.65 57.60 -8.501 6.43 58.53 0.912 -0.150
0.35 6.122 -1.954 -1.876 -3.830 4.36 60.80 -9.429 7.91 65.44 0.950 -0.116
0.45 6.216 -2.285 -2.676 -4.961 5.21 62.65 -10.128 9.40 63.80 0.970 -0.053
0.55 6.335 -2.619 -3.156 -5.775 6.18 61.21 -9.168 10.89 58.67 0.953 -0.056
0.65 6.474 -3.123 -3.093 -6.216 7.24 59.28 -7.891 12.38 57.31 0.936 -0.090
0.75 6.631 -3.625 -2.788 -6.413 8.38 59.20 -7.485 13.87 59.51 0.948 -0.089
0.85 6.804 -4.022 -2.648 -6.670 9.57 58.74 -7.872 15.31 57.74 0.955 -0.068
0.95 6.995 -4.415 -2.491 -6.905 10.81 57.14 -7.973 16.71 54.90 0.949 -0.068
1.05 7.202 -4.825 -2.243 -7.069 12.05 55.83 -7.822 17.92 54.35 0.949 -0.072
1.15 7.425 -5.221 -2.097 -7.318 13.19 54.37 -8.557 18.44 52.52 0.948 -0.069
1.25 7.662 -5.592 -1.971 -7.563 14.11 53.25 -8.777 18.15 51.99 0.953 -0.065
1.35 7.909 -5.900 -1.881 -7.781 14.76 52.34 -8.695 17.55 51.14 0.962 -0.053
1.45 8.163 -6.142 -1.778 -7.919 15.17 51.22 -8.513 16.85 49.72 0.969 -0.042
1.55 8.418 -6.329 -1.629 -7.957 15.39 49.91 -7.984 16.26 48.22 0.976 -0.032
1.65 8.671 -6.461 -1.410 -7.871 15.49 48.52 -7.290 15.83 46.76 0.984 -0.023
1.75 8.919 -6.530 -1.174 -7.704 15.51 47.22 -6.969 15.54 45.63 0.995 -0.012
1.85 9.161 -6.521 -1.004 -7.525 15.51 46.38 -6.623 15.55 45.52 1.010 0.001
1.95 9.397 -6.413 -0.998 -7.411 15.55 45.96 -7.000 15.82 45.50 1.026 0.019
2.05 9.628 -6.234 -1.172 -7.405 15.59 45.25 -7.495 15.71 44.14 1.034 0.032
2.15 9.854 -6.046 -1.405 -7.451 15.54 43.91 -7.655 15.13 42.09 1.031 0.033
2.25 10.074 -5.880 -1.589 -7.469 15.35 42.46 -7.528 14.31 40.68 1.029 0.029
2.35 10.286 -5.728 -1.813 -7.541 15.02 41.21 -8.086 13.27 39.67 1.027 0.027
2.45 10.491 -5.602 -2.264 -7.866 14.55 40.22 -9.728 12.15 39.08 1.020 0.022
2.55 10.688 -5.517 -2.748 -8.265 13.98 39.24 -10.082 11.21 37.84 1.012 0.015
2.65 10.878 -5.485 -3.120 -8.605 13.41 37.88 -10.179 10.72 36.11 1.001 0.006
2.75 11.061 -5.490 -3.367 -8.856 12.94 36.96 -9.934 10.92 36.10 0.999 -0.002
2.85 11.238 -5.474 -3.563 -9.038 12.65 36.81 -9.813 11.50 36.77 1.008 0.002
2.95 11.410 -5.413 -3.752 -9.165 12.52 36.65 -9.734 12.01 36.29 1.016 0.011
3.05 11.578 -5.331 -3.913 -9.243 12.46 35.94 -9.526 12.29 34.89 1.018 0.015
3.15 11.742 -5.249 -4.004 -9.253 12.44 34.91 -9.245 12.35 33.56 1.017 0.014
3.25 11.901 -5.166 -4.066 -9.232 12.43 34.01 -9.099 12.40 32.99 1.019 0.014
3.35 12.056 -5.064 -4.120 -9.184 12.44 33.47 -8.934 12.52 32.87 1.025 0.018
3.45 12.206 -4.932 -4.193 -9.125 12.48 33.03 -8.831 12.70 32.46 1.032 0.023
3.55 12.352 -4.777 -4.277 -9.055 12.55 32.49 -8.709 12.88 31.77 1.036 0.027
3.65 12.493 -4.609 -4.366 -8.974 12.63 31.90 -8.581 13.01 31.15 1.039 0.030
3.75 12.630 -4.431 -4.439 -8.870 12.71 31.18 -8.310 13.12 30.15 1.041 0.031
3.85 12.762 -4.257 -4.446 -8.703 12.80 29.96 -7.824 13.26 28.25 1.038 0.031
3.95 12.888 -4.098 -4.353 -8.452 12.92 28.39 -7.135 13.55 26.37 1.035 0.028
4.05 13.007 -3.945 -4.148 -8.093 13.09 26.78 -6.263 13.97 24.74 1.036 0.027
4.15 13.119 -3.784 -3.863 -7.648 13.31 24.98 -5.460 14.38 22.60 1.039 0.028
4.25 13.225 -3.620 -3.493 -7.113 13.54 22.78 -4.399 14.63 19.88 1.039 0.029
4.35 13.322 -3.449 -3.017 -6.466 13.76 20.36 -3.338 14.81 17.26 1.042 0.030
4.45 13.410 -3.269 -2.563 -5.832 13.97 18.06 -2.880 14.96 15.25 1.045 0.032
4.55 13.492 -3.081 -2.255 -5.335 14.20 16.22 -3.211 15.32 14.06 1.046 0.033
4.65 13.569 -2.893 -2.074 -4.967 14.48 14.65 -3.350 15.86 12.57 1.044 0.033
4.75 13.642 -2.736 -1.949 -4.685 14.80 12.49 -3.362 16.38 9.55 1.032 0.028
4.85 13.714 -2.633 -1.735 -4.368 15.14 10.04 -2.777 16.75 6.98 1.020 0.018
4.95 13.783 -2.566 -1.470 -4.036 15.43 7.84 -2.360 16.73 5.19 1.015 0.011
5.05 13.850 -2.506 -1.142 -3.648 15.63 5.89 -1.798 16.47 3.45 1.015 0.011
5.15 13.913 -2.448 -0.861 -3.309 15.74 3.89 -1.808 16.11 1.33 1.013 0.010
5.25 13.973 -2.407 -0.660 -3.068 15.77 2.07 -2.027 15.88 0.00 1.009 0.007
5.35 14.029 -2.371 -0.526 -2.896 15.77 1.06 -2.150 15.77 0.00 1.011 0.006
5.45 14.083 -2.318 -0.444 -2.762 15.77 0.55 -2.147 15.73 0.00 1.016 0.009
5.55 14.133 -2.243 -0.410 -2.654 15.76 0.28 -2.169 15.71 0.00 1.022 0.013
5.65 14.181 -2.148 -0.422 -2.571 15.74 0.14 -2.215 15.66 0.00 1.026 0.017
5.75 14.225 -2.040 -0.479 -2.520 15.72 0.07 -2.311 15.63 0.00 1.028 0.019
5.85 14.267 -1.927 -0.570 -2.497 15.70 0.04 -2.420 15.63 0.00 1.029 0.020
5.95 14.306 -1.814 -0.683 -2.497 15.69 0.02 -2.519 15.66 0.00 1.028 0.020
6.05 14.343 -1.706 -0.804 -2.510 15.69 0.01 -2.584 15.70 0.00 1.027 0.019
6.15 14.378 -1.605 -0.926 -2.531 15.70 0.01 -2.636 15.75 0.00 1.025 0.018
6.25 14.412 -1.511 -1.045 -2.556 15.72 0.00 -2.680 15.80 0.00 1.023 0.016
6.35 14.444 -1.424 -1.160 -2.585 15.74 0.00 -2.727 15.84 0.00 1.021 0.015
6.45 14.475 -1.346 -1.276 -2.622 15.76 0.00 -2.808 15.86 0.00 1.019 0.014
6.55 14.504 -1.276 -1.390 -2.665 15.78 0.00 -2.880 15.86 0.00 1.017 0.012
6.65 14.533 -1.214 -1.501 -2.715 15.79 0.00 -2.955 15.86 0.00 1.015 0.011
6.75 14.561 -1.161 -1.607 -2.767 15.81 0.00 -3.020 15.86 0.00 1.013 0.009
6.85 14.588 -1.115 -1.705 -2.820 15.82 0.00 -3.069 15.87 0.00 1.011 0.008
6.95 14.615 -1.075 -1.795 -2.870 15.83 0.00 -3.105 15.88 0.00 1.010 0.007
7.05 14.641 -1.040 -1.876 -2.916 15.84 0.00 -3.130 15.90 0.00 1.009 0.006
7.15 14.666 -1.008 -1.949 -2.958 15.86 0.00 -3.150 15.92 0.00 1.008 0.006
7.25 14.691 -0.979 -2.016 -2.995 15.87 0.00 -3.168 15.94 0.00 1.008 0.005
7.35 14.715 -0.950 -2.079 -3.029 15.89 0.00 -3.187 15.96 0.00 1.007 0.005
7.45 14.739 -0.922 -2.138 -3.060 15.90 0.00 -3.204 15.98 0.00 1.007 0.005
7.55 14.762 -0.895 -2.192 -3.087 15.92 0.00 -3.212 15.99 0.00 1.007 0.005
7.65 14.785 -0.867 -2.245 -3.112 15.93 0.00 -3.226 16.00 0.00 1.007 0.005
7.75 14.807 -0.839 -2.295 -3.134 15.95 0.00 -3.240 16.01 0.00 1.007 0.005
7.85 14.829 -0.811 -2.345 -3.156 15.96 0.00 -3.257 16.02 0.00 1.007 0.005
7.95 14.850 -0.782 -2.394 -3.177 15.97 0.00 -3.275 16.03 0.00 1.007 0.005
8.05 14.870 -0.754 -2.443 -3.197 15.99 0.00 -3.294 16.04 0.00 1.007 0.005
8.15 14.890 -0.726 -2.491 -3.218 16.00 0.00 -3.314 16.05 0.00 1.007 0.005
8.25 14.910 -0.699 -2.539 -3.238 16.01 0.00 -3.332 16.05 0.00 1.007 0.005
8.35 14.929 -0.672 -2.586 -3.258 16.02 0.00 -3.359 16.06 0.00 1.007 0.005
8.45 14.947 -0.647 -2.634 -3.281 16.02 0.00 -3.392 16.06 0.00 1.007 0.004
8.55 14.965 -0.623 -2.683 -3.306 16.03 0.00 -3.424 16.06 0.00 1.006 0.004
8.65 14.982 -0.600 -2.731 -3.331 16.04 0.00 -3.453 16.07 0.00 1.006 0.004
8.75 14.999 -0.580 -2.777 -3.357 16.04 0.00 -3.480 16.07 0.00 1.005 0.004
8.85 15.016 -0.561 -2.821 -3.382 16.05 0.00 -3.502 16.07 0.00 1.005 0.003
8.95 15.032 -0.544 -2.863 -3.407 16.05 0.00 -3.522 16.08 0.00 1.005 0.003
9.05 15.048 -0.527 -2.902 -3.430 16.06 0.00 -3.537 16.09 0.00 1.004 0.003
9.15 15.063 -0.512 -2.939 -3.450 16.07 0.00 -3.545 16.11 0.00 1.004 0.003
9.25 15.078 -0.496 -2.973 -3.469 16.08 0.00 -3.552 16.14 0.00 1.004 0.003
9.35 15.093 -0.480 -3.004 -3.485 16.09 0.00 -3.559 16.16 0.00 1.004 0.003
9.45 15.108 -0.464 -3.035 -3.499 16.11 0.00 -3.567 16.18 0.00 1.004 0.003
9.55 15.122 -0.448 -3.065 -3.513 16.12 0.00 -3.578 16.20 0.00 1.004 0.003
9.65 15.136 -0.431 -3.095 -3.526 16.14 0.00 -3.584 16.22 0.00 1.005 0.003
9.75 15.150 -0.414 -3.123 -3.537 16.16 0.00 -3.591 16.24 0.00 1.005 0.003
9.85 15.164 -0.396 -3.152 -3.548 16.17 0.00 -3.598 16.25 0.00 1.005 0.003
9.95 15.177 -0.379 -3.180 -3.558 16.19 0.00 -3.606 16.27 0.00 1.005 0.003
10.05 15.190 -0.361 -3.207 -3.568 16.21 0.00 -3.615 16.28 0.00 1.005 0.003
10.15 15.203 -0.343 -3.235 -3.578 16.22 0.00 -3.623 16.29 0.00 1.005 0.003
10.25 15.215 -0.325 -3.262 -3.587 16.24 0.00 -3.632 16.31 0.00 1.005 0.003
10.35 15.227 -0.307 -3.290 -3.597 16.25 0.00 -3.641 16.32 0.00 1.005 0.003
10.45 15.239 -0.289 -3.316 -3.605 16.27 0.00 -3.647 16.33 0.00 1.005 0.003
10.55 15.251 -0.272 -3.341 -3.613 16.28 0.00 -3.649 16.34 0.00 1.005 0.003
10.65 15.262 -0.254 -3.366 -3.620 16.29 0.00 -3.652 16.35 0.00 1.005 0.003
10.75 15.274 -0.237 -3.389 -3.626 16.30 0.00 -3.654 16.35 0.00 1.005 0.003
10.85 15.284 -0.219 -3.413 -3.632 16.31 0.00 -3.657 16.35 0.00 1.005 0.003
10.95 15.295 -0.201 -3.435 -3.637 16.32 0.00 -3.660 16.36 0.00 1.005 0.003
11.05 15.305 -0.184 -3.457 -3.641 16.33 0.00 -3.662 16.36 0.00 1.005 0.003
11.15 15.315 -0.166 -3.479 -3.645 16.33 0.00 -3.665 16.37 0.00 1.005 0.003
11.25 15.324 -0.149 -3.500 -3.649 16.34 0.00 -3.668 16.37 0.00 1.005 0.003
11.35 15.334 -0.132 -3.521 -3.653 16.35 0.00 -3.671 16.37 0.00 1.005 0.003
11.45 15.342 -0.116 -3.541 -3.657 16.35 0.00 -3.674 16.38 0.00 1.005 0.003
11.55 15.351 -0.099 -3.561 -3.660 16.36 0.00 -3.676 16.38 0.00 1.004 0.003
11.65 15.359 -0.083 -3.580 -3.663 16.36 0.00 -3.678 16.38 0.00 1.004 0.003
11.75 15.367 -0.068 -3.599 -3.666 16.36 0.00 -3.681 16.38 0.00 1.004 0.003
11.85 15.375 -0.053 -3.617 -3.669 16.37 0.00 -3.684 16.39 0.00 1.004 0.003
11.95 15.382 -0.038 -3.634 -3.672 16.37 0.00 -3.686 16.39 0.00 1.004 0.003
12.05 15.389 -0.024 -3.651 -3.675 16.37 0.00 -3.689 16.38 0.00 1.004 0.002
12.15 15.396 -0.010 -3.668 -3.678 16.38 0.00 -3.692 16.38 0.00 1.004 0.002
12.25 15.402 0.003 -3.684 -3.681 16.38 0.00 -3.694 16.38 0.00 1.004 0.002
12.35 15.409 0.016 -3.699 -3.684 16.38 0.00 -3.696 16.38 0.00 1.003 0.002
12.45 15.415 0.028 -3.714 -3.686 16.38 0.00 -3.697 16.38 0.00 1.003 0.002
12.55 15.420 0.039 -3.728 -3.688 16.38 0.00 -3.699 16.38 0.00 1.003 0.002
12.65 15.426 0.051 -3.741 -3.690 16.38 0.00 -3.700 16.38 0.00 1.003 0.002
12.75 15.431 0.061 -3.754 -3.692 16.38 0.00 -3.701 16.38 0.00 1.003 0.002
12.85 15.436 0.072 -3.766 -3.694 16.38 0.00 -3.703 16.38 0.00 1.003 0.002
12.95 15.441 0.082 -3.778 -3.696 16.38 0.00 -3.704 16.38 0.00 1.003 0.002
13.05 15.445 0.091 -3.789 -3.697 16.38 0.00 -3.705 16.38 0.00 1.003 0.002
13.15 15.449 0.101 -3.800 -3.699 16.38 0.00 -3.706 16.37 0.00 1.002 0.002
13.25 15.453 0.109 -3.810 -3.700 16.38 0.00 -3.707 16.37 0.00 1.002 0.002
13.35 15.457 0.118 -3.820 -3.702 16.38 0.00 -3.708 16.37 0.00 1.002 0.001
13.45 15.461 0.126 -3.829 -3.703 16.38 0.00 -3.709 16.37 0.00 1.002 0.001
13.55 15.465 0.134 -3.838 -3.704 16.37 0.00 -3.710 16.37 0.00 1.002 0.001
13.65 15.468 0.141 -3.846 -3.705 16.37 0.00 -3.711 16.37 0.00 1.002 0.001
13.75 15.471 0.148 -3.854 -3.706 16.37 0.00 -3.711 16.37 0.00 1.002 0.001
13.85 15.474 0.155 -3.862 -3.707 16.37 0.00 -3.712 16.37 0.00 1.002 0.001
13.95 15.477 0.161 -3.870 -3.708 16.37 0.00 -3.713 16.37 0.00 1.002 0.001
14.05 15.480 0.167 -3.877 -3.709 16.37 0.00 -3.713 16.37 0.00 1.002 0.001
14.15 15.483 0.173 -3.883 -3.710 16.37 0.00 -3.712 16.37 0.00 1.002 0.001
14.25 15.485 0.179 -3.889 -3.710 16.37 0.00 -3.712 16.37 0.00 1.002 0.001
14.35 15.488 0.184 -3.895 -3.710 16.37 0.00 -3.712 16.37 0.00 1.001 0.001
14.45 15.490 0.190 -3.900 -3.711 16.37 0.00 -3.711 16.37 0.00 1.001 0.001
14.55 15.492 0.195 -3.905 -3.711 16.37 0.00 -3.711 16.36 0.00 1.001 0.001
14.65 15.494 0.200 -3.910 -3.711 16.37 0.00 -3.711 16.36 0.00 1.001 0.001
14.75 15.496 0.205 -3.915 -3.711 16.37 0.00 -3.710 16.36 0.00 1.001 0.001
14.85 15.498 0.209 -3.920 -3.711 16.37 0.00 -3.710 16.36 0.00 1.001 0.001
14.95 15.499 0.214 -3.924 -3.711 16.36 0.00 -3.710 16.36 0.00 1.001 0.001
15.05 15.501 0.218 -3.928 -3.710 16.36 0.00 -3.710 16.36 0.00 1.001 0.001
15.15 15.502 0.222 -3.932 -3.710 16.36 0.00 -3.710 16.36 0.00 1.001 0.001
15.25 15.504 0.226 -3.936 -3.710 16.36 0.00 -3.710 16.36 0.00 1.001 0.001
15.35 15.505 0.229 -3.939 -3.710 16.36 0.00 -3.710 16.36 0.00 1.001 0.001
15.45 15.506 0.233 -3.943 -3.710 16.36 0.00 -3.710 16.35 0.00 1.001 0.001
15.55 15.507 0.236 -3.946 -3.710 16.36 0.00 -3.709 16.35 0.00 1.001 0.001
15.65 15.508 0.239 -3.949 -3.710 16.36 0.00 -3.709 16.35 0.00 1.001 0.001
15.75 15.509 0.242 -3.952 -3.710 16.36 0.00 -3.709 16.35 0.00 1.001 0.001
15.85 15.510 0.244 -3.954 -3.710 16.36 0.00 -3.709 16.35 0.00 1.001 0.000
15.95 15.511 0.247 -3.957 -3.710 16.35 0.00 -3.709 16.35 0.00 1.001 0.000
16.05 15.512 0.249 -3.959 -3.709 16.35 0.00 -3.709 16.35 0.00 1.001 0.000
16.15 15.513 0.252 -3.961 -3.709 16.35 0.00 -3.709 16.35 0.00 1.001 0.000
16.25 15.513 0.254 -3.963 -3.709 16.35 0.00 -3.709 16.35 0.00 1.001 0.000
16.35 15.514 0.256 -3.965 -3.709 16.35 0.00 -3.709 16.35 0.00 1.001 0.000
16.45 15.515 0.258 -3.967 -3.709 16.35 0.00 -3.709 16.35 0.00 1.000 0.000
16.55 15.515 0.259 -3.969 -3.709 16.35 0.00 -3.709 16.35 0.00 1.000 0.000
16.65 15.516 0.261 -3.970 -3.709 16.35 0.00 -3.709 16.35 0.00 1.000 0.000
16.75 15.516 0.263 -3.972 -3.709 16.35 0.00 -3.709 16.35 0.00 1.000 0.000
16.85 15.517 0.264 -3.973 -3.709 16.35 0.00 -3.709 16.35 0.00 1.000 0.000
16.95 15.517 0.265 -3.974 -3.709 16.35 0.00 -3.709 16.35 0.00 1.000 0.000
17.05 15.517 0.267 -3.975 -3.709 16.35 0.00 -3.709 16.35 0.00 1.000 0.000
17.15 15.518 0.268 -3.977 -3.709 16.35 0.00 -3.709 16.35 0.00 1.000 0.000
17.25 15.518 0.269 -3.978 -3.709 16.35 0.00 -3.709 16.35 0.00 1.000 0.000
17.35 15.519 0.270 -3.979 -3.709 16.35 0.00 -3.709 16.35 0.00 1.000 0.000
17.45 15.519 0.271 -3.979 -3.709 16.35 0.00 -3.709 16.35 0.00 1.000 0.000
17.55 15.519 0.272 -3.980 -3.709 16.35 0.00 -3.709 16.35 0.00 1.000 0.000
17.65 15.519 0.272 -3.981 -3.709 16.35 0.00 -3.709 16.35 0.00 1.000 0.000
17.75 15.520 0.273 -3.982 -3.709 16.35 0.00 -3.708 16.35 0.00 1.000 0.000
17.85 15.520 0.274 -3.983 -3.709 16.35 0.00 -3.708 16.35 0.00 1.000 0.000
17.95 15.520 0.275 -3.983 -3.709 16.35 0.00 -3.708 16.35 0.00 1.000 0.000
18.05 15.520 0.275 -3.984 -3.709 16.35 0.00 -3.708 16.35 0.00 1.000 0.000
18.15 15.520 0.276 -3.984 -3.709 16.35 0.00 -3.708 16.35 0.00 1.000 0.000
18.25 15.521 0.276 -3.985 -3.709 16.35 0.00 -3.708 16.35 0.00 1.000 0.000
18.35 15.521 0.277 -3.985 -3.708 16.35 0.00 -3.708 16.35 0.00 1.000 0.000
18.45 15.521 0.277 -3.986 -3.708 16.35 0.00 -3.708 16.35 0.00 1.000 0.000
18.55 15.521 0.278 -3.986 -3.708 16.35 0.00 -3.708 16.35 0.00 1.000 0.000
18.65 15.521 0.278 -3.987 -3.708 16.35 0.00 -3.708 16.35 0.00 1.000 0.000
18.75 15.521 0.279 -3.987 -3.708 16.35 0.00 -3.708 16.35 0.00 1.000 0.000
18.85 15.521 0.279 -3.987 -3.708 16.35 0.00 -3.708 16.35 0.00 1.000 0.000
18.95 15.521 0.279 -3.988 -3.708 16.35 0.00 -3.708 16.35 0.00 1.000 0.000
19.05 15.522 0.280 -3.988 -3.708 16.35 0.00 -3.708 16.35 0.00 1.000 0.000
19.15 15.522 0.280 -3.988 -3.708 16.35 0.00 -3.708 16.35 0.00 1.000 0.000
19.25 15.522 0.280 -3.988 -3.708 16.35 0.00 -3.708 16.35 0.00 1.000 0.000
19.35 15.522 0.280 -3.989 -3.708 16.35 0.00 -3.708 16.35 0.00 1.000 0.000
19.45 15.522 0.281 -3.989 -3.708 16.35 0.00 -3.708 16.35 0.00 1.000 0.000
19.55 15.522 0.281 -3.989 -3.708 16.35 0.00 -3.708 16.35 0.00 1.000 0.000
19.65 15.522 0.281 -3.989 -3.708 16.35 0.00 -3.708 16.35 0.00 1.000 0.000
19.75 15.522 0.281 -3.989 -3.708 16.35 0.00 -3.708 16.35 0.00 1.000 0.000
19.85 15.522 0.281 -3.990 -3.708 16.35 0.00 -3.708 16.35 0.00 1.000 0.000
19.95 15.522 0.281 -3.990 -3.708 16.35 0.00 -3.708 16.35 0.00 1.000 0.000
